static/data/wind5.json
{"header": { "parameterNumberName": "northward_wind", "parameterUnit": "m.s-1", "parameterNumber": 3, "parameterCategory": 2, "nx": 121, "ny": 221, "numberPoints": 26741, "dx": 0.005000000000000071, "dy": 0.005000000000000006, "la1": -31.6, "lo1": 115.3, "la2": -32.7, "lo2": 115.9, "refTime": "2022-11-25 06:00:00" }, "data":
[rows 63 to 83 of 221, columns 49 to 97 of 121]
-1.0789999961853027,-1.0740000009536743,-1.062000036239624,-0.9960000514984131,-0.9579999446868896,-0.8510000109672546,-0.7989999651908875,-1.0189999341964722,-0.8860000371932983,-0.9160000085830688,-0.9409999847412109,-0.7400000095367432,-0.6159999966621399,-0.5799999833106995,-0.5770000219345093,-0.5230000019073486,-0.5329999923706055,-0.5379999876022339,-0.4440000057220459,-0.29899999499320984,-0.28999999165534973,-0.47600001096725464,-0.14000000059604645,-0.10599999874830246,0.328000009059906,0.003999999724328518,-0.16899999976158142,-0.015000000596046448,-0.013000000268220901,-0.21799999475479126,0.04100000113248825,-0.09800000488758087,-0.14399999380111694,-0.35600000619888306,-0.20500001311302185,-0.30400002002716064,-0.24800001084804535,-0.07400000095367432,-0.003000000026077032,-0.11500000208616257,0.13199999928474426,0.21799999475479126,0.0,0.0,0.0,0.0,0.0,0.0,0.0
-1.034000039100647,-1.0320000648498535,-0.9810000061988831,-0.9120000004768372,-0.8340000510215759,-0.781999945640564,-0.8380000591278076,-0.9000000357627869,-0.7310000061988831,-0.7249999642372131,-0.7710000276565552,-0.8619999885559082,-0.753000020980835,-0.7050000429153442,-0.6949999928474426,-0.6019999980926514,-0.5260000228881836,-0.5119999647140503,-0.5139999985694885,-0.3630000054836273,-0.28299999237060547,-0.39399999380111694,-0.4269999861717224,-0.028999999165534973,0.24700000882148743,0.00699999975040555,-0.16699999570846558,-0.04600000008940697,-0.05400000140070915,-0.2529999911785126,-0.023000000044703484,-0.1340000033378601,-0.14000000059604645,-0.3540000021457672,-0.19600000977516174,-0.3059999942779541,-0.25099998712539673,-0.12099999934434891,-0.03199999779462814,-0.09800000488758087,0.23399999737739563,0.04999999701976776,0.0,0.0,0.0,0.0,0.0,0.0,0.0
-1.024999976158142,-0.9780000448226929,-0.9040000438690186,-0.8039999604225159,-0.6949999928474426,-0.8009999990463257,-0.8930000066757202,-0.7870000004768372,-0.6700000166893005,-0.64000004529953,-0.5950000286102295,-0.6880000233650208,-0.8980000019073486,-0.8619999885559082,-0.777999997138977,-0.6959999799728394,-0.5490000247955322,-0.4899999797344208,-0.48900002241134644,-0.5,-0.3240000009536743,-0.35600000619888306,-0.5680000185966492,-0.05700000002980232,0.09800000488758087,0.1080000028014183,-0.1119999960064888,-0.19900000095367432,-0.08399999886751175,-0.2879999876022339,-0.07400000095367432,-0.15699999034404755,-0.11599999666213989,-0.33899998664855957,-0.22299998998641968,-0.2580000162124634,-0.21700000762939453,-0.15699999034404755,-0.024000000208616257,-0.04699999839067459,0.057999998331069946,-0.049000002443790436,0.0,0.0,0.0,0.0,0.0,0.0,0.0
-1.0220000743865967,-0.9520000219345093,-0.8299999833106995,-0.6940000057220459,-0.7739999890327454,-0.8669999837875366,-0.7120000123977661,-0.6140000224113464,-0.6290000081062317,-0.6080000400543213,-0.6010000109672546,-0.6190000176429749,-0.7850000262260437,-1.0059999227523804,-0.878000020980835,-0.7199999690055847,-0.6179999709129333,-0.49400001764297485,-0.49300000071525574,-0.5360000133514404,-0.4870000183582306,-0.3720000088214874,-0.33100003004074097,-0.12700000405311584,-0.17999999225139618,0.22600001096725464,-0.12400000542402267,-0.2789999842643738,-0.27799999713897705,-0.32999998331069946,-0.11599999666213989,-0.11300000548362732,-0.04800000041723251,-0.31300002336502075,-0.26100000739097595,-0.210999995470047,-0.23399999737739563,-0.14300000667572021,-0.1080000028014183,-0.09800000488758087,-0.001999999862164259,-0.06499999761581421,0.0,0.0,0.0,0.0,0.0,0.0,0.0
-0.9040000438690186,-0.8450000286102295,-0.7100000381469727,-0.7280000448226929,-0.7639999389648438,-0.7490000128746033,-0.5979999899864197,-0.5029999613761902,-0.5,-0.6169999837875366,-0.6480000019073486,-0.6589999794960022,-0.7509999871253967,-0.8789999485015869,-0.9639999866485596,-0.7890000343322754,-0.706000030040741,-0.5889999866485596,-0.5110000371932983,-0.5410000085830688,-0.6290000081062317,-0.3999999761581421,-0.26600000262260437,-0.11300000548362732,-0.203000009059906,0.24900001287460327,-0.125,-0.41600000858306885,-0.40800002217292786,-0.3449999988079071,-0.15599998831748962,-0.04100000113248825,-0.03800000250339508,-0.35899999737739563,-0.2680000066757202,-0.2840000092983246,-0.27000001072883606,-0.18700000643730164,-0.16899999976158142,-0.13699999451637268,-0.06499999761581421,-0.06300000101327896,0.0,0.0,0.0,0.0,0.0,0.0,0.0
-0.7870000004768372,-0.6620000600814819,-0.6230000257492065,-0.7410000562667847,-0.48900002241134644,-0.5740000009536743,-0.590999960899353,-0.5019999742507935,-0.5139999985694885,-0.5950000286102295,-0.722000002861023,-0.7350000143051147,-0.7170000076293945,-0.7720000147819519,-0.8479999899864197,-0.9420000314712524,-0.8289999961853027,-0.7029999494552612,-0.5809999704360962,-0.5400000214576721,-0.5609999895095825,-0.4179999828338623,-0.10700000822544098,-0.07699999958276749,-0.44699999690055847,0.19600000977516174,-0.17399999499320984,-0.406000018119812,-0.45000001788139343,-0.3700000047683716,-0.24199999868869781,-0.1080000028014183,-0.04800000041723251,-0.3700000047683716,-0.28999999165534973,-0.33899998664855957,-0.32099997997283936,-0.22200000286102295,-0.22500000894069672,-0.14399999380111694,-0.06800000369548798,-0.05900000035762787,0.0,0.0,0.0,0.0,0.0,0.0,0.0
-0.4860000014305115,-0.1119999960064888,-0.6129999756813049,-0.5209999680519104,-0.4710000157356262,-0.5009999871253967,-0.5659999847412109,-0.5479999780654907,-0.5680000185966492,-0.6679999828338623,-0.7329999804496765,-0.7879999876022339,-0.7689999938011169,-0.7549999952316284,-0.7940000295639038,-1.003999948501587,-0.9920000433921814,-0.8500000238418579,-0.6729999780654907,-0.5160000324249268,-0.4620000123977661,-0.32999998331069946,-0.2160000056028366,-0.26499998569488525,-0.5400000214576721,-0.1889999955892563,-0.21700000762939453,-0.414000004529953,-0.4690000116825104,-0.4259999990463257,-0.28700000047683716,-0.13099999725818634,-0.09700000286102295,-0.4269999861717224,-0.3229999840259552,-0.421999990940094,-0.38100001215934753,-0.2630000114440918,-0.2370000034570694,-0.12700000405311584,0.06300000101327896,-0.027000000700354576,0.0,0.0,0.0,0.0,0.0,0.0,0.0
-0.0279999990016222,-0.08799999952316284,-0.37599998712539673,-0.5379999876022339,-0.5669999718666077,-0.4919999837875366,-0.4620000123977661,-0.6710000038146973,-0.7630000114440918,-0.7710000276565552,-0.777999997138977,-0.8030000329017639,-0.8450000286102295,-0.8149999976158142,-0.8240000009536743,-0.9229999780654907,-1.0460000038146973,-0.9629999995231628,-0.8100000023841858,-0.5860000252723694,-0.5059999823570251,-0.4909999966621399,-0.40299999713897705,-0.33899998664855957,-0.4179999828338623,-0.3330000042915344,-0.2750000059604645,-0.5160000324249268,-0.5249999761581421,-0.42399999499320984,-0.22100000083446503,-0.29600000381469727,-0.30300000309944153,-0.47699999809265137,-0.3440000116825104,-0.3840000033378601,-0.3109999895095825,-0.2619999945163727,-0.22100000083446503,0.020999999716877937,0.42899999022483826,0.001999999862164259,0.0,0.0,0.0,0.0,0.0,0.0,0.0
0.19200000166893005,0.02199999988079071,-0.25999999046325684,-0.45100000500679016,-0.5400000214576721,-0.6279999613761902,-0.5590000152587891,-0.6639999747276306,-0.8649999499320984,-0.8420000076293945,-0.8539999723434448,-0.8739999532699585,-0.8939999938011169,-0.8980000019073486,-0.8550000190734863,-0.8910000324249268,-0.9619999527931213,-1.0469999313354492,-0.9900000095367432,-0.7670000195503235,-0.6290000081062317,-0.6230000257492065,-0.5559999942779541,-0.3669999837875366,-0.4300000071525574,-0.32200002670288086,-0.3530000150203705,-0.5920000076293945,-0.5799999833106995,-0.41200000047683716,-0.27399998903274536,-0.5239999890327454,-0.43400001525878906,-0.41499999165534973,-0.33100003004074097,-0.3610000014305115,-0.328000009059906,-0.30300000309944153,-0.26899999380111694,-0.21799999475479126,0.12700000405311584,0.005000000353902578,0.0,0.0,0.0,0.0,0.0,0.0,0.0
0.22500000894069672,0.3460000157356262,0.23499998450279236,-0.48900002241134644,-0.46000000834465027,-0.5730000138282776,-0.7419999837875366,-0.7940000295639038,-0.949999988079071,-0.9290000200271606,-0.9279999732971191,-0.9650000333786011,-1.0010000467300415,-0.9579999446868896,-0.9240000247955322,-0.925000011920929,-0.9869999885559082,-1.1050000190734863,-1.1330000162124634,-0.8969999551773071,-0.7329999804496765,-0.7020000219345093,-0.6610000133514404,-0.47699999809265137,-0.4449999928474426,-0.39500001072883606,-0.39000001549720764,-0.6239999532699585,-0.6019999980926514,-0.47600001096725464,-0.2529999911785126,-0.699999988079071,-0.5170000195503235,-0.45100000500679016,-0.375,-0.4440000057220459,-0.4100000262260437,-0.3489999771118164,-0.3100000023841858,-0.31700000166893005,-0.2449999898672104,-0.07000000029802322,0.0,0.0,0.0,0.0,0.0,0.0,0.0
0.2239999920129776,0.4259999990463257,0.020999999716877937,-0.5579999685287476,-0.7940000295639038,-0.706000030040741,-0.7910000085830688,-0.9679999947547913,-1.0839999914169312,-1.0989999771118164,-1.031000018119812,-1.1180000305175781,-1.11899995803833,-1.0479999780654907,-1.034000039100647,-0.9799999594688416,-1.0220000743865967,-1.11899995803833,-1.1670000553131104,-1.0369999408721924,-0.8289999961853027,-0.7569999694824219,-0.7609999775886536,-0.6270000338554382,-0.48000001907348633,-0.37700000405311584,-0.4399999976158142,-0.6430000066757202,-0.6669999361038208,-0.5019999742507935,-0.5209999680519104,-0.49300000071525574,-0.9290000200271606,-0.5320000052452087,-0.4179999828338623,-0.49300000071525574,-0.4179999828338623,-0.34299999475479126,-0.3240000009536743,-0.3709999918937683,-0.2720000147819519,-0.07199999690055847,0.0,0.0,0.0,0.0,0.0,0.0,0.0
0.12999999523162842,0.2919999957084656,-0.21400001645088196,-0.5490000247955322,-0.9210000038146973,-1.1510000228881836,-1.0889999866485596,-1.0809999704360962,-1.24399995803833,-1.2899999618530273,-1.2540000677108765,-1.2109999656677246,-1.2510000467300415,-1.25,-1.1770000457763672,-1.0829999446868896,-1.1080000400543213,-1.1469999551773071,-1.212999939918518,-1.180999994277954,-0.9480000138282776,-0.8399999737739563,-0.8680000305175781,-0.7910000085830688,-0.5360000133514404,-0.5040000081062317,-0.550000011920929,-0.597000002861023,-0.640999972820282,-0.6089999675750732,-0.687000036239624,-0.6089999675750732,-0.859000027179718,-0.5350000262260437,-0.3959999978542328,-0.4690000116825104,-0.4190000295639038,-0.37700000405311584,-0.37300002574920654,-0.4230000078678131,-0.3100000023841858,-0.0729999989271164,0.0,0.0,0.0,0.0,0.0,0.0,0.0
-0.0139999995008111,-0.2580000162124634,-0.8700000047683716,-1.0189999341964722,-0.9869999885559082,-1.3140000104904175,-1.5449999570846558,-1.6019999980926514,-1.6030000448226929,-1.569000005722046,-1.5369999408721924,-1.4290000200271606,-1.4149999618530273,-1.4480000734329224,-1.3600001335144043,-1.2649999856948853,-1.222000002861023,-1.187999963760376,-1.2710000276565552,-1.2899999618530273,-1.0899999141693115,-0.9799999594688416,-0.9880000352859497,-0.9839999675750732,-0.6679999828338623,-0.7680000066757202,-0.6570000052452087,-0.6909999847412109,-0.7230000495910645,-0.652999997138977,-0.7089999914169312,-0.675000011920929,-0.8600000143051147,-0.5230000019073486,-0.4100000262260437,-0.5110000371932983,-0.46000000834465027,-0.4129999876022339,-0.41499999165534973,-0.45100000500679016,-0.33500000834465027,-0.06399999558925629,0.0,0.0,0.0,0.0,0.0,0.0,0.0
-0.41499999165534973,-1.0770000219345093,-1.596000075340271,-1.7939999103546143,-1.6850000619888306,-1.694000005722046,-2.066999912261963,-2.116000175476074,-2.056999921798706,-1.9980000257492065,-1.872999906539917,-1.7360000610351562,-1.6410000324249268,-1.680999994277954,-1.5719999074935913,-1.4869999885559082,-1.4059998989105225,-1.2950000762939453,-1.3230000734329224,-1.36899995803833,-1.2330000400543213,-1.1209999322891235,-1.1100000143051147,-1.128999948501587,-0.9149999618530273,-1.0450000762939453,-0.8169999718666077,-0.8519999980926514,-0.8429999351501465,-0.7109999656677246,-0.7389999628067017,-0.7350000143051147,-0.8789999485015869,-0.5849999785423279,-0.46000000834465027,-0.5509999990463257,-0.48399999737739563,-0.453000009059906,-0.4699999690055847,-0.5049999952316284,-0.3819999694824219,-0.052000001072883606,0.0,0.0,0.0,0.0,0.0,0.0,0.0
-0.2199999988079071,-2.4250001907348633,-2.547999858856201,-2.6409997940063477,-2.49399995803833,-2.6089999675750732,-2.818999767303467,-2.7289998531341553,-2.806999921798706,-2.7239999771118164,-2.49399995803833,-2.0939998626708984,-1.940000057220459,-1.8849999904632568,-1.7409999370574951,-1.678999900817871,-1.5889999866485596,-1.439000129699707,-1.4160000085830688,-1.4670000076293945,-1.3840000629425049,-1.2669999599456787,-1.2690000534057617,-1.3510000705718994,-1.3380000591278076,-1.1209999322891235,-0.8889999985694885,-0.9810000061988831,-0.9269999861717224,-0.7319999933242798,-0.8059999942779541,-0.8659999966621399,-0.9009999632835388,-0.6200000047683716,-0.4950000047683716,-0.597000002861023,-0.5519999861717224,-0.527999997138977,-0.550000011920929,-0.578000009059906,-0.45399999618530273,0.04399999976158142,0.0,0.0,0.0,0.0,0.0,0.0,0.0
0.40700000524520874,-2.1670000553131104,-3.5220000743865967,-3.129999876022339,-2.9489998817443848,-3.1060001850128174,-3.559000015258789,-3.5870001316070557,-3.506999969482422,-3.244999885559082,-3.052000045776367,-2.697999954223633,-2.4189999103546143,-2.2890000343322754,-2.0490000247955322,-1.9329999685287476,-1.8970000743865967,-1.7319999933242798,-1.597999930381775,-1.6349999904632568,-1.5579999685287476,-1.4800000190734863,-1.5429999828338623,-1.5859999656677246,-1.4910000562667847,-1.1800000667572021,-0.9049999713897705,-0.9380000233650208,-0.9079999923706055,-0.7509999871253967,-0.8140000104904175,-0.9070000052452087,-0.9269999861717224,-0.6629999876022339,-0.5540000200271606,-0.6729999780654907,-0.6190000176429749,-0.6050000190734863,-0.6389999985694885,-0.6700000166893005,-0.527999997138977,0.42100000381469727,0.0,0.0,0.0,0.0,0.2150000035762787,-0.06399999558925629,0.0
0.017999999225139618,-0.9889999628067017,-2.628999948501587,-3.078000068664551,-3.2309999465942383,-3.684000015258789,-4.288000106811523,-4.160999774932861,-4.434000015258789,-3.9539999961853027,-3.7319998741149902,-3.4150002002716064,-3.1470000743865967,-3.075000047683716,-2.5220000743865967,-2.3440001010894775,-2.2239999771118164,-2.2100000381469727,-1.9730000495910645,-1.9249999523162842,-1.808000087738037,-1.753000020980835,-1.8350000381469727,-1.8340001106262207,-1.6769999265670776,-1.1920000314712524,-0.8919999599456787,-0.8529999852180481,-0.8429999351501465,-0.7490000128746033,-0.8700000047683716,-0.9179999828338623,-0.9350000619888306,-0.6990000009536743,-0.5900000333786011,-0.7069999575614929,-0.6940000057220459,-0.6970000267028809,-0.7100000381469727,-0.7150000333786011,-0.5870000123977661,-0.035999998450279236,0.0,0.0,0.0,0.0,0.35600000619888306,-0.39399999380111694,-0.3149999976158142
0.0,0.044999998062849045,-0.9860000014305115,-2.0889999866485596,-3.248000144958496,-3.812999963760376,-4.46999979019165,-4.380000114440918,-4.878999710083008,-4.39300012588501,-4.289000034332275,-4.26099967956543,-3.9739999771118164,-3.6660001277923584,-3.0169999599456787,-2.8450000286102295,-2.8299999237060547,-2.7799999713897705,-2.496999979019165,-2.241999864578247,-2.072999954223633,-2.114000082015991,-2.197999954223633,-1.9920001029968262,-1.7720000743865967,-1.1440000534057617,-0.8330000042915344,-0.7989999651908875,-0.9070000052452087,-0.8330000042915344,-0.8160000443458557,-0.9459999799728394,-0.9390000104904175,-0.7179999947547913,-0.6470000147819519,-0.7900000214576721,-0.7400000095367432,-0.7249999642372131,-0.7300000190734863,-0.7069999575614929,-0.5600000023841858,-0.001999999862164259,0.0,0.0,0.0,0.0,0.13099999725818634,-0.35500001907348633,-0.13099999725818634
0.0,0.0,0.0,-0.6880000233650208,-3.50600004196167,-3.5920000076293945,-4.2210001945495605,-4.248000144958496,-4.821000099182129,-4.909999847412109,-4.383999824523926,-4.243000030517578,-4.075999736785889,-4.14900016784668,-3.424999952316284,-3.294999837875366,-3.4119999408721924,-3.2220001220703125,-2.861999988555908,-2.442000150680542,-2.253999948501587,-2.3889999389648438,-2.4110000133514404,-2.1070001125335693,-1.912000060081482,-1.1740000247955322,-0.7769999504089355,-0.7760000228881836,-0.8500000238418579,-0.8500000238418579,-0.7289999723434448,-0.8389999866485596,-0.8840000033378601,-0.753000020980835,-0.6610000133514404,-0.8140000104904175,-0.7749999761581421,-0.7419999837875366,-0.6920000314712524,-0.5929999947547913,-0.5080000162124634,0.032999999821186066,0.0,0.0,0.0,0.0,-0.39500001072883606,-0.01599999889731407,0.15299999713897705
0.0,0.0,0.46399998664855957,-0.7699999809265137,-2.5929999351501465,-3.1369998455047607,-3.8319997787475586,-3.982999801635742,-4.895999908447266,-4.619999885559082,-4.39900016784668,-4.21999979019165,-4.24399995803833,-4.63700008392334,-3.6399998664855957,-3.5260000228881836,-3.610999822616577,-3.3389999866485596,-2.996000051498413,-2.499000072479248,-2.3929998874664307,-2.5209999084472656,-2.388000011444092,-2.172999858856201,-2.0390000343322754,-1.2450000047683716,-0.7450000047683716,-0.7960000038146973,-0.843999981880188,-0.7649999856948853,-0.6819999814033508,-0.8359999656677246,-0.8320000171661377,-0.7289999723434448,-0.6660000085830688,-0.8680000305175781,-0.7879999876022339,-0.7490000128746033,-0.621999979019165,-0.5119999647140503,-0.46700000762939453,0.010999999940395355,0.0,0.0,0.0,0.0,-0.3070000112056732,-0.0949999988079071,-0.40199998021125793
0.2770000100135803,0.26899999380111694,0.032999999821186066,-1.49399995803833,-1.9700000286102295,-2.5420000553131104,-3.3539998531341553,-3.5879998207092285,-4.210000038146973,-4.253000259399414,-4.25600004196167,-4.246000289916992,-4.428999900817871,-4.533999919891357,-3.7619998455047607,-3.6640000343322754,-3.5310001373291016,-3.253000020980835,-2.953000068664551,-2.496999979019165,-2.4700000286102295,-2.433000087738037,-2.0510001182556152,-1.8830000162124634,-1.5049999952316284,-1.1230000257492065,-0.8320000171661377,-0.8510000109672546,-0.8309999704360962,-0.6940000057220459,-0.699999988079071,-0.9079999923706055,-0.7670000195503235,-0.5789999961853027,-0.6830000281333923,-0.64000004529953,-0.6380000114440918,-0.7879999876022339,-0.5860000252723694,-0.5119999647140503,-0.4520000219345093,0.010999999940395355,0.0,0.0,0.0,0.0,0.0,-0.5389999747276306,-0.45100000500679016
