static/data/wind9.json
{"header": { "parameterNumberName": "northward_wind", "parameterUnit": "m.s-1", "parameterNumber": 3, "parameterCategory": 2, "nx": 121, "ny": 221, "numberPoints": 26741, "dx": 0.005000000000000071, "dy": 0.005000000000000006, "la1": -31.6, "lo1": 115.3, "la2": -32.7, "lo2": 115.9, "refTime": "2022-11-25 14:00:00" }, "data":
[rows 105 to 125 of 221, columns 0 to 48 of 121]
0.0,0.0,0.0,0.0,0.0,0.0,0.0,-1.5069999694824219,-0.328000009059906,-0.48399999737739563,-0.7480000257492065,-1.0479999780654907,-1.3259999752044678,-1.5649999380111694,-1.7519999742507935,-1.9059998989105225,-2.0230000019073486,-2.0909998416900635,-2.111999988555908,-2.196000099182129,-2.26200008392334,-2.316999912261963,-2.3610000610351562,-2.3320000171661377,-2.3949999809265137,-2.4819998741149902,-2.506999969482422,-2.5160000324249268,-2.442000150680542,-2.2730000019073486,-2.250999927520752,-2.1529998779296875,-2.0280001163482666,-1.8199999332427979,-1.6400001049041748,-1.4900000095367432,-1.3660000562667847,-1.1790000200271606,-0.9799999594688416,-0.784000039100647,-0.6759999990463257,-0.6549999713897705,-0.6660000085830688,-0.6809999942779541,-0.8340000510215759,-1.0090000629425049,-1.1890000104904175,-1.4049999713897705,-1.5759999752044678
0.0,0.0,0.0,0.0,0.0,0.0,0.0,-1.5829999446868896,-0.3929999768733978,-0.5559999942779541,-0.8330000042915344,-1.149999976158142,-1.4259999990463257,-1.659000039100647,-1.84499990940094,-2.011000156402588,-2.1430001258850098,-2.184999942779541,-2.2039999961853027,-2.195000171661377,-2.2059998512268066,-2.244999885559082,-2.2880001068115234,-2.2980000972747803,-2.4140000343322754,-2.5320000648498535,-2.5440001487731934,-2.4660000801086426,-2.4509999752044678,-2.3420000076293945,-2.1529998779296875,-2.0510001182556152,-2.007999897003174,-1.8229999542236328,-1.6369999647140503,-1.4769999980926514,-1.377000093460083,-1.2170000076293945,-1.0320000648498535,-0.8410000205039978,-0.7240000367164612,-0.6629999876022339,-0.671999990940094,-0.7069999575614929,-0.843999981880188,-1.0329999923706055,-1.2039999961853027,-1.4030001163482666,-1.5770000219345093
0.0,0.0,0.0,0.0,0.0,0.0,0.0,-1.659000039100647,-0.4560000002384186,-0.6299999952316284,-0.9329999685287476,-1.2540000677108765,-1.5369999408721924,-1.7659999132156372,-1.9459999799728394,-2.1070001125335693,-2.2360000610351562,-2.2690000534057617,-2.265000104904175,-2.255000114440918,-2.253999948501587,-2.256999969482422,-2.25,-2.2190001010894775,-2.327000141143799,-2.442999839782715,-2.506999969482422,-2.4760000705718994,-2.38100004196167,-2.328000068664551,-2.119999885559082,-2.0180001258850098,-1.941999912261963,-1.812000036239624,-1.6359999179840088,-1.5139999389648438,-1.4249999523162842,-1.2999999523162842,-1.1169999837875366,-0.9259999990463257,-0.784000039100647,-0.6790000200271606,-0.6940000057220459,-0.7280000448226929,-0.8149999976158142,-1.0220000743865967,-1.212999939918518,-1.4040000438690186,-1.6100000143051147
0.0,0.0,0.0,0.0,0.0,0.0,0.0,-1.597999930381775,-0.531000018119812,-0.7120000123977661,-1.027999997138977,-1.3600001335144043,-1.6449999809265137,-1.877000093460083,-2.059999942779541,-2.2200000286102295,-2.3289999961853027,-2.3379998207092285,-2.32099986076355,-2.2899999618530273,-2.2920000553131104,-2.2910001277923584,-2.2810001373291016,-2.234999895095825,-2.2960000038146973,-2.3589999675750732,-2.388000011444092,-2.4140000343322754,-2.3580000400543213,-2.240000009536743,-2.0490000247955322,-1.9620000123977661,-1.8739999532699585,-1.8029999732971191,-1.650999903678894,-1.527000069618225,-1.4380000829696655,-1.3629999160766602,-1.190999984741211,-1.0210000276565552,-0.8500000238418579,-0.7310000061988831,-0.7050000429153442,-0.7609999775886536,-0.8149999976158142,-1.0239999294281006,-1.221000075340271,-1.4170000553131104,-1.659000039100647
0.0,0.0,0.0,0.0,0.0,0.0,0.0,-1.5139999389648438,-0.6040000319480896,-0.7980000376701355,-1.1330000162124634,-1.465999960899353,-1.7470000982284546,-1.9739999771118164,-2.1559998989105225,-2.3359999656677246,-2.442000150680542,-2.434000015258789,-2.378000020980835,-2.319000005722046,-2.309000015258789,-2.305000066757202,-2.2849998474121094,-2.240999937057495,-2.303999900817871,-2.363999843597412,-2.3559999465942383,-2.365999937057495,-2.305999994277954,-2.174999952316284,-1.9840000867843628,-1.8529999256134033,-1.7640000581741333,-1.6970000267028809,-1.5440000295639038,-1.5390000343322754,-1.4359999895095825,-1.4010000228881836,-1.28000009059906,-1.1159999370574951,-0.9200000166893005,-0.7829999923706055,-0.7280000448226929,-0.7749999761581421,-0.7940000295639038,-1.034999966621399,-1.2230000495910645,-1.4300000667572021,-1.6110000610351562
0.0,0.0,0.0,0.0,0.0,0.0,0.0,-1.4679999351501465,-0.6909999847412109,-0.8910000324249268,-1.2450000047683716,-1.5850000381469727,-1.8580000400543213,-2.062000036239624,-2.2360000610351562,-2.4160001277923584,-2.5220000743865967,-2.5230000019073486,-2.440999984741211,-2.367000102996826,-2.3350000381469727,-2.310999870300293,-2.2769999504089355,-2.2190001010894775,-2.2880001068115234,-2.3410000801086426,-2.3379998207092285,-2.3399999141693115,-2.2690000534057617,-2.119999885559082,-1.9169999361038208,-1.7879999876022339,-1.694000005722046,-1.5870000123977661,-1.4499999284744263,-1.4229999780654907,-1.4429999589920044,-1.437000036239624,-1.3389999866485596,-1.13100004196167,-0.9449999928474426,-0.7999999523162842,-0.7450000047683716,-0.7929999828338623,-0.8160000443458557,-1.0069999694824219,-1.2580000162124634,-1.431999921798706,-1.5780000686645508
0.0,0.0,0.0,0.0,0.0,0.0,0.0,-1.4100000858306885,-0.7800000309944153,-0.9990000128746033,-1.3680000305175781,-1.7059999704360962,-1.9730000495910645,-2.169999837875366,-2.309999942779541,-2.492000102996826,-2.5850000381469727,-2.569000244140625,-2.4830000400543213,-2.3970000743865967,-2.3540000915527344,-2.32099986076355,-2.2750000953674316,-2.2039999961853027,-2.265000104904175,-2.316999912261963,-2.322000026702881,-2.312999963760376,-2.236999988555908,-2.0889999866485596,-1.8709999322891235,-1.7339999675750732,-1.628000020980835,-1.5320000648498535,-1.3950001001358032,-1.3279999494552612,-1.2430000305175781,-1.3799999952316284,-1.3730000257492065,-1.1319999694824219,-0.9509999752044678,-0.7900000214576721,-0.6690000295639038,-0.7569999694824219,-0.8320000171661377,-0.8700000047683716,-1.184000015258789,-1.4100000858306885,-1.5520000457763672
0.0,0.0,0.0,0.0,0.0,0.0,0.0,-1.3580000400543213,-0.8880000114440918,-1.121999979019165,-1.503000020980835,-1.8420000076293945,-2.0980000495910645,-2.253000020980835,-2.382999897003174,-2.559000015258789,-2.638000011444092,-2.6110000610351562,-2.499000072479248,-2.4130001068115234,-2.3559999465942383,-2.318000078201294,-2.260999917984009,-2.187999963760376,-2.251999855041504,-2.296999931335449,-2.306999921798706,-2.2950000762939453,-2.2079999446868896,-2.0390000343322754,-1.8260000944137573,-1.6869999170303345,-1.565999984741211,-1.465000033378601,-1.3590000867843628,-1.3029999732971191,-1.2269999980926514,-1.1790000200271606,-1.277999997138977,-1.125,-1.1389999389648438,-0.9009999632835388,-0.7400000095367432,-0.6769999861717224,-0.812999963760376,-0.8659999966621399,-0.9939999580383301,-1.3600001335144043,-1.5279998779296875
0.0,0.0,0.0,0.0,0.0,0.0,0.0,-1.309000015258789,-0.9920000433921814,-1.2569999694824219,-1.6439999341964722,-1.972000002861023,-2.2230000495910645,-2.3630001544952393,-2.4609999656677246,-2.628999948501587,-2.677999973297119,-2.638000011444092,-2.5189998149871826,-2.4169998168945312,-2.3519999980926514,-2.2950000762939453,-2.2339999675750732,-2.1470000743865967,-2.2249999046325684,-2.2730000019073486,-2.2910001277923584,-2.2740001678466797,-2.1540000438690186,-1.9900000095367432,-1.7910001277923584,-1.6369999647140503,-1.5149999856948853,-1.4210000038146973,-1.3339998722076416,-1.2909998893737793,-1.2380000352859497,-1.2039999961853027,-1.1850000619888306,-1.0740000009536743,-1.0899999141693115,-1.1480000019073486,-0.8489999771118164,-0.6959999799728394,-0.715999960899353,-0.8919999599456787,-0.9269999861717224,-1.1800000667572021,-1.5
0.0,0.0,0.0,0.0,0.0,0.0,0.0,-1.2599999904632568,-1.11899995803833,-1.3980000019073486,-1.7839999198913574,-2.1050000190734863,-2.3440001010894775,-2.449000120162964,-2.5369999408721924,-2.690000057220459,-2.7250001430511475,-2.6600000858306885,-2.5279998779296875,-2.4240000247955322,-2.3480000495910645,-2.2880001068115234,-2.2090001106262207,-2.109999895095825,-2.1710000038146973,-2.2190001010894775,-2.255000114440918,-2.246000051498413,-2.1009998321533203,-1.9210000038146973,-1.746000051498413,-1.562999963760376,-1.4480000734329224,-1.3819999694824219,-1.316999912261963,-1.2989999055862427,-1.2580000162124634,-1.2269999980926514,-1.1800000667572021,-1.0770000219345093,-0.9179999828338623,-1.13100004196167,-0.9670000076293945,-0.781999945640564,-0.6520000100135803,-0.8009999990463257,-0.949999988079071,-0.9729999899864197,-1.3050000667572021
0.0,0.0,0.0,0.0,0.0,0.0,0.0,-1.2100000381469727,-1.2380000352859497,-1.5399999618530273,-1.9249999523162842,-2.2209999561309814,-2.4560000896453857,-2.5460000038146973,-2.625,-2.763000011444092,-2.752000093460083,-2.6740000247955322,-2.5329999923706055,-2.421999931335449,-2.3429999351501465,-2.2790000438690186,-2.195000171661377,-2.0970001220703125,-2.1549999713897705,-2.202000141143799,-2.2179999351501465,-2.202000141143799,-2.0829999446868896,-1.90500009059906,-1.6949999332427979,-1.5109999179840088,-1.3899999856948853,-1.3230000734329224,-1.2999999523162842,-1.2929999828338623,-1.2610000371932983,-1.2309999465942383,-1.180999994277954,-1.0779999494552612,-0.9070000052452087,-0.9120000004768372,-1.0429999828338623,-0.9229999780654907,-0.7389999628067017,-0.6510000228881836,-0.8579999804496765,-0.9650000333786011,-1.1729999780654907
0.0,0.0,0.0,0.0,0.0,0.0,0.0,-1.1649999618530273,-1.374000072479248,-1.683000087738037,-2.0429999828338623,-2.3320000171661377,-2.552999973297119,-2.63100004196167,-2.7059998512268066,-2.8279998302459717,-2.806999921798706,-2.687000036239624,-2.5339999198913574,-2.4169998168945312,-2.3350000381469727,-2.2679998874664307,-2.179999828338623,-2.0820000171661377,-2.1500000953674316,-2.183000087738037,-2.187000036239624,-2.1629998683929443,-2.0370001792907715,-1.8619999885559082,-1.628999948501587,-1.465000033378601,-1.3629999160766602,-1.3009999990463257,-1.2730000019073486,-1.281999945640564,-1.2610000371932983,-1.2359999418258667,-1.1859999895095825,-1.0809999704360962,-0.9229999780654907,-0.7910000085830688,-0.9279999732971191,-0.9579999446868896,-0.7910000085830688,-0.675000011920929,-0.6920000314712524,-0.9099999666213989,-1.2170000076293945
0.0,0.0,0.0,0.0,0.0,0.0,0.0,-1.2170000076293945,-1.50600004196167,-1.8050000667572021,-2.1540000438690186,-2.425999879837036,-2.6429998874664307,-2.697000026702881,-2.7669999599456787,-2.885000228881836,-2.8279998302459717,-2.703000068664551,-2.5290000438690186,-2.4099998474121094,-2.319000005722046,-2.251999855041504,-2.1549999713897705,-2.065999984741211,-2.1559998989105225,-2.190000057220459,-2.186000108718872,-2.1540000438690186,-2.002000093460083,-1.790000081062317,-1.562000036239624,-1.3889999389648438,-1.3079999685287476,-1.2809998989105225,-1.2559999227523804,-1.2860000133514404,-1.2669999599456787,-1.2430000305175781,-1.1859999895095825,-1.0809999704360962,-0.9329999685287476,-0.8209999799728394,-0.9229999780654907,-0.9099999666213989,-0.8070000410079956,-0.7029999494552612,-0.687000036239624,-0.8020000457763672,-1.0700000524520874
0.0,0.0,0.0,0.0,0.0,0.0,0.0,-1.3539999723434448,-1.6429998874664307,-1.9429999589920044,-2.263000011444092,-2.5230000019073486,-2.7300000190734863,-2.7660000324249268,-2.815000057220459,-2.928999900817871,-2.8550000190734863,-2.7090001106262207,-2.5260000228881836,-2.3910000324249268,-2.2990000247955322,-2.2220001220703125,-2.11899995803833,-2.0290000438690186,-2.1470000743865967,-2.193000078201294,-2.197000026702881,-2.1640000343322754,-1.9200000762939453,-1.6680001020431519,-1.4980000257492065,-1.3240001201629639,-1.253000020980835,-1.2280000448226929,-1.2419999837875366,-1.2880001068115234,-1.2710000276565552,-1.246000051498413,-1.1850000619888306,-1.0779999494552612,-0.9369999766349792,-0.8190000057220459,-0.9369999766349792,-0.9020000100135803,-0.7800000309944153,-0.7039999961853027,-0.6970000267028809,-0.7100000381469727,-0.968999981880188
0.0,0.0,0.0,0.0,0.0,0.0,0.0,-1.4920001029968262,-1.781000018119812,-2.064000129699707,-2.372999906539917,-2.611999988555908,-2.806000232696533,-2.797999858856201,-2.8439998626708984,-2.9559998512268066,-2.865000009536743,-2.7090001106262207,-2.502000093460083,-2.36899995803833,-2.2660000324249268,-2.186000108718872,-2.069000005722046,-1.9900000095367432,-2.135999917984009,-2.194000005722046,-2.2120001316070557,-2.184000015258789,-1.847000002861023,-1.5970001220703125,-1.4279999732971191,-1.2730000019073486,-1.187999963760376,-1.1729999780654907,-1.2089999914169312,-1.287000060081482,-1.2730000019073486,-1.247999906539917,-1.181999921798706,-1.0709999799728394,-0.9390000104904175,-0.8179999589920044,-0.9529999494552612,-0.902999997138977,-0.7769999504089355,-0.6140000224113464,-0.6660000085830688,-0.6459999680519104,-0.9160000085830688
0.0,0.0,0.0,0.0,0.0,0.0,-2.618000030517578,-1.6480000019073486,-1.9230000972747803,-2.202000141143799,-2.4730000495910645,-2.7049999237060547,-2.8889999389648438,-2.8589999675750732,-2.868000030517578,-2.9750001430511475,-2.865999937057495,-2.702000141143799,-2.4769999980926514,-2.3340001106262207,-2.2290000915527344,-2.1419999599456787,-2.009000062942505,-1.9320000410079956,-2.1040000915527344,-2.178999900817871,-2.2279999256134033,-2.2059998512268066,-1.8109999895095825,-1.5320000648498535,-1.3619999885559082,-1.2179999351501465,-1.121999979019165,-1.1230000257492065,-1.187000036239624,-1.2860000133514404,-1.2760000228881836,-1.25,-1.1770000457763672,-1.065000057220459,-0.9390000104904175,-0.8270000219345093,-0.9790000319480896,-0.9089999794960022,-0.7590000629425049,-0.625,-0.5320000052452087,-0.5900000333786011,-0.8070000410079956
0.0,0.0,0.0,0.0,0.0,0.0,-2.694000005722046,-1.8019999265670776,-2.072000026702881,-2.315999984741211,-2.5789999961853027,-2.797999858856201,-2.9600000381469727,-2.878999948501587,-2.8970000743865967,-2.9830000400543213,-2.8600001335144043,-2.676999807357788,-2.434999942779541,-2.296999931335449,-2.191999912261963,-2.0980000495910645,-1.9550000429153442,-1.8809999227523804,-2.071000099182129,-2.186000108718872,-2.234999895095825,-2.2120001316070557,-1.7589999437332153,-1.4589999914169312,-1.2950000762939453,-1.1689999103546143,-1.0469999313354492,-1.059000015258789,-1.1699999570846558,-1.2909998893737793,-1.2829999923706055,-1.2549998760223389,-1.1759999990463257,-1.065999984741211,-0.9459999799728394,-0.8330000042915344,-0.9619999527931213,-0.8700000047683716,-0.6940000057220459,-0.6459999680519104,-0.640999972820282,-0.5809999704360962,-0.6650000214576721
0.0,0.0,0.0,0.0,0.0,0.0,-2.7690000534057617,-1.9789999723434448,-2.2200000286102295,-2.4560000896453857,-2.6750001907348633,-2.885999917984009,-3.0279998779296875,-2.924999952316284,-2.9120001792907715,-2.989000082015991,-2.8369998931884766,-2.6469998359680176,-2.381999969482422,-2.246999979019165,-2.1549999713897705,-2.056999921798706,-1.8809999227523804,-1.8229999542236328,-2.0339999198913574,-2.1629998683929443,-2.240999937057495,-2.2079999446868896,-1.6769999265670776,-1.3880000114440918,-1.2369999885559082,-1.13100004196167,-0.9729999899864197,-1.0119999647140503,-1.1430000066757202,-1.3070000410079956,-1.2999999523162842,-1.2669999599456787,-1.1790000200271606,-1.0540000200271606,-0.9229999780654907,-0.8079999685287476,-0.9539999961853027,-0.8640000224113464,-0.7100000381469727,-0.590999960899353,-0.5979999899864197,-0.6380000114440918,-0.6239999532699585
0.0,0.0,0.0,0.0,0.0,0.0,-2.8439998626708984,-2.1510000228881836,-2.375,-2.5510001182556152,-2.755999803543091,-2.9620001316070557,-3.0840001106262207,-2.947000026702881,-2.939000129699707,-3.003999948501587,-2.8320000171661377,-2.5989999771118164,-2.3239998817443848,-2.2149999141693115,-2.125999927520752,-2.0390000343322754,-1.8489999771118164,-1.7919999361038208,-2.0139999389648438,-2.1659998893737793,-2.250999927520752,-2.197000026702881,-1.6060000658035278,-1.3050000667572021,-1.194000005722046,-1.1069999933242798,-0.9089999794960022,-0.9960000514984131,-1.159999966621399,-1.3370000123977661,-1.3040000200271606,-1.253000020980835,-1.1549999713897705,-1.0369999408721924,-0.9329999685287476,-0.8579999804496765,-1.0069999694824219,-0.8880000114440918,-0.7360000014305115,-0.5950000286102295,-0.5799999833106995,-0.5339999794960022,-0.5460000038146973
0.0,0.0,0.0,0.0,0.0,0.0,-2.9179999828338623,-2.3450000286102295,-2.5209999084472656,-2.689000129699707,-2.8299999237060547,-3.0309998989105225,-3.1510000228881836,-2.9809999465942383,-2.9579999446868896,-3.013000011444092,-2.797999858856201,-2.554999828338623,-2.244999885559082,-2.1579999923706055,-2.0959999561309814,-2.0180001258850098,-1.8089998960494995,-1.7790000438690186,-2.0160000324249268,-2.187000036239624,-2.2690000534057617,-2.180999994277954,-1.5170000791549683,-1.2369999885559082,-1.1440000534057617,-1.093999981880188,-0.8529999852180481,-0.878000020980835,-1.1349999904632568,-1.3339998722076416,-1.2860000133514404,-1.2540000677108765,-1.1729999780654907,-1.0740000009536743,-0.9740000367164612,-0.9079999923706055,-1.055999994277954,-0.9120000004768372,-0.7769999504089355,-0.6040000319480896,-0.562999963760376,-0.5920000076293945,-0.6089999675750732
0.0,0.0,0.0,0.0,0.0,0.0,-2.992000102996826,-2.5310001373291016,-2.684000015258789,-2.7739999294281006,-2.8999998569488525,-3.052999973297119,-3.140000104904175,-2.985999822616577,-2.989000082015991,-3.0379998683929443,-2.800999879837036,-2.508000135421753,-2.169999837875366,-2.11899995803833,-2.066999912261963,-1.9980000257492065,-1.7699999809265137,-1.7599999904632568,-2.0290000438690186,-2.2130000591278076,-2.309999942779541,-2.197999954223633,-1.3590000867843628,-1.1430000066757202,-1.1360000371932983,-1.100000023841858,-0.8939999938011169,-0.7240000367164612,-1.0220000743865967,-1.2559999227523804,-1.3020000457763672,-1.2839999198913574,-1.2030000686645508,-1.1069999933242798,-1.0099999904632568,-0.9579999446868896,-1.1039999723434448,-0.9449999928474426,-0.8059999942779541,-0.6539999842643738,-0.546999990940094,-0.5920000076293945,-0.5820000171661377
