static/data/wind11.json
{"header": { "parameterNumberName": "northward_wind", "parameterUnit": "m.s-1", "parameterNumber": 3, "parameterCategory": 2, "nx": 121, "ny": 221, "numberPoints": 26741, "dx": 0.005000000000000071, "dy": 0.005000000000000006, "la1": -31.6, "lo1": 115.3, "la2": -32.7, "lo2": 115.9, "refTime": "2022-11-25 18:00:00" }, "data":
[rows 132 to 153 of 221, columns 49 to 97 of 121]
1.562000036239624,1.496000051498413,1.4470000267028809,1.4509999752044678,1.3629999160766602,1.184000015258789,1.149999976158142,1.184000015258789,0.9920000433921814,0.6129999756813049,0.41999998688697815,0.38600000739097595,0.26899999380111694,-0.0729999989271164,-0.39900001883506775,-0.4989999830722809,-0.35899999737739563,-0.18400000035762787,0.20600000023841858,0.1770000010728836,-0.20999999344348907,-0.35899999737739563,-0.17800000309944153,-0.0139999995008111,-0.12000000476837158,-0.2280000001192093,-0.0729999989271164,0.19999998807907104,0.48500001430511475,0.5209999680519104,0.38100001215934753,0.6589999794960022,1.0989999771118164,0.8270000219345093,1.1209999322891235,0.9700000286102295,1.1349999904632568,1.1050000190734863,0.8820000290870667,0.6230000257492065,0.11599999666213989,0.0,0.0,0.0,0.0,0.0,0.0,0.0,0.0
1.5320000648498535,1.474000096321106,1.4290000200271606,1.4229999780654907,1.3600001335144043,1.1490000486373901,1.1360000371932983,1.1269999742507935,1.0099999904632568,0.6970000267028809,0.4710000157356262,0.3959999978542328,0.3240000009536743,0.0,-0.375,-0.5989999771118164,-0.3659999966621399,-0.15200001001358032,0.13500000536441803,0.19500000774860382,-0.017000000923871994,-0.12299999594688416,-0.29999998211860657,-0.02499999850988388,-0.125,-0.03700000047683716,-0.328000009059906,-0.16499999165534973,0.7859999537467957,0.2789999842643738,0.2930000126361847,0.0,0.9319999814033508,0.6959999799728394,0.8910000324249268,0.9749999642372131,1.059999942779541,0.9790000319480896,0.7010000348091125,0.11699999868869781,0.0,0.0,0.0,0.0,0.0,0.0,0.0,0.0,0.0
1.5350000858306885,1.441999912261963,1.3910000324249268,1.3709999322891235,1.3550000190734863,1.2590000629425049,1.156000018119812,1.1069999933242798,1.0460000038146973,0.7949999570846558,0.5600000023841858,0.41999998688697815,0.37400001287460327,0.13099999725818634,-0.3059999942779541,-0.5370000004768372,-0.4390000104904175,-0.2160000056028366,0.0989999994635582,0.12199999392032623,0.03100000135600567,-0.005000000353902578,-0.14800000190734863,0.06499999761581421,-0.017000000923871994,-0.07100000232458115,-0.2849999964237213,-0.32999998331069946,0.06700000166893005,0.0,0.0,-0.2580000162124634,0.590999960899353,0.5,0.6190000176429749,0.7720000147819519,0.7789999842643738,0.7289999723434448,0.3720000088214874,0.0,0.0,0.0,0.0,0.0,0.0,0.0,0.0,0.0,0.0
1.4800000190734863,1.3580000400543213,1.3730000257492065,1.375,1.3709999322891235,1.28000009059906,1.187999963760376,1.159000039100647,1.0800000429153442,0.8510000109672546,0.6270000338554382,0.4399999976158142,0.4259999990463257,0.3100000023841858,-0.29500001668930054,-0.5690000057220459,-0.5130000114440918,-0.30799999833106995,0.09600000083446503,0.12000000476837158,0.0,-0.0009999999310821295,-0.08399999886751175,0.1080000028014183,0.10099999606609344,-0.057999998331069946,-0.10700000822544098,-0.3440000116825104,0.16200000047683716,0.2639999985694885,0.0,0.0,0.03700000047683716,0.2370000034570694,0.3999999761581421,0.4860000014305115,0.5770000219345093,0.0,0.0,0.0,0.0,0.0,0.0,0.0,0.0,0.0,0.0,0.0,0.0
1.3969999551773071,1.3209999799728394,1.378999948501587,1.369999885559082,1.3370000123977661,1.2450000047683716,1.252000093460083,1.1850000619888306,1.0750000476837158,0.9099999666213989,0.6380000114440918,0.4909999966621399,0.4100000262260437,0.4100000262260437,0.020000001415610313,-0.43699997663497925,-0.5260000228881836,-0.3869999945163727,0.0,0.17999999225139618,0.03500000014901161,-0.023000000044703484,-0.07499999552965164,0.0279999990016222,0.18400000035762787,-0.2540000081062317,0.003999999724328518,-0.19300000369548798,0.18200001120567322,0.2580000162124634,0.2980000078678131,0.20999999344348907,0.0,0.0,0.0,0.0,0.0,0.0,0.0,0.0,0.0,0.0,0.0,0.0,0.0,0.0,0.0,0.0,0.0
1.3819999694824219,1.3109999895095825,1.3569999933242798,1.375,1.3519999980926514,1.284999966621399,1.2120000123977661,1.1790000200271606,1.062999963760376,0.9570000171661377,0.6909999847412109,0.5649999976158142,0.4300000071525574,0.49400001764297485,0.2720000147819519,-0.2789999842643738,-0.46799999475479126,-0.406000018119812,-0.03800000250339508,0.2370000034570694,0.16300000250339508,0.06000000238418579,0.07699999958276749,0.2630000114440918,0.33799999952316284,0.01599999889731407,-0.0279999990016222,-0.2459999918937683,0.3499999940395355,0.3819999694824219,0.2879999876022339,0.33100003004074097,0.0,0.0,0.0,0.0,0.0,0.0,0.0,0.0,0.0,0.0,0.0,0.0,0.0,0.0,0.0,0.0,0.0
1.4620000123977661,1.3590000867843628,1.3359999656677246,1.3639999628067017,1.3629999160766602,1.2839999198913574,1.1850000619888306,1.156999945640564,1.0520000457763672,0.9929999709129333,0.7310000061988831,0.6470000147819519,0.46000000834465027,0.5049999952316284,0.3709999918937683,-0.203000009059906,-0.3999999761581421,-0.3610000014305115,-0.06599999964237213,0.26499998569488525,0.32999998331069946,0.27000001072883606,1.149999976158142,1.347000002861023,0.5329999923706055,0.3109999895095825,-0.11699999868869781,-0.041999999433755875,0.19300000369548798,0.4950000047683716,0.3889999985694885,0.48500001430511475,0.0,0.0,0.0,0.0,0.0,0.0,0.0,0.0,0.0,0.0,0.0,0.0,0.0,0.0,0.0,0.0,0.0
1.5019999742507935,1.3959999084472656,1.3429999351501465,1.3799999952316284,1.3760000467300415,1.2549998760223389,1.1579999923706055,1.124000072479248,1.0149999856948853,0.9670000076293945,0.7639999389648438,0.6740000247955322,0.4749999940395355,0.49800002574920654,0.421999990940094,-0.003000000026077032,-0.45399999618530273,-0.4190000295639038,-0.11500000208616257,0.18400000035762787,0.39399999380111694,0.22699999809265137,0.5090000033378601,1.0800000429153442,0.5879999995231628,0.6029999852180481,0.24800001084804535,0.14499999582767487,0.05100000277161598,0.3400000333786011,0.3999999761581421,0.5189999938011169,0.0,0.0,0.0,0.0,0.0,0.0,0.0,0.0,0.0,0.0,0.0,0.0,0.0,0.0,0.0,0.0,0.0
1.5180001258850098,1.412000060081482,1.3629999160766602,1.38100004196167,1.3220000267028809,1.184000015258789,1.156999945640564,1.0950000286102295,0.9660000205039978,0.9020000100135803,0.8030000329017639,0.7050000429153442,0.5920000076293945,0.5429999828338623,0.4710000157356262,0.10899999737739563,-0.39800000190734863,-0.5960000157356262,-0.12799999117851257,0.041999999433755875,0.37599998712539673,0.29899999499320984,0.24000000953674316,0.5710000395774841,0.6690000295639038,0.7519999742507935,0.2840000092983246,0.17399999499320984,0.003000000026077032,0.36800000071525574,0.4230000078678131,0.3460000157356262,0.0,0.0,0.0,0.0,0.0,0.0,0.0,0.0,0.0,0.0,0.0,0.0,0.0,0.0,0.0,0.0,0.0
1.4749999046325684,1.4079999923706055,1.3670001029968262,1.3660000562667847,1.2699999809265137,1.1649999618530273,1.1420000791549683,1.0369999408721924,0.9619999527931213,0.8529999852180481,0.8309999704360962,0.6880000233650208,0.6449999809265137,0.6679999828338623,0.5009999871253967,0.20800000429153442,-0.164000004529953,-0.6440000534057617,-0.3089999854564667,-0.003999999724328518,0.414000004529953,0.47200000286102295,0.22600001096725464,0.3880000114440918,0.5740000009536743,0.9049999713897705,0.4899999797344208,0.13099999725818634,0.030000001192092896,0.44599997997283936,0.656000018119812,0.5099999904632568,0.0,0.0,0.0,0.0,0.0,0.0,0.0,0.0,0.0,0.0,0.0,0.0,0.0,0.0,0.0,0.0,0.0
1.503000020980835,1.4480000734329224,1.3840000629425049,1.3529999256134033,1.2259999513626099,1.1610000133514404,1.0920000076293945,1.024999976158142,0.9380000233650208,0.8359999656677246,0.7919999957084656,0.6349999904632568,0.7559999823570251,0.7209999561309814,0.6019999980926514,0.23000000417232513,0.010000000707805157,-0.5720000267028809,-0.3229999840259552,0.02199999988079071,0.33500000834465027,0.5110000371932983,0.29899999499320984,0.4690000116825104,0.7020000219345093,0.8919999599456787,0.49800002574920654,0.020000001415610313,-0.10099999606609344,0.09399999678134918,0.4399999976158142,0.36500000953674316,0.15299999713897705,0.1770000010728836,0.10400000214576721,0.11900000274181366,0.23000000417232513,0.0,0.0,0.0,0.0,0.0,0.0,0.0,0.0,0.0,0.0,0.0,0.0
1.5019999742507935,1.4329999685287476,1.3429999351501465,1.3450000286102295,1.2200000286102295,1.1629999876022339,1.0809999704360962,1.0149999856948853,0.9570000171661377,0.8539999723434448,0.8349999785423279,0.6809999942779541,0.7199999690055847,0.7460000514984131,0.640999972820282,0.33100003004074097,0.11800000071525574,-0.3929999768733978,-0.26499998569488525,0.05900000035762787,0.28999999165534973,0.4390000104904175,0.2980000078678131,0.48000001907348633,0.784000039100647,0.7310000061988831,0.49400001764297485,0.20999999344348907,-0.1679999977350235,-0.14399999380111694,0.29999998211860657,0.4699999690055847,0.3319999873638153,0.421999990940094,0.6260000467300415,0.8169999718666077,0.7490000128746033,0.5299999713897705,0.32200002670288086,0.0,0.0,0.0,0.0,0.0,0.0,0.0,0.0,0.0,0.0
1.472000002861023,1.3930000066757202,1.3140000104904175,1.3320000171661377,1.2350000143051147,1.1469999551773071,1.0529999732971191,0.9830000400543213,0.9589999914169312,0.875,0.8209999799728394,0.7450000047683716,0.652999997138977,0.7280000448226929,0.6840000152587891,0.45000001788139343,0.19699999690055847,-0.26600000262260437,-0.30799999833106995,-0.049000002443790436,0.20600000023841858,0.5239999890327454,0.34200000762939453,0.4569999873638153,0.7559999823570251,0.7350000143051147,0.621999979019165,0.3569999933242798,-0.07100000232458115,-0.25,-0.0009999999310821295,0.22699999809265137,0.8259999752044678,1.0889999866485596,1.1420000791549683,1.11899995803833,0.9799999594688416,0.8289999961853027,0.5149999856948853,0.0,0.0,0.0,0.0,0.0,0.0,0.0,0.0,0.0,0.0
1.4329999685287476,1.3860000371932983,1.334999918937683,1.3410000801086426,1.25,1.1510000228881836,1.0419999361038208,0.9759999513626099,0.9359999895095825,0.8600000143051147,0.781999945640564,0.7389999628067017,0.597000002861023,0.7050000429153442,0.7519999742507935,0.5040000081062317,0.2759999930858612,-0.0989999994635582,-0.4039999842643738,-0.12000000476837158,0.2449999898672104,0.562999963760376,0.44699999690055847,0.4100000262260437,0.6599999666213989,0.75,0.7240000367164612,0.5440000295639038,0.1119999960064888,-0.2930000126361847,-0.044999998062849045,0.33500000834465027,0.9490000009536743,1.281999945640564,1.2929999828338623,1.253000020980835,1.156999945640564,0.9399999380111694,0.8550000190734863,0.32200002670288086,0.0,0.0,0.0,0.0,0.0,0.0,0.0,0.0,0.0
1.4139999151229858,1.409000039100647,1.3869999647140503,1.3569999933242798,1.2769999504089355,1.1689999103546143,1.0549999475479126,0.9860000014305115,0.9359999895095825,0.8230000138282776,0.7350000143051147,0.7300000190734863,0.6010000109672546,0.6740000247955322,0.7039999961853027,0.5820000171661377,0.33399999141693115,0.15900000929832458,-0.12099999934434891,-0.026000000536441803,0.2800000011920929,0.550000011920929,0.4350000023841858,0.5799999833106995,0.7100000381469727,0.8370000123977661,0.7829999923706055,0.44599997997283936,0.05100000277161598,-0.21899999678134918,0.1679999977350235,0.531000018119812,0.9610000252723694,1.2300000190734863,1.309000015258789,1.2610000371932983,1.2059999704360962,1.093999981880188,0.7879999876022339,0.4410000145435333,0.0,0.0,0.0,0.0,0.0,0.0,0.0,0.0,0.0
1.4920001029968262,1.3989999294281006,1.3660000562667847,1.3660000562667847,1.2940000295639038,1.1629999876022339,1.0469999313354492,0.968999981880188,0.9290000200271606,0.7829999923706055,0.7029999494552612,0.6790000200271606,0.6629999876022339,0.640999972820282,0.7069999575614929,0.64000004529953,0.4230000078678131,0.3059999942779541,-0.010000000707805157,0.0559999980032444,0.3579999804496765,0.5720000267028809,0.4960000216960907,0.6369999647140503,0.652999997138977,0.8680000305175781,0.9799999594688416,0.2770000100135803,0.1459999978542328,-0.06000000238418579,0.29600000381469727,0.6639999747276306,1.0160000324249268,1.2039999961853027,1.212999939918518,1.1759999990463257,1.1689999103546143,1.1579999923706055,0.918999969959259,0.5090000033378601,0.0,0.0,0.0,0.0,0.0,0.0,0.0,0.0,0.0
1.4890000820159912,1.3050000667572021,1.3050000667572021,1.2890000343322754,1.2690000534057617,1.1800000667572021,1.084999918937683,0.9950000047683716,0.9139999747276306,0.7710000276565552,0.6920000314712524,0.6449999809265137,0.6169999837875366,0.6140000224113464,0.6660000085830688,0.6809999942779541,0.5699999928474426,0.5519999861717224,0.17100000381469727,0.23499998450279236,0.5110000371932983,0.6959999799728394,0.6310000419616699,0.5099999904632568,0.781999945640564,0.9200000166893005,0.652999997138977,0.24800001084804535,0.0559999980032444,0.15599998831748962,0.02499999850988388,0.4449999928474426,0.9269999861717224,1.0870000123977661,1.1060000658035278,1.1180000305175781,1.187999963760376,1.1729999780654907,0.9880000352859497,0.5600000023841858,0.0,0.0,0.0,0.0,0.0,0.0,0.0,0.0,0.0
1.5119999647140503,1.3339998722076416,1.2890000343322754,1.3709999322891235,1.3969999551773071,1.2510000467300415,1.1019999980926514,1.0010000467300415,0.9110000133514404,0.7680000066757202,0.6909999847412109,0.6389999985694885,0.6100000143051147,0.6040000319480896,0.6440000534057617,0.6889999508857727,0.4860000014305115,0.6209999918937683,0.4309999942779541,0.5099999904632568,0.7260000109672546,0.8450000286102295,0.7100000381469727,0.6740000247955322,0.7549999952316284,0.8289999961853027,0.5770000219345093,0.19500000774860382,0.07699999958276749,-0.07000000029802322,-0.09200000017881393,0.3630000054836273,0.7350000143051147,1.0180000066757202,1.181999921798706,1.1689999103546143,1.2100000381469727,1.159999966621399,0.9810000061988831,0.5579999685287476,0.0,0.0,0.0,0.0,0.0,0.0,0.0,0.0,0.0
1.4859999418258667,1.4380000829696655,1.319000005722046,1.4229999780654907,1.3930000066757202,1.2419999837875366,1.1159999370574951,1.0290000438690186,0.9350000619888306,0.781999945640564,0.7020000219345093,0.6470000147819519,0.6230000257492065,0.6110000014305115,0.6419999599456787,0.6880000233650208,0.574999988079071,0.5720000267028809,0.5830000042915344,0.684999942779541,0.8309999704360962,0.875,0.8169999718666077,0.7769999504089355,0.7800000309944153,0.7549999952316284,0.5659999847412109,0.3620000183582306,0.06000000238418579,-0.19999998807907104,-0.032999999821186066,0.31300002336502075,0.6669999361038208,0.8359999656677246,1.1100000143051147,1.1999999284744263,1.2020000219345093,1.13100004196167,0.9329999685287476,0.47200000286102295,0.0,0.0,0.0,0.0,0.0,0.0,0.0,0.0,0.0
1.555999994277954,1.4709999561309814,1.3480000495910645,1.4589999914169312,1.4240000247955322,1.2890000343322754,1.1649999618530273,1.0759999752044678,0.9700000286102295,0.8179999589920044,0.7230000495910645,0.6690000295639038,0.6539999842643738,0.6459999680519104,0.6639999747276306,0.7050000429153442,0.5530000329017639,0.4860000014305115,0.4830000102519989,0.6700000166893005,0.8420000076293945,0.9179999828338623,0.9009999632835388,0.8429999351501465,0.7760000228881836,0.7039999961853027,0.5849999785423279,0.2759999930858612,0.017999999225139618,-0.11400000005960464,-0.06700000166893005,0.19300000369548798,0.3970000147819519,0.5080000162124634,0.8370000123977661,1.1399999856948853,1.1999999284744263,1.1010000705718994,0.8259999752044678,0.41999998688697815,0.0,0.0,0.0,0.0,0.0,0.0,0.0,0.0,0.0
1.5160000324249268,1.4730000495910645,1.4049999713897705,1.4789999723434448,1.444000005722046,1.3230000734329224,1.2020000219345093,1.1069999933242798,0.9799999594688416,0.8289999961853027,0.7460000514984131,0.7050000429153442,0.6990000009536743,0.699999988079071,0.7069999575614929,0.7549999952316284,0.6060000061988831,0.421999990940094,0.35600000619888306,0.5989999771118164,0.7900000214576721,0.8880000114440918,0.9610000252723694,0.918999969959259,0.7999999523162842,0.7240000367164612,0.5730000138282776,0.16899999976158142,0.007999999448657036,0.032999999821186066,-0.057999998331069946,0.14999999105930328,0.2750000059604645,0.281000018119812,0.47600001096725464,0.8869999647140503,1.2030000686645508,1.0180000066757202,0.48799997568130493,0.0,0.0,0.0,0.0,0.0,0.0,0.0,0.0,0.0,0.0
1.5299999713897705,1.5320000648498535,1.4830000400543213,1.4329999685287476,1.3969999551773071,1.312000036239624,1.1890000104904175,1.093000054359436,0.9430000185966492,0.812999963760376,0.7689999938011169,0.7329999804496765,0.7319999933242798,0.7339999675750732,0.7289999723434448,0.75,0.7109999656677246,0.5720000267028809,0.281000018119812,0.5460000038146973,0.7129999995231628,0.8420000076293945,0.956000030040741,0.9390000104904175,0.859000027179718,0.7890000343322754,0.4919999837875366,0.06499999761581421,-0.03400000184774399,-0.012000000104308128,-0.07400000095367432,0.04600000008940697,0.37300002574920654,0.3720000088214874,0.4230000078678131,0.3889999985694885,0.5070000290870667,0.46299999952316284,0.0,0.0,0.0,0.0,0.0,0.0,0.0,0.0,0.0,0.0,0.0
