static/data/wind9.json
{"header": { "parameterNumberName": "eastward_wind", "parameterUnit": "m.s-1", "parameterNumber": 2, "parameterCategory": 2, "nx": 121, "ny": 221, "numberPoints": 26741, "dx": 0.005000000000000071, "dy": 0.005000000000000006, "la1": -31.6, "lo1": 115.3, "la2": -32.7, "lo2": 115.9, "refTime": "2022-11-25 14:00:00" }, "data":
[rows 66 to 87 of 221, columns 50 to 99 of 121]
2.7119998931884766,2.6460001468658447,2.611999988555908,2.517000198364258,2.4660000801086426,2.4860000610351562,2.553999900817871,2.61299991607666,2.615999937057495,2.6030001640319824,2.549999952316284,2.5360000133514404,2.560999870300293,2.561999797821045,2.5510001182556152,2.517000198364258,2.4619998931884766,2.4019999504089355,2.3559999465942383,2.305999994277954,2.2309999465942383,2.169999837875366,2.1579999923706055,2.1449999809265137,2.130000114440918,2.1089999675750732,2.0789999961853027,1.902999997138977,1.6820000410079956,1.5240000486373901,1.4789999723434448,1.5440000295639038,1.5820000171661377,1.6100000143051147,1.6150000095367432,1.6299999952316284,1.6359999179840088,1.5139999389648438,1.2200000286102295,1.1699999570846558,0.6449999809265137,0.0,0.0,0.0,0.0,0.0,0.0,0.0,0.0,0.0
2.435999870300293,2.5429999828338623,2.578000068664551,2.4040000438690186,2.5339999198913574,2.5399999618530273,2.5420000553131104,2.56000018119812,2.5799999237060547,2.57099986076355,2.5450000762939453,2.49399995803833,2.496999979019165,2.5320000648498535,2.5510001182556152,2.517000198364258,2.4649999141693115,2.4130001068115234,2.3499999046325684,2.309999942779541,2.2779998779296875,2.2249999046325684,2.2090001106262207,2.1989998817443848,2.179999828338623,2.1570000648498535,2.0440001487731934,1.9329999685287476,1.7929999828338623,1.6670000553131104,1.6460000276565552,1.63100004196167,1.6060000658035278,1.6009999513626099,1.6069998741149902,1.6169999837875366,1.628999948501587,1.4589999914169312,1.1440000534057617,1.0160000324249268,0.621999979019165,0.0,0.0,0.0,0.0,0.0,0.0,0.0,0.0,0.0
2.0239999294281006,2.308000087738037,2.4560000896453857,2.5299999713897705,2.628999948501587,2.6040000915527344,2.5940001010894775,2.5749998092651367,2.562999963760376,2.5440001487731934,2.5199999809265137,2.490999937057495,2.4660000801086426,2.488999843597412,2.5189998149871826,2.5310001373291016,2.488999843597412,2.450000047683716,2.4079999923706055,2.38100004196167,2.361999988555908,2.382999897003174,2.3510000705718994,2.253999948501587,2.240000009536743,2.1600000858306885,1.972000002861023,1.8639999628067017,1.781000018119812,1.6970000267028809,1.6660000085830688,1.6439999341964722,1.6150000095367432,1.5870000123977661,1.563999891281128,1.5219999551773071,1.4639999866485596,1.2179999351501465,1.0490000247955322,0.9960000514984131,0.6209999918937683,0.0,0.0,0.0,0.0,0.0,0.0,0.0,0.0,0.0
2.1050000190734863,2.3429999351501465,2.5490000247955322,2.567000150680542,2.5850000381469727,2.6469998359680176,2.633999824523926,2.63100004196167,2.5909998416900635,2.560999870300293,2.5420000553131104,2.517000198364258,2.4809999465942383,2.442000150680542,2.486999988555908,2.5199999809265137,2.5429999828338623,2.5490000247955322,2.5230000019073486,2.502000093460083,2.49399995803833,2.421999931335449,2.371000051498413,2.3580000400543213,2.305999994277954,2.140000104904175,1.8970000743865967,1.750999927520752,1.718000054359436,1.6949999332427979,1.7049999237060547,1.5870000123977661,1.5260000228881836,1.4789999723434448,1.440999984741211,1.3899999856948853,1.3569999933242798,1.156999945640564,1.100000023841858,1.0,0.5960000157356262,0.0,0.0,0.0,0.0,0.0,0.0,0.0,0.0,0.0
2.4779999256134033,2.495000123977661,2.5339999198913574,2.574000120162964,2.5970001220703125,2.6110000610351562,2.6449999809265137,2.6629998683929443,2.618000030517578,2.5950000286102295,2.5769999027252197,2.563999891281128,2.5119998455047607,2.4749999046325684,2.4619998931884766,2.5490000247955322,2.630000114440918,2.667999744415283,2.6510000228881836,2.5799999237060547,2.497999906539917,2.435999870300293,2.380000114440918,2.319000005722046,2.234999895095825,2.1670000553131104,1.9910000562667847,1.872999906539917,1.8089998960494995,1.8359999656677246,1.8700001239776611,1.5189999341964722,1.4830000400543213,1.5,1.5180001258850098,1.5429999828338623,1.5090000629425049,1.4520000219345093,1.4149999618530273,1.3259999752044678,0.6510000228881836,0.0,0.0,0.0,0.0,0.0,0.0,0.0,0.0,0.0
2.240999937057495,2.3919999599456787,2.5979998111724854,2.6469998359680176,2.682000160217285,2.6530001163482666,2.6100001335144043,2.6419999599456787,2.632999897003174,2.624000072479248,2.6030001640319824,2.5789999961853027,2.554999828338623,2.5260000228881836,2.4830000400543213,2.508000135421753,2.5310001373291016,2.553999900817871,2.5510001182556152,2.5269999504089355,2.492000102996826,2.450000047683716,2.4060001373291016,2.3429999351501465,2.312999963760376,2.177999973297119,2.046999931335449,2.0379998683929443,1.9679999351501465,1.909999966621399,1.8700001239776611,1.7389999628067017,1.685999870300293,1.6480000019073486,1.61899995803833,1.565999984741211,1.4499999284744263,1.3680000305175781,1.3619999885559082,2.0739998817443848,1.2350000143051147,0.0,0.0,0.0,0.0,0.0,0.0,0.0,0.0,0.0
2.6449999809265137,2.7739999294281006,2.753000020980835,2.7180001735687256,2.7200002670288086,2.746999740600586,2.7239999771118164,2.753000020980835,2.7079999446868896,2.6629998683929443,2.625,2.5950000286102295,2.5839998722076416,2.562999963760376,2.5250000953674316,2.4850001335144043,2.4739999771118164,2.497999906539917,2.517000198364258,2.513000011444092,2.497999906539917,2.4730000495910645,2.4160001277923584,2.3480000495910645,2.2769999504089355,2.1740000247955322,2.0399999618530273,1.9739999771118164,1.9709999561309814,1.9769999980926514,1.972000002861023,1.7680000066757202,1.6699999570846558,1.5929999351501465,1.5160000324249268,1.441999912261963,1.3410000801086426,1.2489999532699585,1.1710000038146973,1.1449999809265137,1.0140000581741333,0.0,0.0,0.0,0.0,0.0,0.0,0.0,0.0,0.0
3.0209999084472656,2.953000068664551,2.8940000534057617,2.9030001163482666,2.7990002632141113,2.7720000743865967,2.816999912261963,2.8359999656677246,2.815999984741211,2.7289998531341553,2.6600000858306885,2.623000144958496,2.6040000915527344,2.5839998722076416,2.562999963760376,2.5279998779296875,2.504999876022339,2.50600004196167,2.5230000019073486,2.5290000438690186,2.511000156402588,2.4850001335144043,2.421999931335449,2.328000068664551,2.2840001583099365,2.13700008392334,2.0420000553131104,2.046999931335449,1.9789999723434448,1.774999976158142,1.5989999771118164,1.6850000619888306,1.5729999542236328,1.4950000047683716,1.4359999895095825,1.3969999551773071,1.3289999961853027,1.1999999284744263,1.0069999694824219,0.9449999928474426,0.7660000324249268,0.0,0.0,0.0,0.0,0.0,0.0,0.0,0.0,0.0
3.260999917984009,3.0739998817443848,2.927000045776367,2.9260001182556152,2.9730000495910645,2.931999921798706,2.9559998512268066,2.8929998874664307,2.8519999980926514,2.7799999713897705,2.694000005722046,2.6110000610351562,2.5900001525878906,2.6050000190734863,2.5989999771118164,2.560999870300293,2.5099997520446777,2.495000123977661,2.493000030517578,2.5240001678466797,2.5199999809265137,2.5230000019073486,2.5199999809265137,2.430999994277954,2.260999917984009,2.0769999027252197,1.9429999589920044,1.8600000143051147,1.8440001010894775,1.7939999103546143,1.718000054359436,1.5880000591278076,1.5429999828338623,1.5069999694824219,1.4569998979568481,1.3959999084472656,1.3109999895095825,1.1660000085830688,0.9860000014305115,0.9120000004768372,0.6430000066757202,0.0,0.0,0.0,0.0,0.0,0.0,0.0,0.0,0.0
3.4019999504089355,3.248000144958496,3.057999849319458,2.9210000038146973,3.0460000038146973,3.071000099182129,3.052000045776367,2.9719998836517334,2.8960001468658447,2.8369998931884766,2.7219998836517334,2.623000144958496,2.5880000591278076,2.5819997787475586,2.6040000915527344,2.569999933242798,2.502999782562256,2.4730000495910645,2.4560000896453857,2.508000135421753,2.553999900817871,2.563999891281128,2.574000120162964,2.5230000019073486,2.3359999656677246,2.0739998817443848,1.9739999771118164,1.9010000228881836,1.8199999332427979,1.7330000400543213,1.6890000104904175,1.6329998970031738,1.5789999961853027,1.5230000019073486,1.446000099182129,1.3709999322891235,1.3070000410079956,1.1859999895095825,1.0080000162124634,0.918999969959259,0.5809999704360962,0.0,0.0,0.0,0.0,0.0,0.0,0.0,0.0,0.0
3.322000026702881,2.991000175476074,3.063000202178955,3.0149998664855957,2.883000135421753,2.9640002250671387,3.0,2.9660000801086426,2.892000198364258,2.8259997367858887,2.7320001125335693,2.691999912261963,2.6110000610351562,2.578000068664551,2.569999933242798,2.567000150680542,2.5329999923706055,2.493000030517578,2.4679999351501465,2.502000093460083,2.57099986076355,2.5859999656677246,2.565999984741211,2.49399995803833,2.179999828338623,2.0950000286102295,1.9760000705718994,1.8529999256134033,1.8320000171661377,1.7710000276565552,1.6400001049041748,1.6130000352859497,1.555999994277954,1.496000051498413,1.4489998817443848,1.4059998989105225,1.3380000591278076,1.2389999628067017,1.0759999752044678,0.9300000071525574,0.5040000081062317,0.0,0.0,0.0,0.0,0.0,0.0,0.0,0.0,0.0
2.9100000858306885,2.881999969482422,2.937999963760376,3.0859999656677246,2.9739999771118164,2.680999994277954,2.8359999656677246,2.7900002002716064,2.7149999141693115,2.756999969482422,2.617000102996826,2.546999931335449,2.502000093460083,2.492000102996826,2.4850001335144043,2.5290000438690186,2.552000045776367,2.502000093460083,2.4600000381469727,2.4769999980926514,2.5320000648498535,2.5380001068115234,2.428999900817871,2.2980000972747803,2.203000068664551,2.13100004196167,2.064000129699707,1.975000023841858,1.8910000324249268,1.8229999542236328,1.7599999904632568,1.652999997138977,1.6019999980926514,1.5360000133514404,1.474000096321106,1.4139999151229858,1.3359999656677246,1.2660000324249268,1.0980000495910645,0.878000020980835,0.32999998331069946,0.0,0.0,0.0,0.0,0.0,0.0,0.0,0.0,0.0
2.0370001792907715,3.000999927520752,2.8990001678466797,2.9010000228881836,2.9170000553131104,2.5880000591278076,2.4850001335144043,2.490999937057495,2.2869999408721924,2.4519999027252197,2.3480000495910645,2.253999948501587,2.1510000228881836,2.0950000286102295,2.1610000133514404,2.299999952316284,2.4070000648498535,2.377000093460083,2.32099986076355,2.3429999351501465,2.3989999294281006,2.365999937057495,2.2660000324249268,2.1640000343322754,2.1040000915527344,2.0409998893737793,1.9900000095367432,1.9470000267028809,1.8650000095367432,1.774999976158142,1.7290000915527344,1.683000087738037,1.6100000143051147,1.5299999713897705,1.4509999752044678,1.4100000858306885,1.343999981880188,1.2620000839233398,1.1050000190734863,0.8299999833106995,0.21299999952316284,0.0,0.0,0.0,0.0,0.7660000324249268,0.8550000190734863,0.0,0.0,0.0
0.8910000324249268,2.1559998989105225,2.9040000438690186,2.5789999961853027,2.488999843597412,2.190999984741211,2.065999984741211,2.203000068664551,2.066999912261963,2.2059998512268066,2.046999931335449,1.8569999933242798,1.690999984741211,1.6230000257492065,1.7380000352859497,1.930999994277954,2.0820000171661377,2.0909998416900635,2.0269999504089355,2.069000005722046,2.1690001487731934,2.128999948501587,2.0219998359680176,1.944000005722046,1.9709999561309814,1.9889999628067017,1.9490001201629639,1.8949999809265137,1.8669999837875366,1.808000087738037,1.6959999799728394,1.6480000019073486,1.597999930381775,1.5429999828338623,1.4709999561309814,1.371999979019165,1.2699999809265137,1.1779999732971191,1.0160000324249268,0.7569999694824219,0.03800000250339508,0.0,0.0,0.0,0.0,0.6129999756813049,0.968999981880188,0.4440000057220459,0.0,0.0
0.296999990940094,0.5870000123977661,2.061000108718872,2.200000047683716,1.994999885559082,1.9910000562667847,1.9630000591278076,2.1389999389648438,1.7389999628067017,1.5780000686645508,1.6030000448226929,1.6069998741149902,1.4290000200271606,1.3269999027252197,1.4259999990463257,1.5099999904632568,1.6110000610351562,1.7110000848770142,1.7369999885559082,1.8580000400543213,1.877000093460083,1.7409999370574951,1.7239999771118164,1.781000018119812,1.8849999904632568,1.90500009059906,1.8930000066757202,1.872999906539917,1.747999906539917,1.6449999809265137,1.6979999542236328,1.6990000009536743,1.5889999866485596,1.4769999980926514,1.3860000371932983,1.334999918937683,1.2369999885559082,1.1169999837875366,0.9579999446868896,0.7540000081062317,0.13500000536441803,0.0,0.0,0.0,0.0,0.29899999499320984,0.0729999989271164,0.5009999871253967,0.6940000057220459,0.0
0.0,0.0,1.024999976158142,1.3959999084472656,1.3989999294281006,1.4789999723434448,1.4279999732971191,1.2599999904632568,1.2350000143051147,1.2039999961853027,1.2380000352859497,1.2860000133514404,1.2760000228881836,1.181999921798706,1.2580000162124634,1.180999994277954,1.2139999866485596,1.3889999389648438,1.446000099182129,1.5499999523162842,1.6110000610351562,1.6419999599456787,1.6009999513626099,1.6130000352859497,1.5999999046325684,1.7190001010894775,1.7170000076293945,1.6480000019073486,1.6119999885559082,1.5700000524520874,1.5260000228881836,1.531000018119812,1.503999948501587,1.4249999523162842,1.350000023841858,1.2909998893737793,1.1779999732971191,1.065999984741211,1.0049999952316284,0.7940000295639038,0.1860000044107437,0.0,0.0,0.0,0.0,0.3400000333786011,0.27300000190734863,0.41600000858306885,0.5019999742507935,0.652999997138977
0.0,1.0379999876022339,0.7519999742507935,0.7329999804496765,0.9220000505447388,0.949999988079071,0.8659999966621399,0.8030000329017639,0.8600000143051147,0.9110000133514404,0.9639999866485596,1.0019999742507935,0.9529999494552612,1.0090000629425049,1.0729999542236328,1.0299999713897705,1.065000057220459,1.1770000457763672,1.252000093460083,1.3660000562667847,1.437000036239624,1.4769999980926514,1.5750000476837158,1.7020000219345093,1.6710000038146973,1.6150000095367432,1.6079999208450317,1.5530000925064087,1.527000069618225,1.5240000486373901,1.4920001029968262,1.4509999752044678,1.437000036239624,1.3420000076293945,1.2330000400543213,1.215000033378601,1.1080000400543213,1.0329999923706055,1.0260000228881836,0.8100000023841858,0.1340000033378601,0.0,0.0,0.0,0.0,0.5199999809265137,0.28600001335144043,0.1420000046491623,0.5449999570846558,0.5820000171661377
1.4380000829696655,1.0440000295639038,0.5299999713897705,0.550000011920929,0.6549999713897705,0.5019999742507935,0.44300001859664917,0.32499998807907104,0.3840000033378601,0.41700002551078796,0.48900002241134644,0.5490000247955322,0.7300000190734863,0.8209999799728394,0.8510000109672546,0.8609999418258667,0.9449999928474426,1.0210000276565552,1.0789999961853027,1.156999945640564,1.2020000219345093,1.2720000743865967,1.3670001029968262,1.4730000495910645,1.678999900817871,1.6660000085830688,1.5399999618530273,1.468999981880188,1.4499999284744263,1.4179999828338623,1.3370000123977661,1.2970000505447388,1.25,1.2049999237060547,1.1319999694824219,0.9950000047683716,0.9810000061988831,0.956000030040741,0.9909999966621399,0.7580000162124634,0.19500000774860382,0.0,0.0,0.0,0.0,0.0,0.6669999361038208,0.5220000147819519,0.0,0.328000009059906
0.4300000071525574,0.14300000667572021,0.14800000190734863,0.43299999833106995,0.5989999771118164,0.5519999861717224,0.4259999990463257,0.2680000066757202,0.2709999978542328,0.23900000751018524,0.2529999911785126,0.3139999806880951,0.4830000102519989,0.5759999752044678,0.5999999642372131,0.6539999842643738,0.7540000081062317,0.843999981880188,0.8829999566078186,0.9220000505447388,1.0169999599456787,1.2009999752044678,1.374000072479248,1.5170000791549683,1.6429998874664307,1.680999994277954,1.561000108718872,1.439000129699707,1.399999976158142,1.3279999494552612,1.2489999532699585,1.2610000371932983,1.1640000343322754,1.0490000247955322,1.0469999313354492,1.0759999752044678,0.9399999380111694,0.8560000658035278,0.781999945640564,0.6230000257492065,0.19099998474121094,0.0,0.0,0.0,0.0,0.0,0.45899999141693115,0.0,0.0,0.0
-0.5449999570846558,-0.6669999361038208,-0.21400001645088196,0.4560000002384186,0.4950000047683716,0.36800000071525574,0.1899999976158142,0.13600000739097595,0.13500000536441803,0.10200000554323196,0.09100000560283661,0.14900000393390656,0.2939999997615814,0.3630000054836273,0.4089999794960022,0.4320000112056732,0.5160000324249268,0.652999997138977,0.7139999866485596,0.7980000376701355,1.0010000467300415,1.2289999723434448,1.4200000762939453,1.5649999380111694,1.6549999713897705,1.6680001020431519,1.6299999952316284,1.569000005722046,1.4709999561309814,1.316999912261963,1.246999979019165,1.2039999961853027,1.0839999914169312,1.0189999341964722,1.0119999647140503,0.972000002861023,1.0189999341964722,0.918999969959259,0.7199999690055847,0.39900001883506775,0.0,0.0,1.0609999895095825,1.2009999752044678,0.7480000257492065,0.5929999947547913,0.3020000159740448,0.0,0.0,0.0
-0.6340000033378601,-0.7280000448226929,0.3089999854564667,0.39500001072883606,0.37400001287460327,0.32499998807907104,0.20400001108646393,0.07600000500679016,0.0,-0.0139999995008111,-0.041999999433755875,-0.038999997079372406,0.11900000274181366,0.14999999105930328,0.20099999010562897,0.33100003004074097,0.46399998664855957,0.5490000247955322,0.6060000061988831,0.722000002861023,0.9629999995231628,1.2510000467300415,1.4429999589920044,1.563999891281128,1.63100004196167,1.6419999599456787,1.6140000820159912,1.5789999961853027,1.503999948501587,1.4270000457763672,1.2430000305175781,1.225000023841858,1.124000072479248,0.9780000448226929,0.9300000071525574,0.8619999885559082,0.9130000472068787,0.8200000524520874,0.5710000395774841,0.5130000114440918,0.0,0.0,-0.3370000123977661,0.0,0.0,0.0,0.0,0.0,0.0,0.0
0.5370000004768372,0.6200000047683716,0.33100003004074097,0.32099997997283936,0.3970000147819519,0.36899998784065247,0.25599998235702515,0.1510000079870224,0.030000001192092896,0.03100000135600567,-0.0860000029206276,-0.17599999904632568,-0.18799999356269836,-0.14000000059604645,-0.04600000008940697,0.1080000028014183,0.29600000381469727,0.45100000500679016,0.4580000042915344,0.6710000038146973,0.968999981880188,1.24399995803833,1.3989999294281006,1.5019999742507935,1.590999960899353,1.6019999980926514,1.569000005722046,1.5299999713897705,1.4279999732971191,1.3429999351501465,1.281999945640564,1.2330000400543213,1.0980000495910645,0.9139999747276306,0.7850000262260437,0.625,0.706000030040741,0.7400000095367432,0.24900001287460327,0.0,0.0,0.0,1.2769999504089355,0.0,0.0,0.0,0.0,0.0,0.0,0.0
