static/data/wind5.json
{"header": { "parameterNumberName": "eastward_wind", "parameterUnit": "m.s-1", "parameterNumber": 2, "parameterCategory": 2, "nx": 121, "ny": 221, "numberPoints": 26741, "dx": 0.005000000000000071, "dy": 0.005000000000000006, "la1": -31.6, "lo1": 115.3, "la2": -32.7, "lo2": 115.9, "refTime": "2022-11-25 06:00:00" }, "data":
[rows 168 to 188 of 221, columns 48 to 95 of 121]
-0.5170000195503235,-0.5139999985694885,-0.5509999990463257,-0.5059999823570251,-0.37599998712539673,-0.26499998569488525,-0.20899999141693115,-0.23800000548362732,-0.2680000066757202,-0.2709999978542328,-0.2280000001192093,-0.11500000208616257,-0.11100000143051147,-0.1119999960064888,-0.29899999499320984,-0.3449999988079071,-0.2630000114440918,-0.09999999403953552,0.09700000286102295,0.25999999046325684,0.20500001311302185,0.054999999701976776,-0.14900000393390656,-0.11100000143051147,0.054999999701976776,0.14499999582767487,0.03199999779462814,0.003000000026077032,0.027000000700354576,0.03700000047683716,0.012000000104308128,-0.010000000707805157,-0.032999999821186066,-0.0559999980032444,-0.06399999558925629,-0.06499999761581421,-0.06800000369548798,-0.06300000101327896,-0.03500000014901161,0.04000000283122063,0.02499999850988388,-0.027000000700354576,0.0,0.0,0.0,0.0,0.0,0.0
-0.48799997568130493,-0.5049999952316284,-0.5320000052452087,-0.46700000762939453,-0.5099999904632568,-0.49699997901916504,-0.44200000166893005,-0.22600001096725464,-0.26600000262260437,-0.3109999895095825,-0.24800001084804535,-0.2019999921321869,-0.20600000023841858,-0.23399999737739563,-0.31800001859664917,-0.3999999761581421,-0.024000000208616257,0.16699999570846558,0.1810000091791153,0.164000004529953,0.14100000262260437,0.04000000283122063,-0.06200000271201134,-0.26499998569488525,-0.29600000381469727,-0.12600000202655792,-0.14399999380111694,-0.14300000667572021,-0.08500000834465027,-0.010999999940395355,-0.001999999862164259,-0.01900000125169754,-0.03500000014901161,-0.060999996960163116,-0.06599999964237213,-0.0689999982714653,-0.07199999690055847,-0.06300000101327896,-0.030000001192092896,0.035999998450279236,0.012000000104308128,-0.007999999448657036,0.0,0.0,0.0,0.0,0.0,0.0
-0.421999990940094,-0.4860000014305115,-0.4870000183582306,-0.43400001525878906,-0.5,-0.5199999809265137,-0.5490000247955322,-0.43400001525878906,-0.2800000011920929,-0.2849999964237213,-0.26499998569488525,-0.2759999930858612,-0.29500001668930054,-0.30799999833106995,-0.2800000011920929,0.0,0.15699999034404755,0.18299999833106995,0.13500000536441803,0.125,0.1510000079870224,0.1420000046491623,0.09200000017881393,0.008999999612569809,-0.20500001311302185,-0.2759999930858612,-0.2720000147819519,-0.31800001859664917,-0.26899999380111694,-0.023000000044703484,0.017999999225139618,0.012000000104308128,-0.01900000125169754,-0.05299999937415123,-0.06200000271201134,-0.0689999982714653,-0.0729999989271164,-0.0559999980032444,-0.020000001415610313,0.03800000250339508,0.017999999225139618,0.00699999975040555,0.0,0.0,0.0,0.0,0.0,0.0
-0.3319999873638153,-0.40199998021125793,-0.40299999713897705,-0.3700000047683716,-0.37300002574920654,-0.2919999957084656,-0.210999995470047,-0.2939999997615814,-0.20899999141693115,-0.25699999928474426,-0.3009999990463257,-0.28999999165534973,-0.2919999957084656,-0.2879999876022339,-0.27799999713897705,0.0,0.08399999886751175,0.19300000369548798,0.1459999978542328,0.13600000739097595,0.1340000033378601,0.044999998062849045,-0.049000002443790436,-0.1459999978542328,-0.08399999886751175,-0.10200000554323196,-0.1420000046491623,-0.17000001668930054,-0.06800000369548798,-0.010999999940395355,0.0139999995008111,0.04699999839067459,0.020000001415610313,-0.02199999988079071,-0.04600000008940697,-0.06599999964237213,-0.06599999964237213,-0.04800000041723251,-0.010999999940395355,0.04399999976158142,0.015000000596046448,0.024000000208616257,0.0,0.0,0.0,0.0,0.0,0.0
-0.1979999989271164,-0.13199999928474426,-0.0139999995008111,0.03800000250339508,0.0559999980032444,0.164000004529953,0.10899999737739563,0.017999999225139618,-0.049000002443790436,-0.06000000238418579,-0.1420000046491623,-0.06200000271201134,-0.10400000214576721,-0.14300000667572021,0.0,0.0,0.04800000041723251,0.1679999977350235,0.12299999594688416,0.01900000125169754,-0.03400000184774399,-0.12099999934434891,-0.20400001108646393,-0.2669999897480011,-0.22200000286102295,-0.17100000381469727,-0.11599999666213989,-0.09700000286102295,-0.10400000214576721,-0.07799999415874481,-0.035999998450279236,0.0009999999310821295,0.01599999889731407,0.017999999225139618,-0.007999999448657036,-0.04100000113248825,-0.09399999678134918,-0.054999999701976776,-0.001999999862164259,0.04800000041723251,0.010999999940395355,0.0559999980032444,0.0,0.0,0.0,0.0,0.0,0.0
-0.0949999988079071,0.0820000022649765,0.11300000548362732,0.07899999618530273,0.020999999716877937,0.03100000135600567,-0.044999998062849045,-0.15699999034404755,-0.19900000095367432,-0.05299999937415123,0.05900000035762787,0.06399999558925629,0.07699999958276749,0.0559999980032444,0.0,0.0,-0.11300000548362732,-0.04800000041723251,-0.07899999618530273,-0.12000000476837158,-0.16599999368190765,-0.23000000417232513,-0.30300000309944153,-0.31700000166893005,-0.28200000524520874,-0.2459999918937683,-0.2070000022649765,-0.13199999928474426,-0.15200001001358032,-0.16300000250339508,-0.10899999737739563,-0.05900000035762787,-0.03700000047683716,-0.030000001192092896,-0.03400000184774399,-0.05700000002980232,-0.04600000008940697,-0.0559999980032444,0.0,0.04100000113248825,0.007999999448657036,0.03100000135600567,0.0,0.0,0.0,0.0,0.0,0.0
-0.03100000135600567,0.017999999225139618,-0.010000000707805157,-0.03800000250339508,-0.041999999433755875,-0.017000000923871994,-0.02199999988079071,-0.1510000079870224,-0.23399999737739563,-0.2459999918937683,-0.10999999940395355,0.05100000277161598,0.09600000083446503,0.10099999606609344,0.0,0.0,-0.08399999886751175,-0.13699999451637268,-0.17100000381469727,-0.20099999010562897,-0.25099998712539673,-0.29500001668930054,-0.30799999833106995,-0.2939999997615814,-0.2849999964237213,-0.27799999713897705,-0.19699999690055847,-0.1860000044107437,-0.2549999952316284,-0.2549999952316284,-0.20800000429153442,-0.1600000113248825,-0.1119999960064888,-0.10200000554323196,-0.10700000822544098,-0.12799999117851257,-0.09999999403953552,-0.054999999701976776,-0.003999999724328518,0.026000000536441803,-0.0009999999310821295,0.0009999999310821295,0.0,0.0,0.0,0.0,0.0,0.0
0.003000000026077032,0.032999999821186066,0.04600000008940697,0.01900000125169754,0.01599999889731407,0.032999999821186066,-0.04800000041723251,-0.08999999612569809,-0.07600000500679016,-0.1340000033378601,-0.15299999713897705,-0.07000000029802322,0.05700000002980232,0.07899999618530273,0.0,-0.03500000014901161,-0.07400000095367432,-0.11300000548362732,-0.16300000250339508,-0.21199999749660492,-0.2639999985694885,-0.28700000047683716,-0.2720000147819519,-0.21299999952316284,-0.25099998712539673,-0.14999999105930328,-0.16499999165534973,-0.22100000083446503,-0.29600000381469727,-0.34700000286102295,-0.31700000166893005,-0.25999999046325684,-0.2150000035762787,-0.20400001108646393,-0.17399999499320984,-0.17999999225139618,-0.11699999868869781,-0.054999999701976776,-0.010999999940395355,0.003000000026077032,-0.010999999940395355,-0.020000001415610313,0.0,0.0,0.0,0.0,0.0,0.0
0.07199999690055847,0.052000001072883606,-0.10300000011920929,-0.16300000250339508,-0.20400001108646393,-0.2639999985694885,-0.3869999945163727,-0.5070000290870667,-0.2930000126361847,-0.03100000135600567,-0.0009999999310821295,-0.03199999779462814,-0.02499999850988388,-0.003000000026077032,0.0,0.0279999990016222,0.001999999862164259,-0.05700000002980232,-0.10400000214576721,-0.13699999451637268,-0.12700000405311584,-0.05900000035762787,0.008999999612569809,0.03800000250339508,-0.005000000353902578,-0.010000000707805157,-0.10999999940395355,-0.20800000429153442,-0.34200000762939453,-0.41700002551078796,-0.414000004529953,-0.3929999768733978,-0.32600000500679016,-0.2930000126361847,-0.2370000034570694,-0.20099999010562897,-0.11500000208616257,-0.052000001072883606,-0.007999999448657036,-0.006000000052154064,-0.01900000125169754,-0.03100000135600567,0.0,0.0,0.0,0.0,0.0,0.0
-0.125,-0.28999999165534973,-0.45899999141693115,-0.49699997901916504,-0.4989999830722809,-0.4989999830722809,-0.5180000066757202,-0.5479999780654907,-0.3869999945163727,-0.2669999897480011,-0.15799999237060547,-0.2329999953508377,-0.10099999606609344,0.054999999701976776,0.0,0.07499999552965164,0.06599999964237213,0.03400000184774399,0.03700000047683716,0.049000002443790436,0.07899999618530273,0.1379999965429306,0.1860000044107437,0.1720000058412552,0.1290000081062317,0.02499999850988388,-0.09800000488758087,-0.32099997997283936,-0.45100000500679016,-0.45499998331069946,-0.43699997663497925,-0.41700002551078796,-0.3880000114440918,-0.32999998331069946,-0.2590000033378601,-0.17599999904632568,-0.08999999612569809,-0.04399999976158142,-0.008999999612569809,-0.017999999225139618,-0.028999999165534973,0.0,0.0,0.0,0.0,0.0,0.0,0.0
-0.4749999940395355,-0.4860000014305115,-0.5170000195503235,-0.527999997138977,-0.5239999890327454,-0.5199999809265137,-0.5370000004768372,-0.5249999761581421,-0.39399999380111694,-0.20899999141693115,-0.2199999988079071,-0.07400000095367432,0.001999999862164259,-0.010999999940395355,0.0,0.0689999982714653,0.05900000035762787,0.06700000166893005,0.09600000083446503,0.10300000011920929,0.1290000081062317,0.1850000023841858,0.21799999475479126,0.1600000113248825,0.10999999940395355,0.0,-0.1770000010728836,-0.35500001907348633,-0.4440000057220459,-0.45399999618530273,-0.4520000219345093,-0.45100000500679016,-0.44599997997283936,-0.38499999046325684,-0.2639999985694885,-0.1860000044107437,-0.12700000405311584,-0.04600000008940697,-0.01900000125169754,-0.028999999165534973,-0.03800000250339508,0.0,0.0,0.0,0.0,0.0,0.0,0.0
-0.5199999809265137,-0.5320000052452087,-0.5139999985694885,-0.49300000071525574,-0.4780000150203705,-0.45000001788139343,-0.40199998021125793,-0.36400002241134644,-0.28200000524520874,-0.2199999988079071,-0.22299998998641968,-0.25099998712539673,-0.3400000333786011,-0.2619999945163727,-0.19200000166893005,-0.12000000476837158,-0.028999999165534973,0.07100000232458115,0.08799999952316284,0.032999999821186066,0.08999999612569809,0.1080000028014183,0.06800000369548798,-0.012000000104308128,-0.0949999988079071,-0.1340000033378601,-0.1810000091791153,-0.20099999010562897,-0.34700000286102295,-0.3779999911785126,-0.38499999046325684,-0.41200000047683716,-0.4269999861717224,-0.3869999945163727,-0.26600000262260437,-0.17800000309944153,-0.15200001001358032,-0.06499999761581421,-0.028999999165534973,-0.03700000047683716,0.0,0.0,0.0,0.0,0.0,0.0,0.0,0.0
-0.5149999856948853,-0.4449999928474426,-0.40299999713897705,-0.375,-0.35899999737739563,-0.32099997997283936,-0.30799999833106995,-0.2980000078678131,-0.29999998211860657,-0.25599998235702515,-0.1979999989271164,-0.20500001311302185,-0.23100000619888306,-0.23600000143051147,-0.2750000059604645,-0.28200000524520874,-0.20800000429153442,-0.27000001072883606,-0.21899999678134918,-0.11100000143051147,-0.007999999448657036,-0.024000000208616257,-0.14399999380111694,-0.1940000057220459,-0.210999995470047,-0.1940000057220459,-0.1679999977350235,-0.17399999499320984,-0.24700000882148743,-0.3109999895095825,-0.31800001859664917,-0.28999999165534973,-0.2529999911785126,-0.2150000035762787,-0.20899999141693115,-0.19600000977516174,-0.15599998831748962,-0.03700000047683716,-0.0430000014603138,-0.04800000041723251,0.0,0.0,0.0,0.0,0.0,0.0,0.0,0.0
-0.4190000295639038,-0.34700000286102295,-0.3460000157356262,-0.3540000021457672,-0.3409999907016754,-0.32600000500679016,-0.3319999873638153,-0.31700000166893005,-0.2980000078678131,-0.28600001335144043,-0.22200000286102295,-0.1860000044107437,-0.012000000104308128,-0.041999999433755875,-0.41700002551078796,-0.3779999911785126,-0.35500001907348633,-0.289000004529953,-0.25999999046325684,-0.25699999928474426,-0.2459999918937683,-0.3530000150203705,-0.39500001072883606,-0.33899998664855957,-0.25599998235702515,-0.19200000166893005,-0.1979999989271164,-0.25699999928474426,-0.2639999985694885,-0.20999999344348907,-0.1770000010728836,-0.1850000023841858,-0.23100000619888306,-0.23900000751018524,-0.23900000751018524,-0.2239999920129776,-0.1469999998807907,-0.06000000238418579,-0.05900000035762787,-0.060999996960163116,0.0,0.0,0.0,0.0,0.0,0.0,0.0,0.0
-0.3709999918937683,-0.35500001907348633,-0.3460000157356262,-0.34299999475479126,-0.3240000009536743,-0.3089999854564667,-0.30300000309944153,-0.2840000092983246,-0.2449999898672104,-0.24300000071525574,-0.23000000417232513,-0.17999999225139618,-0.17800000309944153,-0.1600000113248825,-0.3830000162124634,-0.335999995470047,-0.34200000762939453,-0.26100000739097595,-0.26899999380111694,-0.2879999876022339,-0.328000009059906,-0.3400000333786011,-0.3460000157356262,-0.2939999997615814,-0.22200000286102295,-0.23100000619888306,-0.2930000126361847,-0.31300002336502075,-0.16200000047683716,-0.05299999937415123,-0.0860000029206276,-0.17599999904632568,-0.24900001287460327,-0.22699999809265137,-0.25699999928474426,-0.24900001287460327,-0.1730000078678131,-0.09300000220537186,-0.06599999964237213,0.0,0.0,0.0,0.0,0.0,0.0,0.0,0.0,0.0
-0.39800000190734863,-0.3669999837875366,-0.3190000057220459,-0.29500001668930054,-0.26899999380111694,-0.2540000081062317,-0.24700000882148743,-0.24300000071525574,-0.21700000762939453,-0.203000009059906,-0.20500001311302185,-0.20600000023841858,-0.22500000894069672,-0.25999999046325684,-0.27000001072883606,-0.29500001668930054,-0.31599998474121094,-0.289000004529953,-0.2789999842643738,-0.3089999854564667,-0.3479999899864197,-0.3290000259876251,-0.2669999897480011,-0.21899999678134918,-0.1889999955892563,-0.2540000081062317,-0.32099997997283936,-0.25,-0.15200001001358032,-0.1340000033378601,-0.14999999105930328,-0.13899999856948853,-0.13199999928474426,-0.14499999582767487,-0.1899999976158142,-0.2669999897480011,-0.18400000035762787,-0.06000000238418579,0.0,0.0,0.0,0.0,0.0,0.0,0.0,0.0,0.0,0.0
-0.414000004529953,-0.3269999921321869,-0.2800000011920929,-0.2630000114440918,-0.25,-0.23199999332427979,-0.22200000286102295,-0.2019999921321869,-0.1860000044107437,-0.1940000057220459,-0.22299998998641968,-0.24900001287460327,-0.3059999942779541,-0.30400002002716064,-0.29899999499320984,-0.3050000071525574,-0.328000009059906,-0.3959999978542328,-0.42399999499320984,-0.3489999771118164,-0.28299999237060547,-0.24800001084804535,-0.21899999678134918,-0.19900000095367432,-0.2199999988079071,-0.2800000011920929,-0.2329999953508377,-0.17499999701976776,-0.07799999415874481,-0.035999998450279236,-0.035999998450279236,-0.05900000035762787,-0.09800000488758087,0.0,0.0,-0.11800000071525574,-0.05400000140070915,0.0,0.0,0.0,0.0,0.0,0.0,0.0,0.0,0.0,0.0,0.0
-0.36800000071525574,-0.30300000309944153,-0.28299999237060547,-0.27000001072883606,-0.24700000882148743,-0.21299999952316284,-0.19300000369548798,-0.1810000091791153,-0.16599999368190765,-0.17100000381469727,-0.23100000619888306,-0.3269999921321869,-0.39900001883506775,-0.4309999942779541,-0.42899999022483826,-0.4269999861717224,-0.4830000102519989,-0.48799997568130493,-0.4620000123977661,-0.3330000042915344,-0.27000001072883606,-0.2280000001192093,-0.1860000044107437,-0.203000009059906,-0.2549999952316284,-0.24900001287460327,-0.19300000369548798,-0.08900000154972076,0.015000000596046448,0.030000001192092896,-0.03100000135600567,-0.09399999678134918,0.0,0.0,0.0,0.0,0.0,0.0,0.0,0.0,0.0,0.0,0.0,0.0,0.0,0.0,0.0,0.0
-0.3319999873638153,-0.35100001096725464,-0.3050000071525574,-0.2709999978542328,-0.24199999868869781,-0.20800000429153442,-0.164000004529953,-0.22500000894069672,-0.22299998998641968,-0.23800000548362732,-0.2630000114440918,-0.31599998474121094,-0.3799999952316284,-0.4300000071525574,-0.4190000295639038,-0.42899999022483826,-0.42500001192092896,-0.41499999165534973,-0.375,-0.3400000333786011,-0.27399998903274536,-0.21299999952316284,-0.20500001311302185,-0.24900001287460327,-0.2370000034570694,-0.21700000762939453,-0.13899999856948853,-0.017999999225139618,0.03700000047683716,-0.01900000125169754,-0.07400000095367432,0.0,0.0,0.0,0.0,0.0,0.0,0.0,0.0,0.0,0.0,0.0,0.0,0.0,0.0,0.0,0.0,0.0
-0.4100000262260437,-0.4100000262260437,-0.3330000042915344,-0.25999999046325684,-0.23600000143051147,-0.2800000011920929,-0.3009999990463257,-0.3190000057220459,-0.3050000071525574,-0.3070000112056732,-0.32200002670288086,-0.3709999918937683,-0.4039999842643738,-0.4050000011920929,-0.4129999876022339,-0.39900001883506775,-0.3929999768733978,-0.3970000147819519,-0.3799999952316284,-0.34299999475479126,-0.2709999978542328,-0.21700000762939453,-0.2540000081062317,-0.2720000147819519,-0.17100000381469727,-0.13600000739097595,-0.05700000002980232,0.03500000014901161,-0.006000000052154064,-0.04999999701976776,0.0,0.0,0.0,0.0,0.0,0.0,0.0,0.0,0.0,0.0,0.0,0.0,0.0,0.0,0.0,0.0,0.0,0.0
-0.4129999876022339,-0.3840000033378601,-0.35100001096725464,-0.3400000333786011,-0.3479999899864197,-0.390999972820282,-0.4050000011920929,-0.3840000033378601,-0.3709999918937683,-0.3869999945163727,-0.4100000262260437,-0.4269999861717224,-0.42399999499320984,-0.3799999952316284,-0.3669999837875366,-0.4449999928474426,-0.4780000150203705,-0.44200000166893005,-0.3869999945163727,-0.320000022649765,-0.2580000162124634,-0.2709999978542328,-0.29500001668930054,-0.15900000929832458,-0.07899999618530273,-0.0820000022649765,-0.05400000140070915,-0.017999999225139618,-0.03700000047683716,-0.09200000017881393,0.0,0.0,0.0,0.0,0.0,0.0,0.0,0.0,0.0,0.0,0.0,0.0,0.0,0.0,0.0,0.0,0.0,0.0
