static/data/wind2.json
{"header": { "parameterNumberName": "northward_wind", "parameterUnit": "m.s-1", "parameterNumber": 3, "parameterCategory": 2, "nx": 121, "ny": 221, "numberPoints": 26741, "dx": 0.005000000000000071, "dy": 0.005000000000000006, "la1": -31.6, "lo1": 115.3, "la2": -32.7, "lo2": 115.9, "refTime": "2022-11-25 00:00:00" }, "data":
[rows 21 to 41 of 221, columns 49 to 97 of 121]
0.0,0.0,0.0,0.0,0.0,0.0,0.0,0.0,0.0,0.0,0.0,-0.8500000238418579,-0.777999997138977,-0.7620000243186951,-0.7900000214576721,-0.8039999604225159,-0.8100000023841858,-0.7680000066757202,-0.6710000038146973,-0.4050000011920929,-0.4950000047683716,-0.6260000467300415,-0.6360000371932983,-0.5830000042915344,-0.3089999854564667,0.03500000014901161,-0.21199999749660492,-0.19300000369548798,0.11900000274181366,0.36899998784065247,0.052000001072883606,0.007999999448657036,-0.22299998998641968,0.0,0.0,0.0,0.0,0.0,0.0,0.0,0.0,0.0,0.0,0.0,0.0,0.0,0.0,0.0,0.0
0.0,0.0,0.0,0.0,0.0,0.0,0.0,0.0,-0.9120000004768372,-0.8410000205039978,-0.7829999923706055,-0.722000002861023,-0.675000011920929,-0.6920000314712524,-0.7230000495910645,-0.7389999628067017,-0.7249999642372131,-0.6740000247955322,-0.3840000033378601,-0.01599999889731407,-0.2770000100135803,-0.5049999952316284,-0.7209999561309814,-0.5789999961853027,-0.3190000057220459,-0.1730000078678131,-0.15699999034404755,-0.22299998998641968,0.07400000095367432,0.4490000009536743,0.06399999558925629,0.15399999916553497,0.00699999975040555,0.0,0.0,0.0,0.0,0.0,0.0,0.0,0.0,0.0,0.0,0.0,0.0,0.0,0.0,0.0,0.0
0.0,0.0,0.0,0.0,0.0,0.0,-0.9040000438690186,-0.8600000143051147,-0.8160000443458557,-0.7919999957084656,-0.753000020980835,-0.7039999961853027,-0.6310000419616699,-0.5950000286102295,-0.6100000143051147,-0.6050000190734863,-0.5879999995231628,-0.546999990940094,-0.2720000147819519,0.164000004529953,-0.11699999868869781,-0.4610000252723694,-0.6859999895095825,-0.7319999933242798,-0.4560000002384186,-0.12000000476837158,0.1420000046491623,-0.36899998784065247,0.21700000762939453,-0.035999998450279236,-0.15399999916553497,0.2840000092983246,0.041999999433755875,0.0,0.0,0.0,0.0,0.0,0.0,0.0,0.0,0.0,0.0,0.0,0.0,0.0,0.0,0.0,0.0
0.0,0.0,0.0,-0.9459999799728394,-0.9099999666213989,-0.8759999871253967,-0.8730000257492065,-0.8799999952316284,-0.8690000176429749,-0.8179999589920044,-0.7410000562667847,-0.6150000095367432,-0.49400001764297485,-0.4449999928474426,-0.4710000157356262,-0.46700000762939453,-0.4580000042915344,-0.414000004529953,-0.2939999997615814,-0.01599999889731407,0.0820000022649765,-0.2669999897480011,-0.6539999842643738,-0.812000036239624,-0.590999960899353,-0.26499998569488525,-0.2529999911785126,-0.4960000216960907,-0.08299999684095383,0.06800000369548798,-0.23399999737739563,0.12600000202655792,0.12199999392032623,0.22299998998641968,0.0,0.0,0.0,0.0,0.0,0.0,0.0,0.0,0.0,0.0,0.0,0.0,0.0,0.0,0.0
-0.9650000333786011,-0.9529999494552612,-0.9309999942779541,-0.9420000314712524,-0.956000030040741,-0.9509999752044678,-0.9520000219345093,-0.9570000171661377,-0.8619999885559082,-0.7389999628067017,-0.5929999947547913,-0.46299999952316284,-0.320000022649765,-0.28600001335144043,-0.3109999895095825,-0.3269999921321869,-0.32200002670288086,-0.335999995470047,-0.31700000166893005,-0.17999999225139618,-0.03700000047683716,-0.054999999701976776,-0.590999960899353,-0.9350000619888306,-1.0419999361038208,-0.9610000252723694,-0.64000004529953,-0.37400001287460327,0.04399999976158142,0.29999998211860657,0.035999998450279236,0.11500000208616257,0.24900001287460327,0.3449999988079071,0.0,0.0,0.0,0.0,0.0,0.0,0.0,0.0,0.0,0.0,0.0,0.0,0.0,0.0,0.0
-0.9780000448226929,-1.0010000467300415,-1.0169999599456787,-1.0329999923706055,-1.0419999361038208,-1.0059999227523804,-0.9139999747276306,-0.8309999704360962,-0.7300000190734863,-0.6179999709129333,-0.48900002241134644,-0.25599998235702515,0.07799999415874481,-0.09700000286102295,-0.1770000010728836,-0.25999999046325684,-0.3149999976158142,-0.3240000009536743,-0.3139999806880951,-0.2800000011920929,-0.1600000113248825,-0.035999998450279236,-0.5590000152587891,-1.1779999732971191,-1.3230000734329224,-1.1339999437332153,-0.6539999842643738,-0.2540000081062317,0.04000000283122063,0.4989999830722809,0.9079999923706055,0.5900000333786011,0.3620000183582306,0.38499999046325684,0.3020000159740448,0.0,0.0,0.0,0.0,0.0,0.0,0.0,0.0,0.0,0.0,0.0,0.0,0.0,0.0
-1.058000087738037,-1.0829999446868896,-1.090999960899353,-1.0529999732971191,-1.0080000162124634,-0.9359999895095825,-0.8560000658035278,-0.7450000047683716,-0.6759999990463257,-0.6380000114440918,-0.45399999618530273,-0.16200000047683716,0.38600000739097595,0.1810000091791153,-0.12799999117851257,-0.2409999966621399,-0.3319999873638153,-0.4050000011920929,-0.4039999842643738,-0.3610000014305115,-0.31700000166893005,-0.3109999895095825,-0.6169999837875366,-1.0509999990463257,-1.465999960899353,-1.3420000076293945,-0.47600001096725464,-0.1080000028014183,-0.0559999980032444,0.5350000262260437,1.0320000648498535,1.0499999523162842,0.4610000252723694,0.45000001788139343,0.6979999542236328,0.0,0.0,0.0,0.0,0.0,0.0,0.0,0.0,0.0,0.0,0.0,0.0,0.0,0.0
-1.1010000705718994,-1.0770000219345093,-1.0570000410079956,-1.0119999647140503,-0.9709999561309814,-0.9309999942779541,-0.8829999566078186,-0.8109999895095825,-0.7410000562667847,-0.6669999361038208,-0.44300001859664917,-0.17899999022483826,0.17899999022483826,0.2919999957084656,0.09100000560283661,-0.23000000417232513,-0.3819999694824219,-0.4870000183582306,-0.5130000114440918,-0.4870000183582306,-0.46799999475479126,-0.4960000216960907,-0.671999990940094,-0.9009999632835388,-1.1610000133514404,-1.527000069618225,-0.9670000076293945,-0.03700000047683716,-0.04399999976158142,0.23399999737739563,0.7400000095367432,0.949999988079071,0.6389999985694885,0.8299999833106995,0.5799999833106995,0.0,0.0,0.0,0.0,0.0,0.0,0.0,0.0,0.0,0.0,0.0,0.0,0.0,0.0
-1.0729999542236328,-1.0479999780654907,-1.0549999475479126,-1.0469999313354492,-1.0329999923706055,-0.9860000014305115,-0.9309999942779541,-0.859000027179718,-0.7670000195503235,-0.6729999780654907,-0.4269999861717224,-0.13300000131130219,0.17499999701976776,0.15599998831748962,0.14900000393390656,-0.05100000277161598,-0.32999998331069946,-0.5320000052452087,-0.5139999985694885,-0.5720000267028809,-0.5299999713897705,-0.5139999985694885,-0.5799999833106995,-0.7410000562667847,-1.1139999628067017,-1.6169999837875366,-0.8479999899864197,-0.25099998712539673,-0.12700000405311584,-0.12199999392032623,0.5680000185966492,0.796999990940094,1.1299999952316284,0.621999979019165,0.48500001430511475,0.43699997663497925,0.0,0.0,0.0,0.0,0.0,0.0,0.0,0.0,0.0,0.0,0.0,0.0,0.0
-1.1060000658035278,-1.1119999885559082,-1.125,-1.1159999370574951,-1.0950000286102295,-1.0379999876022339,-0.9780000448226929,-0.9020000100135803,-0.8020000457763672,-0.6729999780654907,-0.41999998688697815,-0.10200000554323196,0.10899999737739563,-0.020000001415610313,-0.028999999165534973,-0.04100000113248825,-0.14100000262260437,-0.6480000019073486,-0.2070000022649765,-0.3050000071525574,-0.5209999680519104,-0.4560000002384186,-0.546999990940094,-0.8399999737739563,-1.1399999856948853,-1.253000020980835,-0.46000000834465027,-0.21899999678134918,-0.23399999737739563,0.03400000184774399,0.4410000145435333,0.6880000233650208,1.0260000228881836,0.5230000019073486,0.4989999830722809,0.4620000123977661,0.0,0.0,0.0,0.0,0.0,0.0,0.0,0.0,0.0,0.0,0.0,0.0,0.0
-1.1759999990463257,-1.181999921798706,-1.1920000314712524,-1.1779999732971191,-1.1549999713897705,-1.0950000286102295,-1.0239999294281006,-0.9440000057220459,-0.8250000476837158,-0.6729999780654907,-0.45100000500679016,-0.2160000056028366,-0.03100000135600567,-0.16899999976158142,-0.19699999690055847,-0.23900000751018524,-0.3889999985694885,-0.7039999961853027,-0.20099999010562897,0.07899999618530273,-0.1889999955892563,-0.5090000033378601,-0.7089999914169312,-0.781000018119812,-0.972000002861023,-1.034000039100647,-0.7100000381469727,0.05700000002980232,0.16499999165534973,0.23900000751018524,0.5249999761581421,0.6970000267028809,0.4710000157356262,0.4610000252723694,0.6290000081062317,0.4350000023841858,0.0,0.0,0.0,0.0,0.0,0.0,0.0,0.0,0.0,0.0,0.0,0.0,0.0
-1.2400000095367432,-1.2430000305175781,-1.2569999694824219,-1.24399995803833,-1.215000033378601,-1.1480000019073486,-1.0759999752044678,-0.9850000143051147,-0.8619999885559082,-0.7170000076293945,-0.5389999747276306,-0.3020000159740448,-0.1340000033378601,-0.26100000739097595,-0.31300002336502075,-0.31800001859664917,-0.37599998712539673,-0.5789999961853027,-0.04000000283122063,0.28700000047683716,0.013000000268220901,-0.20099999010562897,-0.4919999837875366,-0.7129999995231628,-0.9399999380111694,-1.0520000457763672,-0.6089999675750732,-0.07699999958276749,0.46299999952316284,0.46399998664855957,0.13199999928474426,0.5929999947547913,0.5189999938011169,0.8420000076293945,0.6230000257492065,0.35500001907348633,0.3089999854564667,0.0,0.0,0.0,0.0,0.0,0.0,0.0,0.0,0.0,0.0,0.0,0.0
-1.2980000972747803,-1.3050000667572021,-1.3220000267028809,-1.3079999685287476,-1.2760000228881836,-1.1990000009536743,-1.1119999885559082,-1.0109999179840088,-0.8889999985694885,-0.7630000114440918,-0.6029999852180481,-0.3709999918937683,-0.18799999356269836,-0.2930000126361847,-0.28999999165534973,-0.2840000092983246,-0.29899999499320984,-0.5540000200271606,-0.09800000488758087,0.31800001859664917,0.3009999990463257,0.11599999666213989,-0.16300000250339508,-0.5950000286102295,-0.8770000338554382,-0.8730000257492065,-0.4819999933242798,-0.14000000059604645,0.14300000667572021,0.2540000081062317,0.08999999612569809,0.45899999141693115,0.6260000467300415,0.3790000081062317,0.30799999833106995,0.3610000014305115,0.320000022649765,0.0,0.0,0.0,0.0,0.0,0.0,0.0,0.0,0.0,0.0,0.0,0.0
-1.3580000400543213,-1.3639999628067017,-1.3799999952316284,-1.3609999418258667,-1.3199999332427979,-1.2380000352859497,-1.1480000019073486,-1.0469999313354492,-0.9359999895095825,-0.8140000104904175,-0.6599999666213989,-0.39800000190734863,-0.1720000058412552,-0.2770000100135803,-0.22600001096725464,-0.17599999904632568,-0.2070000022649765,-0.32499998807907104,-0.12000000476837158,0.3929999768733978,0.35500001907348633,0.2879999876022339,0.08299999684095383,-0.2160000056028366,-0.49800002574920654,-0.6539999842643738,-0.562000036239624,-0.4320000112056732,-0.12299999594688416,0.44699999690055847,0.15799999237060547,0.3880000114440918,0.7249999642372131,0.42500001192092896,0.2750000059604645,0.3999999761581421,0.30799999833106995,0.0,0.0,0.0,0.0,0.0,0.0,0.0,0.0,0.0,0.0,0.0,0.0
-1.406999945640564,-1.4059998989105225,-1.4210000038146973,-1.4059998989105225,-1.3650000095367432,-1.2860000133514404,-1.1970000267028809,-1.0899999141693115,-0.9780000448226929,-0.8600000143051147,-0.6959999799728394,-0.4190000295639038,-0.08500000834465027,-0.15599998831748962,-0.10499999672174454,0.05400000140070915,0.17000001668930054,0.11400000005960464,-0.20400001108646393,-0.0729999989271164,0.3149999976158142,0.3269999921321869,0.320000022649765,0.22600001096725464,0.16899999976158142,-0.33799999952316284,-0.8889999985694885,-0.7549999952316284,-0.14300000667572021,0.40700000524520874,0.4129999876022339,0.2639999985694885,0.8690000176429749,0.5320000052452087,0.29999998211860657,0.41099998354911804,0.3020000159740448,0.0,0.0,0.0,0.0,0.0,0.0,0.0,0.0,0.0,0.0,0.0,0.0
-1.441999912261963,-1.4399999380111694,-1.4560000896453857,-1.4520000219345093,-1.4139999151229858,-1.3370000123977661,-1.2430000305175781,-1.13100004196167,-1.0189999341964722,-0.8990000486373901,-0.6889999508857727,-0.3779999911785126,0.06599999964237213,0.05700000002980232,0.13199999928474426,0.2770000100135803,0.2459999918937683,0.1379999965429306,-0.07400000095367432,-0.3190000057220459,-0.13899999856948853,0.2879999876022339,0.44300001859664917,0.4899999797344208,0.42899999022483826,0.27000001072883606,-0.5680000185966492,-0.8230000138282776,-0.13500000536441803,0.3070000112056732,0.43299999833106995,0.15900000929832458,0.9130000472068787,0.6299999952316284,0.375,0.4280000329017639,0.41600000858306885,0.0,0.0,0.0,0.0,0.0,0.0,0.0,0.0,0.0,0.0,0.0,0.0
-1.4700000286102295,-1.4639999866485596,-1.4820001125335693,-1.4880000352859497,-1.4470000267028809,-1.3760000467300415,-1.284999966621399,-1.1699999570846558,-1.0479999780654907,-0.9160000085830688,-0.6279999613761902,-0.20500001311302185,0.25,0.3109999895095825,0.2290000021457672,0.1459999978542328,0.15699999034404755,0.16200000047683716,0.09100000560283661,0.00699999975040555,-0.14900000393390656,-0.06800000369548798,0.3499999940395355,0.49800002574920654,0.40700000524520874,0.33799999952316284,-0.21199999749660492,-0.5389999747276306,-0.4569999873638153,0.10899999737739563,0.621999979019165,0.3569999933242798,0.6930000185966492,0.6290000081062317,0.3790000081062317,0.5220000147819519,0.5479999780654907,0.3070000112056732,0.0,0.0,0.0,0.0,0.0,0.0,0.0,0.0,0.0,0.0,0.0
-1.4910000562667847,-1.4730000495910645,-1.4890000820159912,-1.503999948501587,-1.4759999513626099,-1.4249999523162842,-1.334999918937683,-1.2179999351501465,-0.9810000061988831,-0.7289999723434448,-0.36800000071525574,0.010000000707805157,0.3290000259876251,0.31599998474121094,0.25699999928474426,0.1119999960064888,0.12600000202655792,0.20099999010562897,0.2549999952316284,0.24900001287460327,0.31599998474121094,0.28299999237060547,0.10700000822544098,0.1889999955892563,0.27300000190734863,0.19699999690055847,-0.0430000014603138,-0.20800000429153442,-0.593999981880188,-0.04100000113248825,0.5839999914169312,0.6660000085830688,0.6499999761581421,0.5110000371932983,0.39399999380111694,0.6069999933242798,0.6639999747276306,0.5090000033378601,0.0,0.0,0.0,0.0,0.0,0.0,0.0,0.0,0.0,0.0,0.0
-1.4849998950958252,-1.4679999351501465,-1.4929999113082886,-1.5350000858306885,-1.528999924659729,-1.4820001125335693,-1.2769999504089355,-1.0299999713897705,-0.7730000019073486,-0.4280000329017639,-0.33399999141693115,-0.12999999523162842,0.18200001120567322,0.375,0.3720000088214874,0.16599999368190765,0.1600000113248825,0.25200000405311584,0.38499999046325684,0.453000009059906,0.43799999356269836,0.3460000157356262,0.16699999570846558,-0.2630000114440918,0.18400000035762787,0.31300002336502075,0.13600000739097595,-0.028999999165534973,-0.3700000047683716,0.028999999165534973,0.4259999990463257,0.35100001096725464,0.562999963760376,0.4390000104904175,0.335999995470047,0.5009999871253967,0.5999999642372131,0.7509999871253967,0.0,0.0,0.0,0.0,0.0,0.0,0.0,0.0,0.0,0.0,0.0
-1.5069999694824219,-1.5149999856948853,-1.531000018119812,-1.5520000457763672,-1.5209999084472656,-1.312000036239624,-1.1119999885559082,-0.8739999532699585,-0.4919999837875366,-0.05700000002980232,-0.3089999854564667,-0.27399998903274536,0.020999999716877937,0.4620000123977661,0.4179999828338623,0.23900000751018524,0.24300000071525574,0.3630000054836273,0.4560000002384186,0.4780000150203705,0.3840000033378601,0.1770000010728836,-0.003999999724328518,0.13199999928474426,0.3269999921321869,0.3840000033378601,0.2709999978542328,0.03400000184774399,0.054999999701976776,-0.07899999618530273,0.2630000114440918,0.2789999842643738,0.5230000019073486,0.5569999814033508,0.42500001192092896,0.4129999876022339,0.47200000286102295,0.4259999990463257,0.0,0.0,0.0,0.0,0.0,0.0,0.0,0.0,0.0,0.0,0.0
-1.555999994277954,-1.5449999570846558,-1.5230000019073486,-1.5069999694824219,-1.3980000019073486,-1.0490000247955322,-1.003000020980835,-0.7480000257492065,-0.4440000057220459,-0.020999999716877937,-0.43699997663497925,-0.3540000021457672,0.01599999889731407,0.48900002241134644,0.47600001096725464,0.3700000047683716,0.3620000183582306,0.4129999876022339,0.43699997663497925,0.3290000259876251,0.25099998712539673,0.28999999165534973,0.1510000079870224,0.2160000056028366,0.19500000774860382,0.32200002670288086,0.23499998450279236,0.0949999988079071,0.052000001072883606,0.020000001415610313,0.3999999761581421,0.2879999876022339,0.5130000114440918,0.8340000510215759,0.6080000400543213,0.5009999871253967,0.4620000123977661,0.3240000009536743,0.0,0.0,0.0,0.0,0.0,0.0,0.0,0.0,0.0,0.0,0.0
