static/data/wind4.json
{"header": { "parameterNumberName": "northward_wind", "parameterUnit": "m.s-1", "parameterNumber": 3, "parameterCategory": 2, "nx": 121, "ny": 221, "numberPoints": 26741, "dx": 0.005000000000000071, "dy": 0.005000000000000006, "la1": -31.6, "lo1": 115.3, "la2": -32.7, "lo2": 115.9, "refTime": "2022-11-25 04:00:00" }, "data":
[rows 126 to 146 of 221, columns 0 to 48 of 121]
0.0,0.0,0.0,0.0,0.0,0.0,-3.9170000553131104,-4.013999938964844,-3.8409998416900635,-3.696000099182129,-3.552000045776367,-3.3919999599456787,-3.1470000743865967,-2.8340001106262207,-2.6059999465942383,-2.3999998569488525,-2.1549999713897705,-1.9859999418258667,-1.8790000677108765,-1.8880000114440918,-1.8220000267028809,-1.6750000715255737,-1.6339999437332153,-1.6369999647140503,-1.6470000743865967,-1.437000036239624,-1.1920000314712524,-0.9819999933242798,-0.7029999494552612,-0.7580000162124634,-0.722000002861023,-0.6029999852180481,-0.5080000162124634,-0.4100000262260437,-0.4830000102519989,-0.7109999656677246,-0.6179999709129333,-0.5720000267028809,-0.5090000033378601,-0.47699999809265137,-0.4819999933242798,-0.5249999761581421,-0.5699999928474426,-0.5239999890327454,-0.5460000038146973,-0.75,-0.9110000133514404,-0.9390000104904175,-0.9909999966621399
0.0,0.0,0.0,0.0,0.0,0.0,-3.935999870300293,-4.052999973297119,-3.8569998741149902,-3.6660001277923584,-3.510000228881836,-3.328000068664551,-3.1009998321533203,-2.799999952316284,-2.574000120162964,-2.367000102996826,-2.1040000915527344,-1.9290000200271606,-1.812000036239624,-1.8170000314712524,-1.7350000143051147,-1.5850000381469727,-1.5759999752044678,-1.6050000190734863,-1.5670000314712524,-1.2319999933242798,-0.9790000319480896,-0.8030000329017639,-0.6729999780654907,-0.6069999933242798,-0.562000036239624,-0.5449999570846558,-0.4860000014305115,-0.41700002551078796,-0.5360000133514404,-0.7050000429153442,-0.6190000176429749,-0.5839999914169312,-0.5260000228881836,-0.4899999797344208,-0.42500001192092896,-0.3460000157356262,-0.4870000183582306,-0.5110000371932983,-0.5809999704360962,-0.7289999723434448,-0.8899999856948853,-0.8820000290870667,-0.8680000305175781
0.0,0.0,0.0,0.0,0.0,0.0,-3.9549999237060547,-4.067999839782715,-3.8540000915527344,-3.6619999408721924,-3.4529998302459717,-3.259999990463257,-3.0419998168945312,-2.756999969482422,-2.5369999408721924,-2.371000051498413,-2.071000099182129,-1.8629999160766602,-1.746000051498413,-1.7309999465942383,-1.6349999904632568,-1.4630000591278076,-1.4200000762939453,-1.1670000553131104,-0.9629999995231628,-1.0109999179840088,-0.9149999618530273,-0.7800000309944153,-0.64000004529953,-0.6019999980926514,-0.5889999866485596,-0.562000036239624,-0.5099999904632568,-0.45000001788139343,-0.5740000009536743,-0.7089999914169312,-0.6310000419616699,-0.5830000042915344,-0.5090000033378601,-0.4479999840259552,-0.37400001287460327,-0.35100001096725464,-0.5770000219345093,-0.5329999923706055,-0.562000036239624,-0.7450000047683716,-0.8990000486373901,-0.8370000123977661,-0.8500000238418579
0.0,0.0,0.0,0.0,0.0,0.0,-3.9730000495910645,-4.084000110626221,-3.86299991607666,-3.6389999389648438,-3.4000000953674316,-3.0889999866485596,-2.9629998207092285,-2.7059998512268066,-2.567999839782715,-2.3949999809265137,-2.047999858856201,-1.8440001010894775,-1.7039999961853027,-1.6729999780654907,-1.534000039100647,-1.3420000076293945,-1.215000033378601,-1.0410000085830688,-0.8250000476837158,-0.9660000205039978,-0.8910000324249268,-0.7490000128746033,-0.6040000319480896,-0.6119999885559082,-0.6019999980926514,-0.5559999942779541,-0.5,-0.4269999861717224,-0.5699999928474426,-0.6809999942779541,-0.5640000104904175,-0.5230000019073486,-0.4659999907016754,-0.4309999942779541,-0.3830000162124634,-0.5479999780654907,-0.45100000500679016,-0.4089999794960022,-0.5180000066757202,-0.7400000095367432,-0.9830000400543213,-0.9359999895095825,-0.859000027179718
0.0,0.0,0.0,0.0,0.0,0.0,-3.991999864578247,-4.10699987411499,-3.871000051498413,-3.6440000534057617,-3.373000144958496,-2.9649999141693115,-2.800999879837036,-2.6589999198913574,-2.5260000228881836,-2.3299999237060547,-1.999000072479248,-1.8019999265670776,-1.6660000085830688,-1.6030000448226929,-1.4620000123977661,-1.2669999599456787,-1.0,-0.8529999852180481,-0.8009999990463257,-0.9350000619888306,-0.8420000076293945,-0.6949999928474426,-0.5609999895095825,-0.5929999947547913,-0.5830000042915344,-0.5299999713897705,-0.46700000762939453,-0.3700000047683716,-0.48099997639656067,-0.5730000138282776,-0.46700000762939453,-0.42399999499320984,-0.4230000078678131,-0.4440000057220459,-0.4710000157356262,-0.5160000324249268,-0.4440000057220459,-0.48900002241134644,-0.5710000395774841,-0.7769999504089355,-0.9629999995231628,-0.949999988079071,-0.8529999852180481
0.0,0.0,0.0,0.0,0.0,0.0,-4.029999732971191,-4.125,-3.875999927520752,-3.619999885559082,-3.3420000076293945,-2.9620001316070557,-2.74399995803833,-2.6089999675750732,-2.4719998836517334,-2.263000011444092,-1.9249999523162842,-1.7360000610351562,-1.5989999771118164,-1.531000018119812,-1.3830000162124634,-1.1890000104904175,-0.9740000367164612,-0.8619999885559082,-0.8420000076293945,-0.9099999666213989,-0.7670000195503235,-0.6380000114440918,-0.5389999747276306,-0.5449999570846558,-0.5139999985694885,-0.46399998664855957,-0.39399999380111694,-0.2919999957084656,-0.32099997997283936,-0.40800002217292786,-0.3499999940395355,-0.45100000500679016,-0.5249999761581421,-0.5530000329017639,-0.5410000085830688,-0.5579999685287476,-0.5609999895095825,-0.5530000329017639,-0.6060000061988831,-0.8039999604225159,-0.9459999799728394,-0.9529999494552612,-0.8669999837875366
0.0,0.0,0.0,0.0,0.0,0.0,-3.99399995803833,-4.133999824523926,-3.878999948501587,-3.617000102996826,-3.3010001182556152,-2.9120001792907715,-2.694999933242798,-2.56000018119812,-2.4819998741149902,-2.302000045776367,-1.8970000743865967,-1.685999870300293,-1.5230000019073486,-1.4509999752044678,-1.2839999198913574,-1.0889999866485596,-0.9520000219345093,-0.8370000123977661,-0.7720000147819519,-0.8100000023841858,-0.6620000600814819,-0.5820000171661377,-0.5290000438690186,-0.4620000123977661,-0.44699999690055847,-0.41999998688697815,-0.3579999804496765,-0.32200002670288086,-0.3330000042915344,-0.4410000145435333,-0.5540000200271606,-0.6330000162124634,-0.6230000257492065,-0.5900000333786011,-0.5699999928474426,-0.5870000123977661,-0.6179999709129333,-0.5889999866485596,-0.6389999985694885,-0.8090000152587891,-0.9619999527931213,-0.9220000505447388,-0.8270000219345093
0.0,0.0,0.0,0.0,0.0,0.0,-4.138000011444092,-4.128000259399414,-3.8589999675750732,-3.5910000801086426,-3.2679998874664307,-2.8569998741149902,-2.6530001163482666,-2.5350000858306885,-2.506999969482422,-2.310999870300293,-1.8690000772476196,-1.6699999570846558,-1.4950000047683716,-1.3429999351501465,-1.1800000667572021,-1.0360000133514404,-0.8299999833106995,-0.7150000333786011,-0.652999997138977,-0.6819999814033508,-0.5640000104904175,-0.5239999890327454,-0.5669999718666077,-0.4010000228881836,-0.39000001549720764,-0.390999972820282,-0.35100001096725464,-0.335999995470047,-0.3869999945163727,-0.527999997138977,-0.6369999647140503,-0.6369999647140503,-0.6389999985694885,-0.6369999647140503,-0.6389999985694885,-0.6480000019073486,-0.6069999933242798,-0.6029999852180481,-0.6650000214576721,-0.8299999833106995,-0.9830000400543213,-0.9529999494552612,-0.8340000510215759
0.0,0.0,0.0,0.0,0.0,0.0,-4.22599983215332,-4.1020002365112305,-3.8350000381469727,-3.569999933242798,-3.2330000400543213,-2.820000171661377,-2.632000207901001,-2.5199999809265137,-2.569000244140625,-2.368000030517578,-1.8600000143051147,-1.6619999408721924,-1.4670000076293945,-1.2790000438690186,-1.156000018119812,-0.9660000205039978,-0.7190000414848328,-0.5569999814033508,-0.45499998331069946,-0.5350000262260437,-0.5019999742507935,-0.5119999647140503,-0.590999960899353,-0.4620000123977661,-0.43299999833106995,-0.43699997663497925,-0.3929999768733978,-0.3709999918937683,-0.45000001788139343,-0.5509999990463257,-0.625,-0.6430000066757202,-0.652999997138977,-0.6589999794960022,-0.6690000295639038,-0.6539999842643738,-0.6060000061988831,-0.6209999918937683,-0.6920000314712524,-0.8539999723434448,-1.0019999742507935,-0.9619999527931213,-0.8309999704360962
0.0,0.0,0.0,0.0,0.0,0.0,-4.1539998054504395,-4.067999839782715,-3.804999828338623,-3.558000087738037,-3.2130000591278076,-2.7849998474121094,-2.6399998664855957,-2.567999839782715,-2.6040000915527344,-2.316999912261963,-1.8410000801086426,-1.6699999570846558,-1.4700000286102295,-1.2300000190734863,-1.1230000257492065,-0.9319999814033508,-0.5530000329017639,-0.4440000057220459,-0.4620000123977661,-0.593999981880188,-0.5579999685287476,-0.5649999976158142,-0.6040000319480896,-0.5090000033378601,-0.48799997568130493,-0.4710000157356262,-0.4230000078678131,-0.3959999978542328,-0.47600001096725464,-0.5759999752044678,-0.6419999599456787,-0.6549999713897705,-0.6650000214576721,-0.675000011920929,-0.6840000152587891,-0.675000011920929,-0.6200000047683716,-0.640999972820282,-0.7199999690055847,-0.8759999871253967,-1.0090000629425049,-0.9589999914169312,-0.8420000076293945
0.0,0.0,0.0,0.0,0.0,0.0,-3.9120001792907715,-3.867000102996826,-3.7720000743865967,-3.552999973297119,-3.263000011444092,-2.875,-2.7279999256134033,-2.6460001468658447,-2.6019999980926514,-2.253999948501587,-1.8299999237060547,-1.6670000553131104,-1.472000002861023,-1.2120000123977661,-1.0950000286102295,-0.9409999847412109,-0.5799999833106995,-0.5320000052452087,-0.5579999685287476,-0.6580000519752502,-0.5960000157356262,-0.5809999704360962,-0.6010000109672546,-0.5389999747276306,-0.5170000195503235,-0.49400001764297485,-0.44699999690055847,-0.414000004529953,-0.4960000216960907,-0.5979999899864197,-0.6650000214576721,-0.6790000200271606,-0.6769999861717224,-0.6790000200271606,-0.6990000009536743,-0.6880000233650208,-0.6499999761581421,-0.6499999761581421,-0.7280000448226929,-0.878000020980835,-1.0360000133514404,-0.9850000143051147,-0.8680000305175781
0.0,0.0,0.0,0.0,0.0,0.0,-3.6510000228881836,-3.8450000286102295,-3.81000018119812,-3.610999822616577,-3.315000057220459,-2.9589998722076416,-2.7909998893737793,-2.6040000915527344,-2.4079999923706055,-2.243000030517578,-1.819000005722046,-1.6660000085830688,-1.4679999351501465,-1.1990000009536743,-1.0859999656677246,-0.9139999747276306,-0.6449999809265137,-0.5889999866485596,-0.6119999885559082,-0.7179999947547913,-0.6369999647140503,-0.6089999675750732,-0.6100000143051147,-0.550000011920929,-0.527999997138977,-0.5040000081062317,-0.46299999952316284,-0.4280000329017639,-0.5080000162124634,-0.6080000400543213,-0.6830000281333923,-0.6819999814033508,-0.675000011920929,-0.7199999690055847,-0.746999979019165,-0.7100000381469727,-0.6490000486373901,-0.6470000147819519,-0.7379999756813049,-0.9049999713897705,-1.0460000038146973,-1.0180000066757202,-0.9200000166893005
0.0,0.0,0.0,0.0,0.0,0.0,-3.443999767303467,-3.7139999866485596,-3.8370001316070557,-3.628999948501587,-3.3459999561309814,-2.9850001335144043,-2.815000057220459,-2.61299991607666,-2.2920000553131104,-2.0759999752044678,-1.8089998960494995,-1.6480000019073486,-1.431999921798706,-1.1929999589920044,-1.0839999914169312,-0.9269999861717224,-0.6779999732971191,-0.6230000257492065,-0.6490000486373901,-0.7419999837875366,-0.6510000228881836,-0.625,-0.6299999952316284,-0.562000036239624,-0.5370000004768372,-0.5149999856948853,-0.47699999809265137,-0.43799999356269836,-0.5160000324249268,-0.6110000014305115,-0.6970000267028809,-0.6990000009536743,-0.7109999656677246,-0.7089999914169312,-0.7389999628067017,-0.7569999694824219,-0.684999942779541,-0.6889999508857727,-0.7649999856948853,-0.9259999990463257,-1.0469999313354492,-0.9610000252723694,-0.9160000085830688
0.0,0.0,0.0,0.0,0.0,0.0,-3.3989999294281006,-3.680000066757202,-3.812999963760376,-3.617000102996826,-3.3299999237060547,-2.998000144958496,-2.806000232696533,-2.517000198364258,-2.1619999408721924,-2.009000062942505,-1.7980000972747803,-1.61899995803833,-1.4129998683929443,-1.194000005722046,-1.0859999656677246,-0.9269999861717224,-0.706000030040741,-0.6490000486373901,-0.6679999828338623,-0.7569999694824219,-0.6769999861717224,-0.640999972820282,-0.6369999647140503,-0.5640000104904175,-0.5419999957084656,-0.5209999680519104,-0.48799997568130493,-0.4490000009536743,-0.5230000019073486,-0.5900000333786011,-0.656000018119812,-0.7490000128746033,-0.7540000081062317,-0.7240000367164612,-0.7339999675750732,-0.7569999694824219,-0.753000020980835,-0.7460000514984131,-0.7999999523162842,-0.9329999685287476,-0.9799999594688416,-0.9529999494552612,-0.9269999861717224
0.0,0.0,0.0,0.0,0.0,0.0,-3.366000175476074,-3.6700000762939453,-3.7810001373291016,-3.5789999961853027,-3.301999807357788,-2.9710001945495605,-2.7779998779296875,-2.4779999256134033,-1.9830000400543213,-1.9010000228881836,-1.7890000343322754,-1.569000005722046,-1.3459999561309814,-1.2009999752044678,-1.0789999961853027,-0.9279999732971191,-0.7289999723434448,-0.6549999713897705,-0.6729999780654907,-0.8190000057220459,-0.722000002861023,-0.6669999361038208,-0.6349999904632568,-0.5559999942779541,-0.5379999876022339,-0.5199999809265137,-0.4919999837875366,-0.4560000002384186,-0.5239999890327454,-0.5820000171661377,-0.6490000486373901,-0.7829999923706055,-0.7900000214576721,-0.7590000629425049,-0.7419999837875366,-0.7829999923706055,-0.8169999718666077,-0.7789999842643738,-0.8149999976158142,-0.9089999794960022,-0.9729999899864197,-0.9539999961853027,-0.9240000247955322
0.0,0.0,0.0,0.0,0.0,0.0,-3.359999895095825,-3.6539998054504395,-3.7319998741149902,-3.5269999504089355,-3.244999885559082,-2.9190001487731934,-2.680000066757202,-2.378000020980835,-1.9730000495910645,-1.8340001106262207,-1.7419999837875366,-1.5069999694824219,-1.3389999866485596,-1.2009999752044678,-1.0700000524520874,-0.906000018119812,-0.715999960899353,-0.6369999647140503,-0.7010000348091125,-0.8380000591278076,-0.6990000009536743,-0.6490000486373901,-0.6190000176429749,-0.5379999876022339,-0.5230000019073486,-0.5119999647140503,-0.4860000014305115,-0.4560000002384186,-0.5569999814033508,-0.6209999918937683,-0.6809999942779541,-0.7949999570846558,-0.7949999570846558,-0.7989999651908875,-0.8020000457763672,-0.8190000057220459,-0.8359999656677246,-0.781000018119812,-0.812999963760376,-0.906000018119812,-0.9759999513626099,-0.968999981880188,-0.9120000004768372
0.0,0.0,0.0,0.0,0.0,-3.7290000915527344,-3.3500001430511475,-3.628000020980835,-3.6730000972747803,-3.447000026702881,-3.1430001258850098,-2.818000078201294,-2.572000026702881,-2.2779998779296875,-1.9010000228881836,-1.7820000648498535,-1.685999870300293,-1.4700000286102295,-1.3029999732971191,-1.1660000085830688,-1.034999966621399,-0.8690000176429749,-0.687000036239624,-0.6279999613761902,-0.6940000057220459,-0.8109999895095825,-0.6660000085830688,-0.625,-0.597000002861023,-0.5180000066757202,-0.5019999742507935,-0.4909999966621399,-0.4830000102519989,-0.46399998664855957,-0.5579999685287476,-0.6470000147819519,-0.7089999914169312,-0.7850000262260437,-0.812999963760376,-0.8209999799728394,-0.8420000076293945,-0.8600000143051147,-0.843999981880188,-0.8140000104904175,-0.8370000123977661,-0.9120000004768372,-0.9869999885559082,-0.9799999594688416,-0.9600000381469727
0.0,0.0,0.0,0.0,0.0,-3.6549999713897705,-3.3480000495910645,-3.5859999656677246,-3.5759999752044678,-3.3439998626708984,-3.0349998474121094,-2.7059998512268066,-2.440999984741211,-2.1500000953674316,-1.8250000476837158,-1.7070000171661377,-1.593999981880188,-1.4170000553131104,-1.2909998893737793,-1.11899995803833,-0.9929999709129333,-0.828000009059906,-0.6490000486373901,-0.6200000047683716,-0.6539999842643738,-0.7549999952316284,-0.6239999532699585,-0.5879999995231628,-0.5830000042915344,-0.5149999856948853,-0.5149999856948853,-0.5119999647140503,-0.5019999742507935,-0.47699999809265137,-0.5849999785423279,-0.6490000486373901,-0.7170000076293945,-0.8140000104904175,-0.843999981880188,-0.8600000143051147,-0.8700000047683716,-0.8840000033378601,-0.8510000109672546,-0.8219999670982361,-0.9160000085830688,-0.9480000138282776,-0.9729999899864197,-0.9799999594688416,-0.9810000061988831
0.0,0.0,0.0,0.0,0.0,-3.5809998512268066,-3.319000005722046,-3.513000011444092,-3.4599997997283936,-3.199000120162964,-2.9060001373291016,-2.5859999656677246,-2.312000036239624,-2.0209999084472656,-1.7020000219345093,-1.596000075340271,-1.5139999389648438,-1.4240000247955322,-1.253000020980835,-1.0499999523162842,-0.9390000104904175,-0.7890000343322754,-0.6369999647140503,-0.6490000486373901,-0.6859999895095825,-0.7069999575614929,-0.6179999709129333,-0.6080000400543213,-0.6029999852180481,-0.5339999794960022,-0.5329999923706055,-0.5220000147819519,-0.4989999830722809,-0.4610000252723694,-0.6430000066757202,-0.7289999723434448,-0.7569999694824219,-0.8380000591278076,-0.8579999804496765,-0.8840000033378601,-0.9110000133514404,-0.9210000038146973,-0.875,-0.8460000157356262,-0.8860000371932983,-0.9430000185966492,-0.9619999527931213,-0.9769999980926514,-0.9860000014305115
0.0,0.0,0.0,0.0,0.0,-3.506999969482422,-3.2850000858306885,-3.4119999408721924,-3.3010001182556152,-3.0289998054504395,-2.732999801635742,-2.430000066757202,-2.1419999599456787,-1.8510000705718994,-1.597999930381775,-1.5499999523162842,-1.5069999694824219,-1.3910000324249268,-1.1920000314712524,-1.0369999408721924,-0.9359999895095825,-0.8079999685287476,-0.6710000038146973,-0.6549999713897705,-0.7199999690055847,-0.7620000243186951,-0.6520000100135803,-0.6179999709129333,-0.6050000190734863,-0.5389999747276306,-0.5290000438690186,-0.5160000324249268,-0.5009999871253967,-0.4860000014305115,-0.6159999966621399,-0.7609999775886536,-0.8399999737739563,-0.8969999551773071,-0.8709999918937683,-0.9420000314712524,-0.9819999933242798,-0.9709999561309814,-0.918999969959259,-0.8840000033378601,-0.8930000066757202,-0.9449999928474426,-0.9610000252723694,-0.9579999446868896,-0.9920000433921814
0.0,0.0,0.0,0.0,0.0,-3.433000087738037,-3.2200000286102295,-3.2910001277923584,-3.136000156402588,-2.8529999256134033,-2.552000045776367,-2.246000051498413,-2.011000156402588,-1.8109999895095825,-1.61899995803833,-1.562000036239624,-1.4779999256134033,-1.3370000123977661,-1.1920000314712524,-1.0499999523162842,-0.9420000314712524,-0.8079999685287476,-0.6790000200271606,-0.6499999761581421,-0.6459999680519104,-0.7350000143051147,-0.6019999980926514,-0.5839999914169312,-0.5879999995231628,-0.5690000057220459,-0.5900000333786011,-0.5950000286102295,-0.5860000252723694,-0.5389999747276306,-0.6319999694824219,-0.7289999723434448,-0.8070000410079956,-0.9139999747276306,-0.9369999766349792,-0.9769999980926514,-1.0080000162124634,-1.0239999294281006,-0.9769999980926514,-0.9480000138282776,-0.9459999799728394,-0.9600000381469727,-0.9769999980926514,-0.9650000333786011,-0.9960000514984131
