static/data/wind1.json
{"header": { "parameterNumberName": "eastward_wind", "parameterUnit": "m.s-1", "parameterNumber": 2, "parameterCategory": 2, "nx": 121, "ny": 221, "numberPoints": 26741, "dx": 0.005000000000000071, "dy": 0.005000000000000006, "la1": -31.6, "lo1": 115.3, "la2": -32.7, "lo2": 115.9, "refTime": "2022-11-24 22:00:00" }, "data":
[rows 132 to 153 of 221, columns 48 to 95 of 121]
-0.41600000858306885,-0.4129999876022339,-0.414000004529953,-0.42399999499320984,-0.40199998021125793,-0.39500001072883606,-0.4100000262260437,-0.41700002551078796,-0.3889999985694885,-0.3489999771118164,-0.3620000183582306,-0.3100000023841858,-0.210999995470047,-0.05900000035762787,0.13600000739097595,0.2639999985694885,0.1600000113248825,0.005000000353902578,-0.06599999964237213,-0.2150000035762787,-0.33500000834465027,-0.22500000894069672,-0.16200000047683716,-0.11800000071525574,-0.19099998474121094,0.0820000022649765,0.296999990940094,0.24300000071525574,-0.0139999995008111,-0.3700000047683716,-0.45000001788139343,0.19699999690055847,0.19500000774860382,0.04699999839067459,0.12999999523162842,-0.11699999868869781,-0.11900000274181366,-0.1420000046491623,-0.2290000021457672,-0.2849999964237213,-0.09300000220537186,0.03199999779462814,0.0,0.0,0.0,0.0,0.0,0.0
-0.48399999737739563,-0.4620000123977661,-0.41999998688697815,-0.3720000088214874,-0.3449999988079071,-0.41700002551078796,-0.4870000183582306,-0.4479999840259552,-0.38499999046325684,-0.3700000047683716,-0.3720000088214874,-0.35100001096725464,-0.26499998569488525,-0.12600000202655792,0.07600000500679016,0.25999999046325684,0.21199999749660492,0.01599999889731407,-0.04000000283122063,-0.16499999165534973,-0.10700000822544098,-0.03700000047683716,0.0430000014603138,-0.044999998062849045,0.05900000035762787,0.15599998831748962,0.4129999876022339,0.20999999344348907,0.00699999975040555,-1.4160000085830688,-1.553999900817871,-1.3550000190734863,0.0,-0.27399998903274536,-0.11800000071525574,-0.4269999861717224,-0.4100000262260437,-0.46700000762939453,-0.3460000157356262,-0.038999997079372406,0.017000000923871994,0.0,0.0,0.0,0.0,0.0,0.0,0.0
-0.42100000381469727,-0.3889999985694885,-0.40700000524520874,-0.43699997663497925,-0.4699999690055847,-0.43699997663497925,-0.406000018119812,-0.37300002574920654,-0.33399999141693115,-0.3409999907016754,-0.3479999899864197,-0.3610000014305115,-0.26499998569488525,-0.13300000131130219,0.04999999701976776,0.23600000143051147,0.27399998903274536,0.09700000286102295,0.07400000095367432,0.032999999821186066,0.038999997079372406,0.0279999990016222,0.05299999937415123,0.010999999940395355,-0.0139999995008111,0.21299999952316284,0.21199999749660492,0.42399999499320984,0.4569999873638153,0.2580000162124634,0.0,0.0,-1.6079999208450317,-1.062000036239624,-0.9860000014305115,-0.5830000042915344,-0.2680000066757202,-0.17999999225139618,-0.14900000393390656,-0.041999999433755875,0.0,0.0,0.0,0.0,0.0,0.0,0.0,0.0
-0.44300001859664917,-0.4830000102519989,-0.5040000081062317,-0.3970000147819519,-0.32200002670288086,-0.2939999997615814,-0.32999998331069946,-0.3790000081062317,-0.4230000078678131,-0.43400001525878906,-0.44300001859664917,-0.4010000228881836,-0.4039999842643738,-0.33399999141693115,-0.16599999368190765,0.026000000536441803,0.22600001096725464,0.19999998807907104,0.16300000250339508,0.11300000548362732,0.08799999952316284,0.09600000083446503,0.08100000023841858,-0.027000000700354576,-0.17899999022483826,0.049000002443790436,0.14499999582767487,0.15799999237060547,0.21799999475479126,0.28600001335144043,0.08000000566244125,0.0,0.0,-1.2170000076293945,-0.6589999794960022,0.06300000101327896,0.11100000143051147,0.11599999666213989,0.0,0.0,0.0,0.0,0.0,0.0,0.0,0.0,0.0,0.0
-0.5070000290870667,-0.46299999952316284,-0.3970000147819519,-0.30300000309944153,-0.28700000047683716,-0.26499998569488525,-0.2789999842643738,-0.41200000047683716,-0.4320000112056732,-0.4560000002384186,-0.4749999940395355,-0.4909999966621399,-0.45100000500679016,-0.36400002241134644,-0.23499998450279236,-0.00699999975040555,0.2549999952316284,0.24800001084804535,0.1850000023841858,0.14100000262260437,0.0689999982714653,0.13199999928474426,0.08100000023841858,-0.19600000977516174,-0.4280000329017639,-0.2409999966621399,-0.06000000238418579,-0.05900000035762787,-0.05400000140070915,0.16200000047683716,0.3610000014305115,0.13699999451637268,-0.24700000882148743,0.0,0.0,0.0,0.0,0.0,0.0,0.0,0.0,0.0,0.0,0.0,0.0,0.0,0.0,0.0
-0.5119999647140503,-0.47200000286102295,-0.41999998688697815,-0.414000004529953,-0.3790000081062317,-0.32600000500679016,-0.3290000259876251,-0.37300002574920654,-0.40700000524520874,-0.43299999833106995,-0.46700000762939453,-0.4819999933242798,-0.45499998331069946,-0.390999972820282,-0.26100000739097595,-0.026000000536441803,0.24700000882148743,0.2980000078678131,0.2789999842643738,0.10700000822544098,0.003000000026077032,0.06599999964237213,-0.013000000268220901,-0.3319999873638153,-0.4899999797344208,-0.49300000071525574,-0.22600001096725464,-0.07400000095367432,-0.0949999988079071,0.0820000022649765,0.13699999451637268,0.16599999368190765,0.035999998450279236,0.0,0.0,0.0,0.0,0.0,0.0,0.0,0.0,0.0,0.0,0.0,0.0,0.0,0.0,0.0
-0.4989999830722809,-0.4860000014305115,-0.42399999499320984,-0.4129999876022339,-0.3790000081062317,-0.3319999873638153,-0.3190000057220459,-0.33799999952316284,-0.36500000953674316,-0.3999999761581421,-0.42500001192092896,-0.4399999976158142,-0.4230000078678131,-0.3479999899864197,-0.23800000548362732,-0.0689999982714653,0.2070000022649765,0.328000009059906,0.27300000190734863,0.14800000190734863,-0.08000000566244125,-0.04699999839067459,-0.2070000022649765,0.08999999612569809,0.39000001549720764,0.23600000143051147,0.2280000001192093,0.28200000524520874,0.3709999918937683,0.16499999165534973,0.04699999839067459,0.03400000184774399,0.04600000008940697,0.0,0.0,0.0,0.0,0.0,0.0,0.0,0.0,0.0,0.0,0.0,0.0,0.0,0.0,0.0
-0.5,-0.4569999873638153,-0.40199998021125793,-0.31599998474121094,-0.2580000162124634,-0.2070000022649765,-0.20800000429153442,-0.23600000143051147,-0.27399998903274536,-0.32600000500679016,-0.37400001287460327,-0.4010000228881836,-0.39399999380111694,-0.3409999907016754,-0.25099998712539673,-0.08100000023841858,0.13500000536441803,0.27399998903274536,0.14399999380111694,0.06399999558925629,-0.1469999998807907,-0.15900000929832458,-0.0989999994635582,0.14800000190734863,0.2709999978542328,0.1420000046491623,0.1469999998807907,0.4359999895095825,0.5,0.39800000190734863,0.10700000822544098,0.07699999958276749,0.05299999937415123,0.0,0.0,0.0,0.0,0.0,0.0,0.0,0.0,0.0,0.0,0.0,0.0,0.0,0.0,0.0
-0.4659999907016754,-0.39800000190734863,-0.37700000405311584,-0.32499998807907104,-0.2549999952316284,-0.2720000147819519,-0.24700000882148743,-0.2329999953508377,-0.2199999988079071,-0.3149999976158142,-0.3970000147819519,-0.44599997997283936,-0.4359999895095825,-0.3400000333786011,-0.15900000929832458,-0.0689999982714653,0.02499999850988388,0.24399998784065247,0.10400000214576721,-0.023000000044703484,-0.08900000154972076,-0.11699999868869781,-0.038999997079372406,-0.09800000488758087,0.15200001001358032,0.2070000022649765,0.07600000500679016,0.12299999594688416,0.23900000751018524,0.16200000047683716,0.09700000286102295,0.0729999989271164,0.0559999980032444,0.0,0.0,0.0,0.0,0.0,0.0,0.0,0.0,0.0,0.0,0.0,0.0,0.0,0.0,0.0
-0.6270000338554382,-0.5929999947547913,-0.5170000195503235,-0.3929999768733978,-0.32200002670288086,-0.24900001287460327,-0.14900000393390656,-0.24800001084804535,-0.29999998211860657,-0.39500001072883606,-0.4490000009536743,-0.5119999647140503,-0.5530000329017639,-0.5389999747276306,-0.3720000088214874,-0.25599998235702515,-0.09300000220537186,0.0949999988079071,0.11500000208616257,0.09399999678134918,0.06200000271201134,-0.0559999980032444,0.05299999937415123,0.04600000008940697,-0.020000001415610313,-0.05299999937415123,-0.049000002443790436,0.041999999433755875,0.12400000542402267,0.11400000005960464,0.07100000232458115,0.05100000277161598,-0.010999999940395355,0.0,0.0,0.0,0.0,0.0,0.0,0.0,0.0,0.0,0.0,0.0,0.0,0.0,0.0,0.0
-0.5979999899864197,-0.5070000290870667,-0.40199998021125793,-0.38100001215934753,-0.35199999809265137,-0.27300000190734863,-0.25999999046325684,-0.25200000405311584,-0.2840000092983246,-0.3370000123977661,-0.41099998354911804,-0.4729999899864197,-0.5009999871253967,-0.5019999742507935,-0.41700002551078796,-0.3009999990463257,-0.10200000554323196,0.04100000113248825,0.2540000081062317,0.2549999952316284,0.17599999904632568,0.012000000104308128,-0.006000000052154064,0.08000000566244125,-0.00699999975040555,-0.030000001192092896,-0.035999998450279236,-0.007999999448657036,0.13500000536441803,0.1679999977350235,0.24300000071525574,0.3659999966621399,0.3190000057220459,0.29999998211860657,0.320000022649765,0.406000018119812,0.24900001287460327,0.10099999606609344,0.0,0.0,0.0,0.0,0.0,0.0,0.0,0.0,0.0,0.0
-0.4919999837875366,-0.4780000150203705,-0.453000009059906,-0.42399999499320984,-0.37599998712539673,-0.3319999873638153,-0.31199997663497925,-0.3319999873638153,-0.35500001907348633,-0.3709999918937683,-0.3790000081062317,-0.42500001192092896,-0.4129999876022339,-0.43699997663497925,-0.40299999713897705,-0.2849999964237213,-0.07100000232458115,0.11900000274181366,0.34299999475479126,0.3400000333786011,0.27399998903274536,0.07600000500679016,0.06300000101327896,0.16200000047683716,0.03400000184774399,0.003999999724328518,0.003000000026077032,0.0279999990016222,0.26499998569488525,0.2840000092983246,0.2919999957084656,0.25699999928474426,0.020999999716877937,0.06700000166893005,0.17399999499320984,0.14000000059604645,0.0689999982714653,0.11100000143051147,0.11599999666213989,0.020000001415610313,0.0,0.0,0.0,0.0,0.0,0.0,0.0,0.0
-0.531000018119812,-0.5370000004768372,-0.5139999985694885,-0.47600001096725464,-0.3799999952316284,-0.32099997997283936,-0.3269999921321869,-0.33500000834465027,-0.335999995470047,-0.34200000762939453,-0.3440000116825104,-0.38499999046325684,-0.4100000262260437,-0.4309999942779541,-0.4320000112056732,-0.289000004529953,-0.030000001192092896,0.203000009059906,0.3720000088214874,0.3149999976158142,0.15799999237060547,0.09399999678134918,0.14300000667572021,0.25999999046325684,0.2409999966621399,0.1850000023841858,0.20800000429153442,0.14900000393390656,0.2630000114440918,0.41999998688697815,0.38499999046325684,0.1770000010728836,0.027000000700354576,-0.00699999975040555,0.030000001192092896,0.07799999415874481,0.027000000700354576,0.10200000554323196,0.08100000023841858,0.013000000268220901,0.0,0.0,0.0,0.0,0.0,0.0,0.0,0.0
-0.6100000143051147,-0.546999990940094,-0.4659999907016754,-0.35500001907348633,-0.296999990940094,-0.2750000059604645,-0.28600001335144043,-0.24000000953674316,-0.23100000619888306,-0.25099998712539673,-0.29100000858306885,-0.3319999873638153,-0.3880000114440918,-0.4280000329017639,-0.390999972820282,-0.2549999952316284,-0.07199999690055847,0.12799999117851257,0.2800000011920929,0.4280000329017639,0.31199997663497925,0.2540000081062317,0.20999999344348907,0.3449999988079071,0.3569999933242798,0.3269999921321869,0.33100003004074097,0.36899998784065247,0.43699997663497925,0.5350000262260437,0.4989999830722809,0.1850000023841858,0.27300000190734863,0.320000022649765,0.22699999809265137,0.09300000220537186,-0.09700000286102295,-0.13899999856948853,-0.14300000667572021,-0.020999999716877937,-0.0949999988079071,0.0,0.0,0.0,0.0,0.0,0.0,0.0
-0.6239999532699585,-0.4650000035762787,-0.44200000166893005,-0.3970000147819519,-0.3499999940395355,-0.28600001335144043,-0.24900001287460327,-0.2199999988079071,-0.20800000429153442,-0.2580000162124634,-0.3059999942779541,-0.3610000014305115,-0.390999972820282,-0.38499999046325684,-0.32999998331069946,-0.35500001907348633,-0.25,-0.03800000250339508,0.164000004529953,0.27399998903274536,0.25200000405311584,0.15799999237060547,0.11800000071525574,0.25599998235702515,0.4479999840259552,0.5220000147819519,0.36899998784065247,0.4860000014305115,0.40800002217292786,0.2449999898672104,0.1119999960064888,0.14399999380111694,0.2840000092983246,0.3070000112056732,0.22100000083446503,-0.006000000052154064,-0.08399999886751175,-0.23499998450279236,-0.22200000286102295,-0.19300000369548798,-0.06000000238418579,0.0,0.0,0.0,0.0,0.0,0.0,0.0
-0.48000001907348633,-0.4350000023841858,-0.45000001788139343,-0.4309999942779541,-0.35899999737739563,-0.3190000057220459,-0.2669999897480011,-0.29100000858306885,-0.3229999840259552,-0.3149999976158142,-0.3149999976158142,-0.3149999976158142,-0.3229999840259552,-0.3499999940395355,-0.320000022649765,-0.31300002336502075,-0.19999998807907104,-0.14100000262260437,0.03800000250339508,0.10200000554323196,0.1290000081062317,0.10499999672174454,0.032999999821186066,0.1420000046491623,-0.23499998450279236,-0.007999999448657036,-0.0989999994635582,0.05700000002980232,0.15900000929832458,0.08100000023841858,0.057999998331069946,0.04600000008940697,-0.07100000232458115,0.11100000143051147,0.10700000822544098,-0.024000000208616257,-0.1720000058412552,-0.24900001287460327,-0.20600000023841858,-0.23199999332427979,-0.1850000023841858,0.0,0.0,0.0,0.0,0.0,0.0,0.0
-0.5239999890327454,-0.578000009059906,-0.46000000834465027,-0.5019999742507935,-0.4899999797344208,-0.4449999928474426,-0.27399998903274536,-0.2199999988079071,-0.1600000113248825,-0.12099999934434891,-0.13699999451637268,-0.17800000309944153,-0.22200000286102295,-0.3139999806880951,-0.38600000739097595,-0.41200000047683716,-0.39000001549720764,-0.2750000059604645,-0.1510000079870224,-0.008999999612569809,0.05900000035762787,0.032999999821186066,0.006000000052154064,0.017999999225139618,0.007999999448657036,-0.06000000238418579,0.052000001072883606,-0.17800000309944153,-0.17000001668930054,-0.044999998062849045,0.22200000286102295,0.320000022649765,0.2919999957084656,0.21400001645088196,0.12000000476837158,0.12400000542402267,-0.14499999582767487,-0.20800000429153442,-0.21199999749660492,-0.24800001084804535,-0.1770000010728836,0.0,0.0,0.0,0.0,0.0,0.0,0.0
-0.8030000329017639,-0.6909999847412109,-0.6019999980926514,-0.5170000195503235,-0.31199997663497925,-0.2019999921321869,-0.19699999690055847,-0.18400000035762787,-0.15900000929832458,-0.14999999105930328,-0.14300000667572021,-0.17800000309944153,-0.20500001311302185,-0.20999999344348907,-0.281000018119812,-0.31300002336502075,-0.3190000057220459,-0.19200000166893005,-0.17399999499320984,-0.0430000014603138,-0.0139999995008111,-0.06499999761581421,0.04000000283122063,-0.04999999701976776,0.15699999034404755,0.14399999380111694,-0.15900000929832458,-0.2750000059604645,-0.08399999886751175,0.22100000083446503,0.23100000619888306,0.2449999898672104,0.17800000309944153,-0.015000000596046448,-0.03100000135600567,-0.044999998062849045,-0.18200001120567322,-0.11900000274181366,-0.14800000190734863,-0.17000001668930054,-0.11100000143051147,0.0,0.0,0.0,0.0,0.0,0.0,0.0
-0.6570000052452087,-0.5479999780654907,-0.45899999141693115,-0.39800000190734863,-0.33799999952316284,-0.2680000066757202,-0.2239999920129776,-0.15799999237060547,-0.1080000028014183,-0.07899999618530273,-0.07400000095367432,-0.08399999886751175,-0.0989999994635582,-0.10400000214576721,-0.09399999678134918,-0.12199999392032623,-0.1550000011920929,-0.1600000113248825,-0.06800000369548798,-0.10300000011920929,-0.11699999868869781,-0.13600000739097595,-0.07499999552965164,0.017999999225139618,0.01900000125169754,-0.08799999952316284,-0.17399999499320984,-0.1290000081062317,0.0860000029206276,0.13600000739097595,0.15900000929832458,0.39900001883506775,0.3400000333786011,-0.049000002443790436,0.1720000058412552,0.2919999957084656,0.1810000091791153,-0.003999999724328518,-0.08799999952316284,-0.013000000268220901,-0.1510000079870224,0.0,0.0,0.0,0.0,0.0,0.0,0.0
-0.5059999823570251,-0.4089999794960022,-0.3720000088214874,-0.34200000762939453,-0.2919999957084656,-0.20999999344348907,-0.1420000046491623,-0.06499999761581421,0.003999999724328518,0.052000001072883606,0.07499999552965164,0.030000001192092896,-0.017000000923871994,-0.052000001072883606,-0.06700000166893005,-0.07199999690055847,-0.0949999988079071,-0.0430000014603138,-0.12000000476837158,-0.17599999904632568,-0.20800000429153442,-0.20600000023841858,-0.19600000977516174,-0.020999999716877937,0.04100000113248825,-0.05900000035762787,-0.06599999964237213,0.054999999701976776,0.11100000143051147,0.0949999988079071,0.14000000059604645,0.25999999046325684,0.3190000057220459,0.3400000333786011,0.24900001287460327,0.17999999225139618,0.1720000058412552,0.05900000035762787,-0.0,0.02199999988079071,-0.13899999856948853,0.0,0.0,0.0,0.0,0.0,0.0,0.0
-0.4050000011920929,-0.3920000195503235,-0.37599998712539673,-0.16300000250339508,-0.17499999701976776,-0.11699999868869781,-0.030000001192092896,0.03400000184774399,0.038999997079372406,0.03100000135600567,0.006000000052154064,-0.05299999937415123,-0.14100000262260437,-0.21199999749660492,-0.21199999749660492,-0.25,-0.2930000126361847,-0.17800000309944153,-0.12999999523162842,-0.13300000131130219,-0.16499999165534973,-0.20400001108646393,-0.21700000762939453,-0.11800000071525574,-0.052000001072883606,0.027000000700354576,0.04699999839067459,0.13699999451637268,0.11100000143051147,0.12099999934434891,0.19300000369548798,0.2930000126361847,0.24800001084804535,0.2590000033378601,0.1770000010728836,0.05299999937415123,0.2709999978542328,0.38600000739097595,0.08999999612569809,-0.02199999988079071,0.0,0.0,0.0,0.0,0.0,0.0,0.0,0.0
-0.6069999933242798,-0.4569999873638153,-0.38100001215934753,-0.2239999920129776,-0.15200001001358032,-0.15799999237060547,-0.054999999701976776,-0.00699999975040555,-0.0989999994635582,-0.1550000011920929,-0.2160000056028366,-0.31700000166893005,-0.36500000953674316,-0.36800000071525574,-0.3970000147819519,-0.36500000953674316,-0.43799999356269836,-0.41200000047683716,-0.14300000667572021,-0.13500000536441803,-0.14000000059604645,-0.210999995470047,-0.17800000309944153,-0.17899999022483826,-0.14100000262260437,-0.04699999839067459,0.13899999856948853,0.18700000643730164,0.18299999833106995,0.1979999989271164,0.25099998712539673,0.2750000059604645,0.2720000147819519,0.14800000190734863,0.22200000286102295,0.18200001120567322,0.125,-0.0559999980032444,-0.01900000125169754,0.0,0.0,0.0,0.0,0.0,0.0,0.0,0.0,0.0
