static/data/wind2.json
{"header": { "parameterNumberName": "northward_wind", "parameterUnit": "m.s-1", "parameterNumber": 3, "parameterCategory": 2, "nx": 121, "ny": 221, "numberPoints": 26741, "dx": 0.005000000000000071, "dy": 0.005000000000000006, "la1": -31.6, "lo1": 115.3, "la2": -32.7, "lo2": 115.9, "refTime": "2022-11-25 00:00:00" }, "data":
[rows 105 to 125 of 221, columns 0 to 48 of 121]
0.0,0.0,0.0,0.0,0.0,0.0,0.0,-2.4830000400543213,-2.243000030517578,-2.004999876022339,-2.0970001220703125,-2.2890000343322754,-2.2039999961853027,-2.1740000247955322,-2.2079999446868896,-2.187000036239624,-2.1449999809265137,-2.0379998683929443,-1.909999966621399,-1.8529999256134033,-2.0139999389648438,-2.072000026702881,-2.056999921798706,-1.872999906539917,-1.9320000410079956,-1.9840000867843628,-1.6779999732971191,-1.24399995803833,-0.9839999675750732,-0.9449999928474426,-1.0759999752044678,-1.0490000247955322,-1.1150000095367432,-0.8020000457763672,-0.7069999575614929,-0.6700000166893005,-0.7109999656677246,-0.39900001883506775,-0.15200001001358032,-0.1420000046491623,-0.31700000166893005,-0.4870000183582306,-0.6290000081062317,-0.675000011920929,-1.1150000095367432,-1.2950000762939453,-1.309000015258789,-1.446000099182129,-1.4569998979568481
0.0,0.0,0.0,0.0,0.0,0.0,0.0,-2.497999906539917,-2.250999927520752,-2.0290000438690186,-2.1470000743865967,-2.309000015258789,-2.256999969482422,-2.241999864578247,-2.256999969482422,-2.2279999256134033,-2.1540000438690186,-2.0209999084472656,-1.8940000534057617,-1.808000087738037,-1.906999945640564,-1.937999963760376,-1.9089999198913574,-1.809999942779541,-1.9529999494552612,-2.0339999198913574,-1.7059999704360962,-1.0720000267028809,-0.9880000352859497,-1.1089999675750732,-0.8410000205039978,-0.9200000166893005,-1.2039999961853027,-0.8479999899864197,-0.7319999933242798,-0.6990000009536743,-0.6970000267028809,-0.47200000286102295,-0.2720000147819519,-0.2449999898672104,-0.31300002336502075,-0.45000001788139343,-0.6520000100135803,-0.7190000414848328,-1.0180000066757202,-1.3220000267028809,-1.312000036239624,-1.4200000762939453,-1.465999960899353
0.0,0.0,0.0,0.0,0.0,0.0,0.0,-2.5139999389648438,-2.25600004196167,-2.062999963760376,-2.194000005722046,-2.3379998207092285,-2.318000078201294,-2.309000015258789,-2.305999994277954,-2.246999979019165,-2.1670000553131104,-2.0169999599456787,-1.8880000114440918,-1.809999942779541,-1.8860000371932983,-1.8739999532699585,-1.8040000200271606,-1.6970000267028809,-1.815999984741211,-1.8680000305175781,-1.621999979019165,-1.159999966621399,-0.8149999976158142,-1.065999984741211,-0.7429999709129333,-0.9619999527931213,-1.1710000038146973,-0.8219999670982361,-0.8140000104904175,-0.7829999923706055,-0.7360000014305115,-0.5730000138282776,-0.2770000100135803,-0.24399998784065247,-0.26499998569488525,-0.3610000014305115,-0.5809999704360962,-0.7209999561309814,-0.9120000004768372,-1.3259999752044678,-1.3830000162124634,-1.4450000524520874,-1.6019999980926514
0.0,0.0,0.0,0.0,0.0,0.0,0.0,-2.63700008392334,-2.302000045776367,-2.125999927520752,-2.25600004196167,-2.370000123977661,-2.365999937057495,-2.3600001335144043,-2.3469998836517334,-2.2810001373291016,-2.1710000038146973,-2.006999969482422,-1.8760000467300415,-1.7970000505447388,-1.8639999628067017,-1.8279999494552612,-1.753000020980835,-1.6540000438690186,-1.7269999980926514,-1.6920000314712524,-1.4129998683929443,-1.1670000553131104,-0.972000002861023,-0.8889999985694885,-0.7199999690055847,-0.9920000433921814,-1.034999966621399,-0.8759999871253967,-0.9000000357627869,-0.8500000238418579,-0.7639999389648438,-0.6660000085830688,-0.3880000114440918,-0.2759999930858612,-0.27399998903274536,-0.39000001549720764,-0.590999960899353,-0.7879999876022339,-0.9380000233650208,-1.2960000038146973,-1.4779999256134033,-1.500999927520752,-1.6869999170303345
0.0,0.0,0.0,0.0,0.0,0.0,0.0,-2.696000099182129,-2.3389999866485596,-2.194000005722046,-2.313999891281128,-2.4060001373291016,-2.4049999713897705,-2.3980000019073486,-2.370000123977661,-2.2929999828338623,-2.179999828338623,-2.000999927520752,-1.8639999628067017,-1.781000018119812,-1.8289999961853027,-1.7869999408721924,-1.7020000219345093,-1.6089999675750732,-1.6460000276565552,-1.5970001220703125,-1.305999994277954,-1.1330000162124634,-0.9300000071525574,-0.812999963760376,-0.706000030040741,-0.8919999599456787,-0.918999969959259,-0.8250000476837158,-0.7450000047683716,-0.8930000066757202,-0.8309999704360962,-0.7749999761581421,-0.5950000286102295,-0.3920000195503235,-0.31700000166893005,-0.38499999046325684,-0.546999990940094,-0.7760000228881836,-0.9610000252723694,-1.3489999771118164,-1.5090000629425049,-1.5240000486373901,-1.6069998741149902
0.0,0.0,0.0,0.0,0.0,0.0,0.0,-2.7189998626708984,-2.4099998474121094,-2.2760000228881836,-2.384999990463257,-2.450000047683716,-2.444999933242798,-2.4119999408721924,-2.374000072479248,-2.2869999408721924,-2.1610000133514404,-1.9900000095367432,-1.847000002861023,-1.7640000581741333,-1.7970000505447388,-1.7339999675750732,-1.6470000743865967,-1.5579999685287476,-1.5899999141693115,-1.5080000162124634,-1.2239999771118164,-1.0700000524520874,-0.906000018119812,-0.7609999775886536,-0.6899999976158142,-0.8359999656677246,-0.8539999723434448,-0.7400000095367432,-0.6840000152587891,-0.8550000190734863,-1.0880000591278076,-0.8669999837875366,-0.4479999840259552,-0.06599999964237213,-0.09700000286102295,-0.26899999380111694,-0.48399999737739563,-0.7699999809265137,-0.9579999446868896,-1.2419999837875366,-1.4399999380111694,-1.5209999084472656,-1.5880000591278076
0.0,0.0,0.0,0.0,0.0,0.0,0.0,-2.7200002670288086,-2.4749999046325684,-2.368000030517578,-2.4560000896453857,-2.49399995803833,-2.4769999980926514,-2.440999984741211,-2.363999843597412,-2.2660000324249268,-2.130000114440918,-1.9459999799728394,-1.809999942779541,-1.7319999933242798,-1.75600004196167,-1.6850000619888306,-1.5929999351501465,-1.5069999694824219,-1.5180001258850098,-1.4329999685287476,-1.181999921798706,-1.0260000228881836,-0.871999979019165,-0.7410000562667847,-0.6779999732971191,-0.8059999942779541,-0.8250000476837158,-0.7480000257492065,-0.6990000009536743,-0.6790000200271606,-0.453000009059906,-0.4989999830722809,-0.5389999747276306,-0.4089999794960022,-0.37700000405311584,-0.45100000500679016,-0.5530000329017639,-0.7450000047683716,-0.9340000152587891,-1.1299999952316284,-1.4059998989105225,-1.559000015258789,-1.6230000257492065
0.0,0.0,0.0,0.0,0.0,0.0,0.0,-2.7079999446868896,-2.558000087738037,-2.4690001010894775,-2.5329999923706055,-2.554999828338623,-2.5220000743865967,-2.440000057220459,-2.3499999046325684,-2.239000082015991,-2.0889999866485596,-1.899999976158142,-1.7630000114440918,-1.690999984741211,-1.7059999704360962,-1.628000020980835,-1.5369999408721924,-1.4569998979568481,-1.4620000123977661,-1.3580000400543213,-1.1759999990463257,-1.0419999361038208,-0.8919999599456787,-0.7139999866485596,-0.675000011920929,-0.7940000295639038,-0.7879999876022339,-0.7150000333786011,-0.6380000114440918,-0.5979999899864197,-0.44300001859664917,-0.29100000858306885,-0.5080000162124634,-0.4350000023841858,-0.7379999756813049,-0.46700000762939453,-0.4909999966621399,-0.6279999613761902,-0.8240000009536743,-1.0090000629425049,-1.2319999933242798,-1.503999948501587,-1.6009999513626099
0.0,0.0,0.0,0.0,0.0,0.0,0.0,-2.7149999141693115,-2.63100004196167,-2.561999797821045,-2.6110000610351562,-2.6059999465942383,-2.560999870300293,-2.4660000801086426,-2.3370001316070557,-2.2130000591278076,-2.0440001487731934,-1.8480000495910645,-1.715999960899353,-1.6470000743865967,-1.6540000438690186,-1.561000108718872,-1.4700000286102295,-1.3889999389648438,-1.3980000019073486,-1.3269999027252197,-1.187999963760376,-1.0419999361038208,-0.8169999718666077,-0.6909999847412109,-0.699999988079071,-0.7549999952316284,-0.7419999837875366,-0.7129999995231628,-0.6840000152587891,-0.6599999666213989,-0.5260000228881836,-0.4259999990463257,-0.36899998784065247,-0.24300000071525574,-0.5220000147819519,-0.6589999794960022,-0.32499998807907104,-0.4659999907016754,-0.6660000085830688,-0.8919999599456787,-1.1100000143051147,-1.3580000400543213,-1.563999891281128
0.0,0.0,0.0,0.0,0.0,0.0,0.0,-2.7230000495910645,-2.7139999866485596,-2.6550002098083496,-2.680999994277954,-2.667999744415283,-2.6040000915527344,-2.4719998836517334,-2.3239998817443848,-2.181999921798706,-2.004999876022339,-1.7970000505447388,-1.6740000247955322,-1.6100000143051147,-1.6140000820159912,-1.5139999389648438,-1.4160000085830688,-1.3269999027252197,-1.312999963760376,-1.2419999837875366,-1.1319999694824219,-0.9749999642372131,-0.6729999780654907,-0.5870000123977661,-0.6840000152587891,-0.6990000009536743,-0.6889999508857727,-0.6690000295639038,-0.6690000295639038,-0.6140000224113464,-0.4659999907016754,-0.3720000088214874,-0.29500001668930054,-0.16300000250339508,-0.13500000536441803,-0.5669999718666077,-0.4659999907016754,-0.2239999920129776,-0.5360000133514404,-0.7730000019073486,-0.9799999594688416,-1.1959999799728394,-1.4210000038146973
0.0,0.0,0.0,0.0,0.0,0.0,0.0,-2.7309999465942383,-2.7869999408721924,-2.732999801635742,-2.753000020980835,-2.7110002040863037,-2.6399998664855957,-2.49399995803833,-2.3289999961853027,-2.1670000553131104,-1.9589998722076416,-1.7489999532699585,-1.628999948501587,-1.5719999074935913,-1.5759999752044678,-1.4709999561309814,-1.374000072479248,-1.2880001068115234,-1.2599999904632568,-1.1859999895095825,-1.0520000457763672,-0.8810000419616699,-0.6639999747276306,-0.5579999685287476,-0.652999997138977,-0.675000011920929,-0.6260000467300415,-0.5979999899864197,-0.6100000143051147,-0.5600000023841858,-0.4269999861717224,-0.3370000123977661,-0.2540000081062317,-0.13099999725818634,-0.0860000029206276,-0.26899999380111694,-0.3449999988079071,-0.13899999856948853,-0.2459999918937683,-0.6340000033378601,-0.847000002861023,-1.062000036239624,-1.3730000257492065
0.0,0.0,0.0,0.0,0.0,0.0,0.0,-2.7760000228881836,-2.8589999675750732,-2.809000015258789,-2.800999879837036,-2.755999803543091,-2.6649999618530273,-2.504000186920166,-2.3259999752044678,-2.1440000534057617,-1.9329999685287476,-1.7049999237060547,-1.5859999656677246,-1.5360000133514404,-1.5350000858306885,-1.4270000457763672,-1.3300000429153442,-1.2489999532699585,-1.2070000171661377,-1.0950000286102295,-0.9399999380111694,-0.7739999890327454,-0.5889999866485596,-0.4870000183582306,-0.5900000333786011,-0.6620000600814819,-0.6119999885559082,-0.5590000152587891,-0.5479999780654907,-0.5099999904632568,-0.3799999952316284,-0.289000004529953,-0.19200000166893005,-0.06499999761581421,-0.0279999990016222,-0.07400000095367432,-0.1510000079870224,-0.1600000113248825,-0.07100000232458115,-0.25699999928474426,-0.7960000038146973,-1.0360000133514404,-1.3799999952316284
0.0,0.0,0.0,0.0,0.0,0.0,0.0,-3.003000020980835,-2.922999858856201,-2.8580000400543213,-2.8429999351501465,-2.7799999713897705,-2.683000087738037,-2.5,-2.312000036239624,-2.119999885559082,-1.8880000114440918,-1.6629999876022339,-1.5440000295639038,-1.499000072479248,-1.4900000095367432,-1.38100004196167,-1.2860000133514404,-1.2100000381469727,-1.1649999618530273,-1.0419999361038208,-0.8759999871253967,-0.7050000429153442,-0.5099999904632568,-0.4300000071525574,-0.562000036239624,-0.5720000267028809,-0.5419999957084656,-0.5440000295639038,-0.5209999680519104,-0.4989999830722809,-0.3449999988079071,-0.23000000417232513,-0.12700000405311584,-0.015000000596046448,-0.010999999940395355,-0.08000000566244125,-0.14800000190734863,-0.164000004529953,-0.16699999570846558,-0.29999998211860657,-0.699999988079071,-1.0800000429153442,-1.2699999809265137
0.0,0.0,0.0,0.0,0.0,0.0,0.0,-3.061000108718872,-2.9760000705718994,-2.9130001068115234,-2.883000135421753,-2.809999942779541,-2.694999933242798,-2.497999906539917,-2.2840001583099365,-2.0859999656677246,-1.847000002861023,-1.6159999370574951,-1.4980000257492065,-1.4560000896453857,-1.441999912261963,-1.3240001201629639,-1.2309999465942383,-1.1619999408721924,-1.1209999322891235,-0.9920000433921814,-0.8160000443458557,-0.6319999694824219,-0.3709999918937683,-0.3530000150203705,-0.5239999890327454,-0.4870000183582306,-0.4359999895095825,-0.4410000145435333,-0.4789999723434448,-0.40800002217292786,-0.2239999920129776,-0.12199999392032623,-0.02499999850988388,0.054999999701976776,0.04399999976158142,-0.044999998062849045,-0.11900000274181366,-0.12999999523162842,-0.18799999356269836,-0.35500001907348633,-0.6700000166893005,-0.9639999866485596,-1.0390000343322754
0.0,0.0,0.0,0.0,0.0,0.0,0.0,-3.1150002479553223,-3.0239999294281006,-2.953000068664551,-2.9210000038146973,-2.827000141143799,-2.6989998817443848,-2.4609999656677246,-2.241999864578247,-2.0409998893737793,-1.7929999828338623,-1.565999984741211,-1.4450000524520874,-1.406999945640564,-1.3819999694824219,-1.2590000629425049,-1.1699999570846558,-1.1100000143051147,-1.0809999704360962,-0.9390000104904175,-0.7519999742507935,-0.5519999861717224,-0.2750000059604645,-0.26100000739097595,-0.39800000190734863,-0.3620000183582306,-0.32600000500679016,-0.3269999921321869,-0.34200000762939453,-0.281000018119812,-0.09800000488758087,-0.003000000026077032,0.08999999612569809,0.15799999237060547,0.13300000131130219,0.04999999701976776,-0.041999999433755875,-0.04999999701976776,-0.0820000022649765,-0.15399999916553497,-0.2409999966621399,-0.625,-0.8950000405311584
0.0,0.0,0.0,0.0,0.0,0.0,-2.7680001258850098,-3.1600000858306885,-3.062000036239624,-2.992000102996826,-2.9519999027252197,-2.8470001220703125,-2.703000068664551,-2.447000026702881,-2.193000078201294,-1.9920001029968262,-1.7350000143051147,-1.5099999904632568,-1.3899999856948853,-1.3529999256134033,-1.3179999589920044,-1.184000015258789,-1.0980000495910645,-1.0410000085830688,-1.0160000324249268,-0.8680000305175781,-0.6589999794960022,-0.4449999928474426,-0.16300000250339508,-0.15799999237060547,-0.2669999897480011,-0.21700000762939453,-0.1940000057220459,-0.2150000035762787,-0.2199999988079071,-0.16300000250339508,0.032999999821186066,0.13500000536441803,0.2290000021457672,0.2879999876022339,0.25,0.16200000047683716,0.07899999618530273,0.08699999749660492,0.060999996960163116,0.026000000536441803,-0.09700000286102295,-0.5019999742507935,-0.7599999904632568
0.0,0.0,0.0,0.0,0.0,0.0,-2.7829999923706055,-3.2019999027252197,-3.0970001220703125,-3.0250000953674316,-2.9850001335144043,-2.865000009536743,-2.696000099182129,-2.3899998664855957,-2.140000104904175,-1.9259999990463257,-1.6670000553131104,-1.4489998817443848,-1.3320000171661377,-1.2989999055862427,-1.2569999694824219,-1.1110000610351562,-1.0239999294281006,-0.9679999947547913,-0.9449999928474426,-0.7639999389648438,-0.550000011920929,-0.3269999921321869,-0.04100000113248825,-0.05100000277161598,-0.14000000059604645,-0.07499999552965164,-0.05700000002980232,-0.07699999958276749,-0.08900000154972076,-0.01900000125169754,0.18700000643730164,0.2789999842643738,0.3669999837875366,0.4100000262260437,0.36800000071525574,0.2840000092983246,0.21400001645088196,0.21299999952316284,0.1770000010728836,0.006000000052154064,-0.17599999904632568,-0.29999998211860657,-0.43799999356269836
0.0,0.0,0.0,0.0,0.0,0.0,-2.797999858856201,-3.236999988555908,-3.125999927520752,-3.055000066757202,-3.0149998664855957,-2.878000259399414,-2.690999984741211,-2.361999988555908,-2.0820000171661377,-1.8589999675750732,-1.5880000591278076,-1.3760000467300415,-1.2620000839233398,-1.2369999885559082,-1.1929999589920044,-1.0390000343322754,-0.9490000009536743,-0.8939999938011169,-0.8730000257492065,-0.6650000214576721,-0.42500001192092896,-0.1979999989271164,0.06700000166893005,0.04699999839067459,-0.017999999225139618,0.060999996960163116,0.0689999982714653,0.060999996960163116,0.06499999761581421,0.1119999960064888,0.3059999942779541,0.39399999380111694,0.4729999899864197,0.49300000071525574,0.44200000166893005,0.39900001883506775,0.2759999930858612,0.2150000035762787,0.12199999392032623,0.010999999940395355,-0.14800000190734863,-0.3240000009536743,-0.48099997639656067
0.0,0.0,0.0,0.0,0.0,0.0,-2.813000202178955,-3.2690000534057617,-3.1510000228881836,-3.070000171661377,-3.0270001888275146,-2.883000135421753,-2.6730000972747803,-2.310999870300293,-2.0309998989105225,-1.7929999828338623,-1.5160000324249268,-1.3040000200271606,-1.1920000314712524,-1.187000036239624,-1.1360000371932983,-0.9740000367164612,-0.8880000114440918,-0.8330000042915344,-0.8039999604225159,-0.5590000152587891,-0.3100000023841858,-0.08799999952316284,0.1860000044107437,0.16100001335144043,0.09800000488758087,0.18200001120567322,0.21799999475479126,0.17999999225139618,0.1770000010728836,0.2199999988079071,0.3970000147819519,0.44699999690055847,0.48900002241134644,0.48500001430511475,0.40299999713897705,0.29999998211860657,0.18700000643730164,0.1600000113248825,0.09100000560283661,-0.017999999225139618,-0.1550000011920929,-0.2919999957084656,-0.43299999833106995
0.0,0.0,0.0,0.0,0.0,0.0,-2.827000141143799,-3.296999931335449,-3.171999931335449,-3.0920000076293945,-3.0369999408721924,-2.88100004196167,-2.6660001277923584,-2.2750000953674316,-1.9739999771118164,-1.725000023841858,-1.4329999685287476,-1.2289999723434448,-1.1150000095367432,-1.1200000047683716,-1.069000005722046,-0.9089999794960022,-0.8259999752044678,-0.7720000147819519,-0.7379999756813049,-0.46799999475479126,-0.21700000762939453,0.026000000536441803,0.3139999806880951,0.2580000162124634,0.20099999010562897,0.3009999990463257,0.39500001072883606,0.41600000858306885,0.3330000042915344,0.4039999842643738,0.46000000834465027,0.4309999942779541,0.4179999828338623,0.3720000088214874,0.29999998211860657,0.23399999737739563,0.15599998831748962,0.1420000046491623,0.07499999552965164,-0.030000001192092896,-0.1850000023841858,-0.32499998807907104,-0.4410000145435333
0.0,0.0,0.0,0.0,0.0,0.0,-2.8420000076293945,-3.322999954223633,-3.19599986076355,-3.1019999980926514,-3.0439999103546143,-2.876000165939331,-2.623000144958496,-2.2149999141693115,-1.9169999361038208,-1.659999966621399,-1.3619999885559082,-1.156000018119812,-1.0379999876022339,-1.058000087738037,-1.0010000467300415,-0.8410000205039978,-0.7739999890327454,-0.7260000109672546,-0.6920000314712524,-0.3929999768733978,-0.10999999940395355,0.1379999965429306,0.4569999873638153,0.36899998784065247,0.3020000159740448,0.406000018119812,0.5440000295639038,0.7410000562667847,0.5559999942779541,0.3669999837875366,0.3489999771118164,0.320000022649765,0.3409999907016754,0.31599998474121094,0.25699999928474426,0.20099999010562897,0.13899999856948853,0.13300000131130219,0.06399999558925629,-0.060999996960163116,-0.19999998807907104,-0.3330000042915344,-0.43799999356269836
