static/data/wind4.json
{"header": { "parameterNumberName": "eastward_wind", "parameterUnit": "m.s-1", "parameterNumber": 2, "parameterCategory": 2, "nx": 121, "ny": 221, "numberPoints": 26741, "dx": 0.005000000000000071, "dy": 0.005000000000000006, "la1": -31.6, "lo1": 115.3, "la2": -32.7, "lo2": 115.9, "refTime": "2022-11-25 04:00:00" }, "data":
[rows 21 to 41 of 221, columns 48 to 95 of 121]
0.0,0.0,0.0,0.0,0.0,0.0,0.0,0.0,0.0,0.0,0.0,0.0,0.18400000035762787,0.14800000190734863,0.049000002443790436,0.012000000104308128,-0.026000000536441803,-0.06599999964237213,-0.07000000029802322,-0.057999998331069946,0.0009999999310821295,0.19600000977516174,0.22200000286102295,0.20099999010562897,0.12099999934434891,0.09700000286102295,0.23499998450279236,0.14800000190734863,0.03199999779462814,-0.14399999380111694,-0.008999999612569809,-0.11699999868869781,0.041999999433755875,-0.0949999988079071,0.0,0.0,0.0,0.0,0.0,0.0,0.0,0.0,0.0,0.0,0.0,0.0,0.0,0.0
0.0,0.0,0.0,0.0,0.0,0.0,0.0,0.0,0.0,0.26100000739097595,0.2199999988079071,0.15200001001358032,0.049000002443790436,-0.010999999940395355,-0.030000001192092896,-0.05900000035762787,-0.08900000154972076,-0.05900000035762787,-0.035999998450279236,-0.013000000268220901,0.05400000140070915,0.4259999990463257,0.3889999985694885,0.3779999911785126,0.3409999907016754,0.17399999499320984,-0.07400000095367432,-0.04100000113248825,0.07199999690055847,0.20500001311302185,0.07400000095367432,0.030000001192092896,-0.10999999940395355,-0.010999999940395355,0.0,0.0,0.0,0.0,0.0,0.0,0.0,0.0,0.0,0.0,0.0,0.0,0.0,0.0
0.0,0.0,0.0,0.0,0.0,0.0,0.0,0.29500001668930054,0.2409999966621399,0.1469999998807907,0.041999999433755875,-0.04399999976158142,-0.11400000005960464,-0.13199999928474426,-0.10599999874830246,-0.052000001072883606,-0.005000000353902578,0.03100000135600567,0.04600000008940697,0.09800000488758087,0.06700000166893005,0.2930000126361847,0.49400001764297485,0.48399999737739563,0.3830000162124634,0.14300000667572021,0.15900000929832458,0.2639999985694885,0.3920000195503235,0.16499999165534973,0.13699999451637268,0.04600000008940697,-0.23900000751018524,-0.1510000079870224,0.0,0.0,0.0,0.0,0.0,0.0,0.0,0.0,0.0,0.0,0.0,0.0,0.0,0.0
0.0,0.0,0.0,0.0,0.3889999985694885,0.31800001859664917,0.25,0.13199999928474426,0.02199999988079071,-0.08000000566244125,-0.17000001668930054,-0.20800000429153442,-0.16599999368190765,-0.10099999606609344,-0.038999997079372406,0.026000000536441803,0.10200000554323196,0.19500000774860382,0.25999999046325684,0.3190000057220459,0.20600000023841858,0.14900000393390656,0.3610000014305115,0.562999963760376,0.3830000162124634,0.37400001287460327,0.1720000058412552,-0.3370000123977661,-0.5119999647140503,-0.1510000079870224,-0.15900000929832458,-0.164000004529953,-0.18799999356269836,-0.24199999868869781,-0.10599999874830246,0.0,0.0,0.0,0.0,0.0,0.0,0.0,0.0,0.0,0.0,0.0,0.0,0.0
0.0,0.5029999613761902,0.4100000262260437,0.328000009059906,0.22699999809265137,0.11699999868869781,0.006000000052154064,-0.10899999737739563,-0.2150000035762787,-0.22699999809265137,-0.21299999952316284,-0.1730000078678131,-0.13099999725818634,-0.06800000369548798,0.07899999618530273,0.19999998807907104,0.32200002670288086,0.40199998021125793,0.3920000195503235,0.375,0.328000009059906,0.22100000083446503,0.22100000083446503,0.3840000033378601,0.35600000619888306,0.008999999612569809,-0.6430000066757202,-0.9759999513626099,-0.9839999675750732,-1.1759999990463257,-1.347000002861023,-1.2690000534057617,-0.37599998712539673,-0.29600000381469727,-0.1510000079870224,0.0,0.0,0.0,0.0,0.0,0.0,0.0,0.0,0.0,0.0,0.0,0.0,0.0
0.41999998688697815,0.32099997997283936,0.210999995470047,0.09600000083446503,-0.01900000125169754,-0.13099999725818634,-0.19699999690055847,-0.20999999344348907,-0.21899999678134918,-0.20899999141693115,-0.1889999955892563,-0.21400001645088196,-0.23100000619888306,-0.21199999749660492,0.22100000083446503,0.35100001096725464,0.39800000190734863,0.41099998354911804,0.3959999978542328,0.3620000183582306,0.3139999806880951,0.23100000619888306,0.1730000078678131,0.14300000667572021,0.10400000214576721,-0.26600000262260437,-0.7339999675750732,-1.0130000114440918,-0.7120000123977661,-0.6419999599456787,-0.7260000109672546,-0.6830000281333923,-0.3709999918937683,-0.20600000023841858,-0.20400001108646393,-0.09600000083446503,0.0,0.0,0.0,0.0,0.0,0.0,0.0,0.0,0.0,0.0,0.0,0.0
0.1810000091791153,0.06800000369548798,-0.04000000283122063,-0.12400000542402267,-0.15399999916553497,-0.1810000091791153,-0.19300000369548798,-0.210999995470047,-0.23399999737739563,-0.29999998211860657,-0.3700000047683716,-0.3959999978542328,-0.40199998021125793,-0.3540000021457672,-0.14000000059604645,0.20600000023841858,0.31199997663497925,0.3460000157356262,0.3229999840259552,0.27000001072883606,0.20800000429153442,0.12199999392032623,0.015000000596046448,-0.08299999684095383,-0.09100000560283661,-0.23499998450279236,-0.39399999380111694,-0.46799999475479126,-0.2280000001192093,-0.12600000202655792,-0.22500000894069672,-0.3489999771118164,-0.48900002241134644,-0.34200000762939453,-0.42399999499320984,-0.14000000059604645,0.0,0.0,0.0,0.0,0.0,0.0,0.0,0.0,0.0,0.0,0.0,0.0
-0.07000000029802322,-0.11300000548362732,-0.13699999451637268,-0.16300000250339508,-0.1850000023841858,-0.21899999678134918,-0.29600000381469727,-0.3720000088214874,-0.45100000500679016,-0.5139999985694885,-0.5429999828338623,-0.5260000228881836,-0.5049999952316284,-0.4729999899864197,-0.4860000014305115,-0.2370000034570694,0.07400000095367432,0.16699999570846558,0.15299999713897705,0.07899999618530273,-0.01900000125169754,-0.07400000095367432,-0.06700000166893005,-0.09200000017881393,-0.1290000081062317,-0.11400000005960464,-0.03500000014901161,-0.22100000083446503,-0.026000000536441803,-0.12099999934434891,-0.3149999976158142,-0.5209999680519104,-0.5960000157356262,-0.4899999797344208,-0.20400001108646393,-0.21700000762939453,0.0,0.0,0.0,0.0,0.0,0.0,0.0,0.0,0.0,0.0,0.0,0.0
-0.1340000033378601,-0.16100001335144043,-0.1889999955892563,-0.2529999911785126,-0.33399999141693115,-0.41499999165534973,-0.5,-0.5730000138282776,-0.6129999756813049,-0.6310000419616699,-0.6389999985694885,-0.6190000176429749,-0.5710000395774841,-0.5139999985694885,-0.4780000150203705,-0.5070000290870667,-0.40199998021125793,-0.2370000034570694,-0.1889999955892563,-0.24300000071525574,-0.12299999594688416,-0.11699999868869781,-0.07799999415874481,-0.012000000104308128,0.0279999990016222,-0.15900000929832458,-0.390999972820282,-0.3190000057220459,-0.13699999451637268,-0.22600001096725464,-0.3779999911785126,-0.48099997639656067,-0.40199998021125793,-0.3100000023841858,-0.35899999737739563,-0.2930000126361847,-0.08799999952316284,0.0,0.0,0.0,0.0,0.0,0.0,0.0,0.0,0.0,0.0,0.0
-0.22200000286102295,-0.29100000858306885,-0.3630000054836273,-0.43799999356269836,-0.5199999809265137,-0.5839999914169312,-0.6389999985694885,-0.687000036239624,-0.7190000414848328,-0.7300000190734863,-0.7269999980926514,-0.7089999914169312,-0.625,-0.5299999713897705,-0.5979999899864197,-0.7050000429153442,-0.7789999842643738,-0.8190000057220459,-0.7540000081062317,-0.753000020980835,-0.5230000019073486,-0.06800000369548798,0.006000000052154064,-0.01599999889731407,-0.10700000822544098,-0.20600000023841858,-0.25599998235702515,-0.42500001192092896,-0.4129999876022339,-0.3620000183582306,-0.16100001335144043,-0.024000000208616257,-0.02199999988079071,-0.1119999960064888,-0.2459999918937683,-0.2680000066757202,-0.07400000095367432,0.0,0.0,0.0,0.0,0.0,0.0,0.0,0.0,0.0,0.0,0.0
-0.39900001883506775,-0.4699999690055847,-0.5320000052452087,-0.5849999785423279,-0.6440000534057617,-0.706000030040741,-0.7569999694824219,-0.7870000004768372,-0.8039999604225159,-0.8100000023841858,-0.8090000152587891,-0.7999999523162842,-0.7749999761581421,-0.7300000190734863,-0.8140000104904175,-0.8739999532699585,-0.9430000185966492,-1.024999976158142,-1.1299999952316284,-1.1380000114440918,-0.8370000123977661,-0.48000001907348633,-0.19500000774860382,-0.13199999928474426,-0.125,-0.12999999523162842,-0.14999999105930328,-0.21299999952316284,-0.4100000262260437,-0.13500000536441803,0.08100000023841858,0.11100000143051147,-0.020000001415610313,-0.07899999618530273,0.001999999862164259,-0.0009999999310821295,-0.08100000023841858,0.0,0.0,0.0,0.0,0.0,0.0,0.0,0.0,0.0,0.0,0.0
-0.5479999780654907,-0.597000002861023,-0.6470000147819519,-0.7039999961853027,-0.7540000081062317,-0.8009999990463257,-0.8349999785423279,-0.8640000224113464,-0.8789999485015869,-0.8919999599456787,-0.8980000019073486,-0.9000000357627869,-0.8829999566078186,-0.8810000419616699,-0.9359999895095825,-1.0,-1.0800000429153442,-1.1759999990463257,-1.2950000762939453,-1.3020000457763672,-1.2170000076293945,-0.9740000367164612,-0.5759999752044678,-0.23399999737739563,-0.12199999392032623,-0.09999999403953552,-0.14100000262260437,0.03700000047683716,0.12299999594688416,0.09399999678134918,0.10099999606609344,-0.20600000023841858,-0.25599998235702515,-0.13500000536441803,0.47200000286102295,0.3530000150203705,-0.05100000277161598,-0.04000000283122063,0.0,0.0,0.0,0.0,0.0,0.0,0.0,0.0,0.0,0.0
-0.656000018119812,-0.7029999494552612,-0.7429999709129333,-0.7890000343322754,-0.8349999785423279,-0.8820000290870667,-0.906000018119812,-0.9290000200271606,-0.9480000138282776,-0.9650000333786011,-0.9939999580383301,-1.0080000162124634,-1.0099999904632568,-1.0149999856948853,-1.0499999523162842,-1.1150000095367432,-1.1979999542236328,-1.2710000276565552,-1.3619999885559082,-1.3680000305175781,-1.2339999675750732,-1.0220000743865967,-0.6979999542236328,-0.45399999618530273,-0.1850000023841858,-0.09300000220537186,-0.01599999889731407,0.1459999978542328,0.2239999920129776,0.017999999225139618,-0.3059999942779541,-0.2290000021457672,-0.16699999570846558,-0.0430000014603138,0.12700000405311584,0.12999999523162842,0.04699999839067459,-0.03100000135600567,0.0,0.0,0.0,0.0,0.0,0.0,0.0,0.0,0.0,0.0
-0.7360000014305115,-0.7760000228881836,-0.8160000443458557,-0.859000027179718,-0.8939999938011169,-0.9279999732971191,-0.956000030040741,-0.9900000095367432,-1.027999997138977,-1.0679999589920044,-1.1019999980926514,-1.1080000400543213,-1.1050000190734863,-1.100000023841858,-1.1420000791549683,-1.1699999570846558,-1.2170000076293945,-1.287000060081482,-1.003999948501587,-0.875,-1.0230000019073486,-0.9819999933242798,-0.8539999723434448,-0.6459999680519104,-0.4100000262260437,-0.032999999821186066,0.1940000057220459,0.28299999237060547,-0.027000000700354576,-0.20899999141693115,-0.21199999749660492,-0.09600000083446503,-0.03400000184774399,-0.07499999552965164,0.04000000283122063,0.10899999737739563,0.06300000101327896,-0.04399999976158142,0.0,0.0,0.0,0.0,0.0,0.0,0.0,0.0,0.0,0.0
-0.8009999990463257,-0.8320000171661377,-0.8649999499320984,-0.9020000100135803,-0.9369999766349792,-0.9769999980926514,-1.024999976158142,-1.0679999589920044,-1.1159999370574951,-1.1469999551773071,-1.1710000038146973,-1.1749999523162842,-1.1649999618530273,-1.1430000066757202,-1.1449999809265137,-1.1619999408721924,-1.0360000133514404,-0.8340000510215759,-0.5479999780654907,-0.45100000500679016,-0.777999997138977,-1.0130000114440918,-0.9509999752044678,-0.8250000476837158,-0.5929999947547913,-0.3059999942779541,-0.03500000014901161,-0.12199999392032623,-0.12799999117851257,-0.11800000071525574,-0.10700000822544098,-0.08799999952316284,-0.09200000017881393,-0.13600000739097595,-0.0729999989271164,-0.03199999779462814,-0.010000000707805157,-0.03100000135600567,0.0,0.0,0.0,0.0,0.0,0.0,0.0,0.0,0.0,0.0
-0.8389999866485596,-0.8709999918937683,-0.906000018119812,-0.9449999928474426,-0.9869999885559082,-1.034999966621399,-1.0789999961853027,-1.1200000047683716,-1.1670000553131104,-1.1999999284744263,-1.2269999980926514,-1.2120000123977661,-1.1929999589920044,-1.128000020980835,-1.0059999227523804,-0.8289999961853027,-0.7540000081062317,-0.7689999938011169,-0.7630000114440918,-0.7050000429153442,-0.5730000138282776,-0.6859999895095825,-0.8640000224113464,-0.8330000042915344,-0.6159999966621399,-0.3330000042915344,-0.1770000010728836,-0.07400000095367432,-0.05900000035762787,-0.09600000083446503,-0.2239999920129776,-0.19999998807907104,-0.1459999978542328,-0.3319999873638153,-0.2709999978542328,-0.19500000774860382,-0.23900000751018524,-0.14499999582767487,0.0,0.0,0.0,0.0,0.0,0.0,0.0,0.0,0.0,0.0
-0.871999979019165,-0.9070000052452087,-0.9430000185966492,-0.9850000143051147,-1.0180000066757202,-1.055999994277954,-1.1019999980926514,-1.156000018119812,-1.2109999656677246,-1.252000093460083,-1.2690000534057617,-1.180999994277954,-1.0520000457763672,-0.906000018119812,-0.777999997138977,-0.746999979019165,-0.7649999856948853,-0.8020000457763672,-0.7859999537467957,-0.7190000414848328,-0.593999981880188,-0.3669999837875366,-0.2019999921321869,-0.3579999804496765,-0.5180000066757202,-0.41999998688697815,-0.3610000014305115,-0.3790000081062317,-0.22200000286102295,-0.3929999768733978,-0.4919999837875366,-0.7209999561309814,-0.9470000267028809,-0.44200000166893005,-0.26499998569488525,-0.19900000095367432,-0.2789999842643738,-0.19699999690055847,0.0,0.0,0.0,0.0,0.0,0.0,0.0,0.0,0.0,0.0
-0.9000000357627869,-0.9300000071525574,-0.9520000219345093,-0.9830000400543213,-1.0160000324249268,-1.0709999799728394,-1.1440000534057617,-1.2160000801086426,-1.2720000743865967,-1.187000036239624,-1.0679999589920044,-0.9340000152587891,-0.784000039100647,-0.7999999523162842,-0.8059999942779541,-0.7910000085830688,-0.7029999494552612,-0.7010000348091125,-0.6740000247955322,-0.6169999837875366,-0.5160000324249268,-0.3009999990463257,0.03800000250339508,0.20999999344348907,-0.2459999918937683,-0.4960000216960907,-0.4309999942779541,-0.4819999933242798,-0.6290000081062317,-0.5260000228881836,-0.3330000042915344,-0.4050000011920929,-0.7689999938011169,-0.593999981880188,-0.328000009059906,-0.19900000095367432,-0.41499999165534973,-0.3370000123977661,-0.09999999403953552,0.0,0.0,0.0,0.0,0.0,0.0,0.0,0.0,0.0
-0.8950000405311584,-0.9110000133514404,-0.9359999895095825,-0.9900000095367432,-1.0499999523162842,-1.125,-1.1800000667572021,-1.1180000305175781,-1.0290000438690186,-0.9300000071525574,-0.828000009059906,-0.527999997138977,-0.37400001287460327,-0.5669999718666077,-0.6800000667572021,-0.6080000400543213,-0.593999981880188,-0.5699999928474426,-0.527999997138977,-0.48399999737739563,-0.3620000183582306,-0.15299999713897705,-0.12000000476837158,-0.12600000202655792,-0.25099998712539673,-0.23800000548362732,-0.18799999356269836,-0.15699999034404755,-0.26100000739097595,-0.14800000190734863,0.1469999998807907,-0.024000000208616257,-0.010999999940395355,-0.030000001192092896,0.007999999448657036,-0.0009999999310821295,-0.07699999958276749,-0.1420000046491623,-0.21299999952316284,0.0,0.0,0.0,0.0,0.0,0.0,0.0,0.0,0.0
-0.8739999532699585,-0.9210000038146973,-0.9860000014305115,-1.0450000762939453,-1.0809999704360962,-1.1019999980926514,-0.9700000286102295,-0.8840000033378601,-0.8020000457763672,-0.7100000381469727,-0.5329999923706055,-0.24399998784065247,-0.5189999938011169,-0.6119999885559082,-0.5770000219345093,-0.5490000247955322,-0.5320000052452087,-0.47200000286102295,-0.4179999828338623,-0.3889999985694885,-0.3889999985694885,-0.281000018119812,-0.3479999899864197,-0.4749999940395355,-0.34200000762939453,-0.27000001072883606,-0.23600000143051147,-0.1730000078678131,-0.08699999749660492,-0.01900000125169754,-0.11100000143051147,-0.041999999433755875,-0.06200000271201134,-0.08699999749660492,-0.060999996960163116,-0.11500000208616257,-0.11300000548362732,-0.032999999821186066,-0.020999999716877937,0.0,0.0,0.0,0.0,0.0,0.0,0.0,0.0,0.0
-0.9040000438690186,-0.9579999446868896,-0.9860000014305115,-1.0119999647140503,-1.0379999876022339,-0.9619999527931213,-0.9099999666213989,-0.6830000281333923,-0.593999981880188,-0.5920000076293945,-0.5900000333786011,-0.6690000295639038,-0.6589999794960022,-0.6129999756813049,-0.5490000247955322,-0.4830000102519989,-0.39800000190734863,-0.328000009059906,-0.28600001335144043,-0.2770000100135803,-0.43400001525878906,-0.6150000095367432,-0.5209999680519104,-0.4259999990463257,-0.43400001525878906,-0.3999999761581421,-0.375,-0.3620000183582306,-0.3790000081062317,-0.4440000057220459,-0.38600000739097595,-0.08900000154972076,-0.060999996960163116,-0.09999999403953552,-0.16200000047683716,-0.21799999475479126,-0.13899999856948853,-0.06300000101327896,0.06599999964237213,0.0,0.0,0.0,0.0,0.0,0.0,0.0,0.0,0.0
