static/data/wind1.json
{"header": { "parameterNumberName": "northward_wind", "parameterUnit": "m.s-1", "parameterNumber": 3, "parameterCategory": 2, "nx": 121, "ny": 221, "numberPoints": 26741, "dx": 0.005000000000000071, "dy": 0.005000000000000006, "la1": -31.6, "lo1": 115.3, "la2": -32.7, "lo2": 115.9, "refTime": "2022-11-24 22:00:00" }, "data":
[rows 42 to 62 of 221, columns 0 to 48 of 121]
0.0,0.0,0.0,0.0,0.0,0.0,0.0,0.0,0.0,0.0,0.0,0.0,0.0,0.0,0.0,0.0,0.0,0.0,0.0,0.0,0.0,-1.7360000610351562,-1.7219998836517334,-1.6920000314712524,-1.6579999923706055,-1.690000057220459,-1.7219998836517334,-1.7470000982284546,-1.7579998970031738,-1.7599999904632568,-1.75,-1.7630000114440918,-1.7760000228881836,-1.75600004196167,-1.7319999933242798,-1.6850000619888306,-1.6339999437332153,-1.6079999208450317,-1.5889999866485596,-1.571000099182129,-1.5299999713897705,-1.4830000400543213,-1.430999994277954,-1.3869999647140503,-1.3609999418258667,-1.3519999980926514,-1.3410000801086426,-1.347000002861023,-1.334999918937683
0.0,0.0,0.0,0.0,0.0,0.0,0.0,0.0,0.0,0.0,0.0,0.0,0.0,0.0,0.0,0.0,0.0,0.0,0.0,0.0,-1.8220000267028809,-1.8089998960494995,-1.7769999504089355,-1.7519999742507935,-1.7730000019073486,-1.7980000972747803,-1.815999984741211,-1.8240000009536743,-1.8330000638961792,-1.8240000009536743,-1.8109999895095825,-1.812999963760376,-1.8260000944137573,-1.815000057220459,-1.7739999294281006,-1.7049999237060547,-1.6400001049041748,-1.6040000915527344,-1.5729999542236328,-1.559000015258789,-1.5219999551773071,-1.4679999351501465,-1.4170000553131104,-1.3680000305175781,-1.3609999418258667,-1.3510000705718994,-1.3269999027252197,-1.312000036239624,-1.3009999990463257
0.0,0.0,0.0,0.0,0.0,0.0,0.0,0.0,0.0,0.0,0.0,0.0,0.0,0.0,0.0,0.0,0.0,0.0,0.0,-1.8989999294281006,-1.906999945640564,-1.9059998989105225,-1.8690000772476196,-1.871999979019165,-1.8930000066757202,-1.9089999198913574,-1.9110000133514404,-1.9040000438690186,-1.8949999809265137,-1.8889999389648438,-1.878000020980835,-1.872999906539917,-1.8790000677108765,-1.837999939918518,-1.7879999876022339,-1.7190001010894775,-1.6329998970031738,-1.5859999656677246,-1.5440000295639038,-1.5279998779296875,-1.499000072479248,-1.434999942779541,-1.3779999017715454,-1.3410000801086426,-1.309999942779541,-1.2880001068115234,-1.2790000438690186,-1.2309999465942383,-1.1640000343322754
0.0,0.0,0.0,0.0,0.0,0.0,0.0,0.0,0.0,0.0,0.0,0.0,0.0,0.0,0.0,0.0,0.0,0.0,-1.9270000457763672,-1.934000015258789,-1.9470000267028809,-1.9850001335144043,-2.0239999294281006,-2.0299999713897705,-2.0149998664855957,-2.0250000953674316,-2.0250000953674316,-1.99399995803833,-1.9760000705718994,-1.9850001335144043,-1.9730000495910645,-1.930999994277954,-1.8849999904632568,-1.847000002861023,-1.7890000343322754,-1.7200000286102295,-1.6320000886917114,-1.5509999990463257,-1.50600004196167,-1.468999981880188,-1.4100000858306885,-1.3529999256134033,-1.2989999055862427,-1.2649999856948853,-1.2359999418258667,-1.2030000686645508,-1.1670000553131104,-1.1119999885559082,-1.0299999713897705
0.0,0.0,0.0,0.0,0.0,0.0,0.0,0.0,0.0,0.0,0.0,0.0,0.0,0.0,0.0,0.0,0.0,-1.9730000495910645,-1.972000002861023,-1.9660000801086426,-1.9709999561309814,-2.0989999771118164,-2.243000030517578,-2.2160000801086426,-2.1549999713897705,-2.1519999504089355,-2.133000135421753,-2.0989999771118164,-2.0820000171661377,-2.0939998626708984,-2.062000036239624,-1.9769999980926514,-1.9149999618530273,-1.847000002861023,-1.7829999923706055,-1.715999960899353,-1.6050000190734863,-1.503000020980835,-1.4139999151229858,-1.3240001201629639,-1.2730000019073486,-1.2430000305175781,-1.1990000009536743,-1.187000036239624,-1.1610000133514404,-1.11899995803833,-1.069000005722046,-1.0,-0.9139999747276306
0.0,0.0,0.0,0.0,0.0,0.0,0.0,0.0,0.0,0.0,0.0,0.0,0.0,0.0,0.0,0.0,0.0,-2.0199999809265137,-2.0219998359680176,-2.0180001258850098,-2.0739998817443848,-2.1989998817443848,-2.3389999866485596,-2.3940000534057617,-2.32099986076355,-2.253999948501587,-2.23799991607666,-2.2220001220703125,-2.203000068664551,-2.181999921798706,-2.1500000953674316,-2.049999952316284,-1.9259999990463257,-1.8550000190734863,-1.7769999504089355,-1.6979999542236328,-1.5789999961853027,-1.3840000629425049,-1.247999906539917,-1.159999966621399,-1.1080000400543213,-1.0809999704360962,-1.1549999713897705,-1.159000039100647,-1.1440000534057617,-1.0290000438690186,-0.9470000267028809,-0.8930000066757202,-0.8370000123977661
0.0,0.0,0.0,0.0,0.0,0.0,0.0,0.0,0.0,0.0,0.0,0.0,0.0,0.0,0.0,0.0,-2.0379998683929443,-2.075000047683716,-2.0829999446868896,-2.1019999980926514,-2.195000171661377,-2.2860000133514404,-2.4200000762939453,-2.559000015258789,-2.4619998931884766,-2.3510000705718994,-2.3370001316070557,-2.322999954223633,-2.2820000648498535,-2.2360000610351562,-2.202000141143799,-2.1059999465942383,-1.9700000286102295,-1.8650000095367432,-1.7839999198913574,-1.628000020980835,-1.431999921798706,-1.247999906539917,-1.0729999542236328,-0.9850000143051147,-0.9810000061988831,-1.0450000762939453,-1.1299999952316284,-1.1089999675750732,-1.0160000324249268,-0.906000018119812,-0.8569999933242798,-0.8320000171661377,-0.781000018119812
0.0,0.0,0.0,0.0,0.0,0.0,0.0,0.0,0.0,0.0,0.0,0.0,0.0,0.0,0.0,-2.002000093460083,-2.0909998416900635,-2.138000011444092,-2.1559998989105225,-2.203000068664551,-2.2720000743865967,-2.3589999675750732,-2.4649999141693115,-2.5940001010894775,-2.61299991607666,-2.4800000190734863,-2.4179999828338623,-2.384000062942505,-2.3309998512268066,-2.2769999504089355,-2.2309999465942383,-2.177000045776367,-2.0230000019073486,-1.8819999694824219,-1.625,-1.3619999885559082,-1.2660000324249268,-1.246000051498413,-0.9110000133514404,-0.9170000553131104,-0.9790000319480896,-0.9889999628067017,-0.9950000047683716,-0.972000002861023,-0.9220000505447388,-0.8539999723434448,-0.7929999828338623,-0.777999997138977,-0.7410000562667847
0.0,0.0,0.0,0.0,0.0,0.0,0.0,0.0,0.0,0.0,0.0,0.0,0.0,0.0,0.0,-2.0399999618530273,-2.1629998683929443,-2.2239999771118164,-2.2660000324249268,-2.312000036239624,-2.3540000915527344,-2.432000160217285,-2.4839999675750732,-2.5989999771118164,-2.756999969482422,-2.6519999504089355,-2.4690001010894775,-2.4160001277923584,-2.361999988555908,-2.302999973297119,-2.25,-2.203000068664551,-2.0939998626708984,-1.774999976158142,-1.4499999284744263,-1.1970000267028809,-1.1979999542236328,-1.1689999103546143,-0.8980000019073486,-0.9350000619888306,-0.8770000338554382,-0.812000036239624,-0.8240000009536743,-0.9099999666213989,-0.8770000338554382,-0.8259999752044678,-0.7599999904632568,-0.7389999628067017,-0.6690000295639038
0.0,0.0,0.0,0.0,0.0,0.0,0.0,0.0,0.0,0.0,0.0,0.0,0.0,0.0,-1.9149999618530273,-2.0829999446868896,-2.2319998741149902,-2.32099986076355,-2.370000123977661,-2.4189999103546143,-2.4600000381469727,-2.486999988555908,-2.5139999389648438,-2.5909998416900635,-2.7829999923706055,-2.7990002632141113,-2.5510001182556152,-2.430000066757202,-2.378999948501587,-2.32099986076355,-2.250999927520752,-2.205000162124634,-2.011000156402588,-1.6649999618530273,-1.437000036239624,-1.1710000038146973,-1.093999981880188,-1.0329999923706055,-0.9600000381469727,-0.8200000524520874,-0.6520000100135803,-0.6599999666213989,-0.7329999804496765,-0.8550000190734863,-0.8659999966621399,-0.8380000591278076,-0.7249999642372131,-0.6459999680519104,-0.578000009059906
0.0,0.0,0.0,0.0,0.0,0.0,0.0,0.0,0.0,0.0,0.0,0.0,0.0,0.0,-1.937999963760376,-2.121000051498413,-2.2799999713897705,-2.4119999408721924,-2.4809999465942383,-2.561999797821045,-2.621000051498413,-2.547999858856201,-2.5390000343322754,-2.697999954223633,-2.8610000610351562,-2.741000175476074,-2.5380001068115234,-2.437000036239624,-2.38700008392334,-2.313999891281128,-2.246000051498413,-2.0370001792907715,-1.837999939918518,-1.7680000066757202,-1.6470000743865967,-1.246999979019165,-0.9449999928474426,-0.8219999670982361,-0.7870000004768372,-0.7919999957084656,-0.593999981880188,-0.5740000009536743,-0.6499999761581421,-0.8100000023841858,-0.8619999885559082,-0.8070000410079956,-0.6620000600814819,-0.4740000069141388,-0.3059999942779541
0.0,0.0,0.0,0.0,0.0,0.0,0.0,0.0,0.0,0.0,0.0,0.0,0.0,-1.7260000705718994,-1.9279999732971191,-2.138000011444092,-2.322999954223633,-2.4549999237060547,-2.6499998569488525,-2.7680001258850098,-2.7259998321533203,-2.6449999809265137,-2.6730000972747803,-2.815999984741211,-2.7860000133514404,-2.6629998683929443,-2.561999797821045,-2.4560000896453857,-2.361999988555908,-2.2880001068115234,-2.0789999961853027,-1.8240000009536743,-1.8550000190734863,-1.9900000095367432,-1.61899995803833,-1.187000036239624,-0.9350000619888306,-0.6069999933242798,-0.5550000071525574,-0.7660000324249268,-0.5699999928474426,-0.5239999890327454,-0.5950000286102295,-0.7089999914169312,-0.7929999828338623,-0.7209999561309814,-0.39800000190734863,-0.1720000058412552,-0.10099999606609344
0.0,0.0,0.0,0.0,0.0,0.0,0.0,0.0,0.0,0.0,0.0,0.0,0.0,-1.6959999799728394,-1.909999966621399,-2.116000175476074,-2.322000026702881,-2.5,-2.754000186920166,-2.9559998512268066,-2.8529999256134033,-2.800999879837036,-2.8489999771118164,-2.8929998874664307,-2.7070000171661377,-2.6100001335144043,-2.552000045776367,-2.4200000762939453,-2.256999969482422,-2.078000068664551,-1.812000036239624,-1.7599999904632568,-1.8889999389648438,-1.6799999475479126,-1.222000002861023,-0.9979999661445618,-0.9570000171661377,-0.6230000257492065,-0.4230000078678131,-0.6470000147819519,-0.6110000014305115,-0.49800002574920654,-0.47600001096725464,-0.6040000319480896,-0.6909999847412109,-0.5230000019073486,-0.21299999952316284,-0.006000000052154064,0.017999999225139618
0.0,0.0,0.0,0.0,0.0,0.0,0.0,0.0,0.0,0.0,0.0,0.0,-1.3619999885559082,-1.6410000324249268,-1.8669999837875366,-2.0829999446868896,-2.2740001678466797,-2.5839998722076416,-2.815000057220459,-2.9780001640319824,-3.0190000534057617,-2.947000026702881,-2.876000165939331,-2.931999921798706,-2.7909998893737793,-2.565000057220459,-2.493000030517578,-2.3459999561309814,-2.11899995803833,-1.7839999198913574,-1.6629999876022339,-1.790000081062317,-1.6439999341964722,-1.1800000667572021,-0.9380000233650208,-0.9089999794960022,-0.8600000143051147,-0.6449999809265137,-0.335999995470047,-0.5669999718666077,-0.6369999647140503,-0.35999998450279236,-0.3070000112056732,-0.3269999921321869,-0.3610000014305115,-0.3409999907016754,-0.04699999839067459,0.10599999874830246,0.017999999225139618
0.0,0.0,0.0,0.0,0.0,0.0,0.0,0.0,0.0,0.0,0.0,0.0,-1.2999999523162842,-1.6760001182556152,-1.9769999980926514,-2.1080000400543213,-2.2070000171661377,-2.618000030517578,-2.8949999809265137,-3.0260000228881836,-3.0419998168945312,-2.927000045776367,-2.8960001468658447,-2.9499998092651367,-2.8369998931884766,-2.5830001831054688,-2.38700008392334,-2.248000144958496,-1.875,-1.5350000858306885,-1.6470000743865967,-1.625,-1.1209999322891235,-0.8050000071525574,-0.7769999504089355,-0.7050000429153442,-0.6520000100135803,-0.6809999942779541,-0.4490000009536743,-0.4610000252723694,-0.5509999990463257,-0.2459999918937683,-0.08500000834465027,-0.1679999977350235,-0.22500000894069672,0.03700000047683716,0.06499999761581421,0.11100000143051147,-0.10300000011920929
0.0,0.0,0.0,0.0,0.0,0.0,0.0,0.0,0.0,0.0,0.0,-0.7900000214576721,-1.25,-1.6359999179840088,-2.0169999599456787,-2.13700008392334,-2.3389999866485596,-2.7059998512268066,-2.935999870300293,-3.065999984741211,-3.007999897003174,-2.878000259399414,-2.9089999198913574,-2.9760000705718994,-2.82099986076355,-2.5810000896453857,-2.2810001373291016,-1.9920001029968262,-1.6159999370574951,-1.5399999618530273,-1.6339999437332153,-1.1230000257492065,-0.6449999809265137,-0.6440000534057617,-0.6159999966621399,-0.5339999794960022,-0.5199999809265137,-0.6669999361038208,-0.5220000147819519,-0.2720000147819519,-0.3050000071525574,-0.04600000008940697,0.453000009059906,0.17800000309944153,0.19500000774860382,0.1899999976158142,0.14000000059604645,-0.028999999165534973,-0.2409999966621399
0.0,0.0,0.0,0.0,0.0,0.0,0.0,0.0,0.0,0.0,0.0,-0.7080000042915344,-1.2430000305175781,-1.7430000305175781,-2.009000062942505,-2.1410000324249268,-2.442000150680542,-2.7769999504089355,-2.946000099182129,-3.0450000762939453,-2.940000057220459,-2.88100004196167,-2.9060001373291016,-3.0299999713897705,-2.9539999961853027,-2.559000015258789,-2.2220001220703125,-1.7120001316070557,-1.4929999113082886,-1.534000039100647,-1.2120000123977661,-0.6700000166893005,-0.5419999957084656,-0.5299999713897705,-0.40299999713897705,-0.35899999737739563,-0.4659999907016754,-0.5479999780654907,-0.31599998474121094,-0.15299999713897705,-0.07199999690055847,0.11500000208616257,0.746999979019165,0.75,0.04999999701976776,0.13699999451637268,0.05400000140070915,-0.1679999977350235,-0.2529999911785126
0.0,0.0,0.0,0.0,0.0,0.0,0.0,0.0,0.0,0.0,0.0,-0.656000018119812,-1.2059999704360962,-1.809999942779541,-1.9529999494552612,-2.1059999465942383,-2.4619998931884766,-2.755000114440918,-2.921999931335449,-2.942999839782715,-2.8389999866485596,-2.8439998626708984,-2.878000259399414,-3.0239999294281006,-3.0399999618530273,-2.61299991607666,-2.065999984741211,-1.5149999856948853,-1.4399999380111694,-1.3539999723434448,-0.7980000376701355,-0.4659999907016754,-0.42899999022483826,-0.6510000228881836,-0.5680000185966492,-0.16899999976158142,-0.24199999868869781,-0.03500000014901161,-0.026000000536441803,-0.07400000095367432,-0.017999999225139618,0.19200000166893005,0.7919999957084656,0.43400001525878906,-0.08500000834465027,0.023000000044703484,-0.12199999392032623,-0.28200000524520874,-0.22600001096725464
0.0,0.0,0.0,0.0,0.0,0.0,0.0,0.0,0.0,0.0,0.0,-0.6840000152587891,-1.312999963760376,-1.809999942779541,-1.909999966621399,-2.128999948501587,-2.4619998931884766,-2.6989998817443848,-2.883999824523926,-2.815000057220459,-2.757999897003174,-2.7860000133514404,-2.868000030517578,-3.000999927520752,-2.942999839782715,-2.63700008392334,-1.9630000591278076,-1.5859999656677246,-1.468999981880188,-1.0260000228881836,-0.45499998331069946,-0.3499999940395355,-0.16699999570846558,-0.18700000643730164,-0.8510000109672546,-0.3479999899864197,0.07799999415874481,0.2070000022649765,0.12799999117851257,-0.04100000113248825,0.015000000596046448,0.3869999945163727,0.8160000443458557,0.19099998474121094,-0.005000000353902578,0.0820000022649765,-0.16599999368190765,-0.2590000033378601,-0.21799999475479126
0.0,0.0,0.0,0.0,0.0,0.0,0.0,0.0,0.0,0.0,-0.18200001120567322,-0.7429999709129333,-1.3029999732971191,-1.6629999876022339,-1.8519999980926514,-2.135999917984009,-2.4160001277923584,-2.6419999599456787,-2.7669999599456787,-2.7110002040863037,-2.697000026702881,-2.7300000190734863,-2.8559999465942383,-2.948000192642212,-2.8550000190734863,-2.5839998722076416,-2.065999984741211,-1.7190001010894775,-1.3320000171661377,-0.7940000295639038,-0.45100000500679016,-0.31300002336502075,0.05100000277161598,0.3400000333786011,-0.4789999723434448,-0.3620000183582306,0.2840000092983246,0.30799999833106995,0.16599999368190765,0.02199999988079071,0.017000000923871994,0.24700000882148743,0.5929999947547913,0.17599999904632568,0.06800000369548798,0.07899999618530273,-0.1420000046491623,-0.2290000021457672,-0.21400001645088196
0.0,0.0,0.0,0.0,0.0,0.0,0.0,0.0,0.0,0.0,-0.28999999165534973,-0.753000020980835,-1.2230000495910645,-1.4839999675750732,-1.6920000314712524,-2.0230000019073486,-2.322000026702881,-2.562999963760376,-2.6499998569488525,-2.6100001335144043,-2.6449999809265137,-2.7110002040863037,-2.8610000610351562,-2.883000135421753,-2.7970001697540283,-2.4789998531341553,-2.1050000190734863,-1.7330000400543213,-1.2389999628067017,-0.675000011920929,-0.43799999356269836,-0.15699999034404755,0.22200000286102295,0.45100000500679016,-0.33799999952316284,-0.2669999897480011,0.3400000333786011,0.44599997997283936,0.2750000059604645,0.02199999988079071,-0.0279999990016222,0.07799999415874481,0.414000004529953,0.2409999966621399,-0.041999999433755875,0.010000000707805157,-0.10700000822544098,-0.21899999678134918,-0.20899999141693115
