static/data/wind1.json
{"header": { "parameterNumberName": "northward_wind", "parameterUnit": "m.s-1", "parameterNumber": 3, "parameterCategory": 2, "nx": 121, "ny": 221, "numberPoints": 26741, "dx": 0.005000000000000071, "dy": 0.005000000000000006, "la1": -31.6, "lo1": 115.3, "la2": -32.7, "lo2": 115.9, "refTime": "2022-11-24 22:00:00" }, "data":
[rows 126 to 146 of 221, columns 49 to 97 of 121]
-0.24800001084804535,-0.23600000143051147,-0.09800000488758087,-0.09600000083446503,-0.17100000381469727,-0.3499999940395355,-0.5550000071525574,-0.6040000319480896,-0.5830000042915344,-0.6230000257492065,-0.6389999985694885,-0.7760000228881836,-1.0859999656677246,-1.474000096321106,-1.7409999370574951,-1.7059999704360962,-1.5160000324249268,-1.4670000076293945,-1.4830000400543213,-1.059999942779541,-1.0010000467300415,-1.0010000467300415,-1.2080000638961792,-1.5019999742507935,-1.2880001068115234,-0.23100000619888306,0.5680000185966492,0.0,0.0,-0.20899999141693115,-0.09999999403953552,-0.16599999368190765,0.03199999779462814,-0.19300000369548798,0.041999999433755875,0.049000002443790436,0.4989999830722809,0.41200000047683716,0.5299999713897705,0.17599999904632568,-0.023000000044703484,-0.18200001120567322,0.12199999392032623,0.0,0.0,0.0,0.0,0.0,0.0
-0.1899999976158142,-0.24399998784065247,-0.14900000393390656,-0.12299999594688416,-0.16300000250339508,-0.2849999964237213,-0.47699999809265137,-0.5720000267028809,-0.5530000329017639,-0.6069999933242798,-0.6440000534057617,-0.7139999866485596,-1.0090000629425049,-1.3650000095367432,-1.5870000123977661,-1.5880000591278076,-1.1829999685287476,-1.2020000219345093,-1.24399995803833,-1.0899999141693115,-0.8910000324249268,-1.0109999179840088,-1.0119999647140503,-1.568000078201294,-1.3930000066757202,-0.34299999475479126,0.25,0.0,0.0,-0.00699999975040555,-0.10899999737739563,-0.16499999165534973,-0.07100000232458115,-0.14999999105930328,-0.07000000029802322,0.11699999868869781,0.4950000047683716,0.42500001192092896,0.562999963760376,0.1469999998807907,-0.010000000707805157,-0.3929999768733978,0.17499999701976776,0.0,0.0,0.0,0.0,0.0,0.0
-0.1550000011920929,-0.2409999966621399,-0.23100000619888306,-0.14499999582767487,-0.14000000059604645,-0.2549999952316284,-0.406000018119812,-0.5360000133514404,-0.5579999685287476,-0.5889999866485596,-0.6629999876022339,-0.715999960899353,-0.9170000553131104,-1.24399995803833,-1.4609999656677246,-1.3980000019073486,-0.9810000061988831,-0.6759999990463257,-1.0010000467300415,-1.0570000410079956,-0.8899999856948853,-1.0950000286102295,-0.8950000405311584,-1.503999948501587,-1.468999981880188,-0.5080000162124634,0.17000001668930054,0.0,0.0,0.0,-0.03400000184774399,-0.671999990940094,-0.8160000443458557,-0.31599998474121094,-0.14399999380111694,0.17100000381469727,0.3370000123977661,0.5290000438690186,0.5230000019073486,0.12600000202655792,-0.06499999761581421,-0.15299999713897705,0.04100000113248825,0.0,0.0,0.0,0.0,0.0,0.0
-0.20600000023841858,-0.26899999380111694,-0.22200000286102295,-0.12700000405311584,-0.09800000488758087,-0.20800000429153442,-0.33100003004074097,-0.5160000324249268,-0.5889999866485596,-0.5759999752044678,-0.671999990940094,-0.7490000128746033,-0.8980000019073486,-1.1549999713897705,-1.5170000791549683,-1.3959999084472656,-0.956000030040741,-0.4050000011920929,-0.5839999914169312,-0.9570000171661377,-0.7960000038146973,-0.8270000219345093,-0.7509999871253967,-1.2890000343322754,-1.5499999523162842,-0.7670000195503235,0.19300000369548798,0.1810000091791153,0.5479999780654907,0.0,-0.5350000262260437,-1.555999994277954,-1.4270000457763672,-0.22500000894069672,0.5090000033378601,-0.05900000035762787,0.28600001335144043,0.5609999895095825,0.3100000023841858,0.09300000220537186,-0.049000002443790436,-0.04600000008940697,-0.010000000707805157,0.0,0.0,0.0,0.0,0.0,0.0
-0.24800001084804535,-0.30300000309944153,-0.14999999105930328,-0.11400000005960464,-0.07899999618530273,-0.16300000250339508,-0.2750000059604645,-0.46700000762939453,-0.6080000400543213,-0.5929999947547913,-0.6650000214576721,-0.7429999709129333,-0.8770000338554382,-1.1299999952316284,-1.3779999017715454,-1.3410000801086426,-1.0160000324249268,-0.3700000047683716,-0.37400001287460327,-0.8709999918937683,-0.8330000042915344,-0.6080000400543213,-0.7440000176429749,-0.9830000400543213,-1.6369999647140503,-1.097000002861023,0.015000000596046448,0.3630000054836273,0.3889999985694885,-1.2009999752044678,-0.3799999952316284,-1.100000023841858,0.24700000882148743,0.10700000822544098,0.6779999732971191,-0.07699999958276749,0.29600000381469727,0.4909999966621399,0.2939999997615814,-0.012000000104308128,0.003000000026077032,-0.17499999701976776,0.020000001415610313,0.0,0.0,0.0,0.0,0.0,0.0
-0.20899999141693115,-0.15699999034404755,-0.1679999977350235,-0.164000004529953,-0.1119999960064888,-0.09600000083446503,-0.21799999475479126,-0.3830000162124634,-0.593999981880188,-0.6690000295639038,-0.6319999694824219,-0.7129999995231628,-0.8479999899864197,-1.0959999561309814,-1.2540000677108765,-1.2690000534057617,-1.0390000343322754,-0.6119999885559082,-0.31599998474121094,-0.8659999966621399,-1.093000054359436,-0.9650000333786011,-0.6470000147819519,-0.7150000333786011,-1.4820001125335693,-1.3529999256134033,-0.7549999952316284,0.21199999749660492,-0.23600000143051147,-0.46299999952316284,0.3409999907016754,-0.6430000066757202,0.6129999756813049,0.12600000202655792,0.531000018119812,-0.12700000405311584,0.3530000150203705,0.37700000405311584,0.049000002443790436,-0.08100000023841858,-0.14100000262260437,0.03199999779462814,0.0,0.0,0.0,0.0,0.0,0.0,0.0
-0.15399999916553497,-0.203000009059906,-0.2290000021457672,-0.22600001096725464,-0.10999999940395355,-0.0559999980032444,-0.18799999356269836,-0.3290000259876251,-0.574999988079071,-0.7050000429153442,-0.6349999904632568,-0.6769999861717224,-0.781000018119812,-1.0220000743865967,-1.2309999465942383,-1.2549998760223389,-1.1139999628067017,-0.8349999785423279,-0.3620000183582306,-0.8759999871253967,-1.2109999656677246,-1.0670000314712524,-0.6580000519752502,-0.5339999794960022,-1.252000093460083,-1.0210000276565552,-1.0499999523162842,-0.15599998831748962,-0.4410000145435333,0.04100000113248825,0.03800000250339508,0.6599999666213989,0.26600000262260437,0.12299999594688416,0.13199999928474426,0.164000004529953,0.28700000047683716,0.19200000166893005,-0.08900000154972076,-0.1810000091791153,0.024000000208616257,0.0,0.0,0.0,0.0,0.0,0.0,0.0,0.0
-0.20800000429153442,-0.23000000417232513,-0.21299999952316284,-0.2590000033378601,-0.16200000047683716,-0.16899999976158142,-0.1340000033378601,-0.3109999895095825,-0.5139999985694885,-0.6319999694824219,-0.6230000257492065,-0.6520000100135803,-0.7360000014305115,-0.9740000367164612,-1.225000023841858,-1.3680000305175781,-1.1299999952316284,-0.8250000476837158,-0.5449999570846558,-0.784000039100647,-1.0440000295639038,-1.0440000295639038,-0.777999997138977,-0.42899999022483826,-1.0920000076293945,-0.7680000066757202,-1.3320000171661377,-1.1759999990463257,-1.187999963760376,1.024999976158142,0.7389999628067017,0.0,0.41999998688697815,-0.024000000208616257,-0.0279999990016222,0.17000001668930054,0.18799999356269836,0.07499999552965164,-0.10700000822544098,0.02499999850988388,0.0,0.0,0.0,0.0,0.0,0.0,0.0,0.0,0.0
-0.17000001668930054,-0.23900000751018524,-0.2919999957084656,-0.31300002336502075,-0.25699999928474426,-0.11800000071525574,-0.07600000500679016,-0.281000018119812,-0.45499998331069946,-0.6369999647140503,-0.640999972820282,-0.5879999995231628,-0.7010000348091125,-0.8980000019073486,-1.2049999237060547,-1.3660000562667847,-1.2809998989105225,-0.8240000009536743,-0.39000001549720764,-0.6140000224113464,-0.8359999656677246,-0.9679999947547913,-0.7519999742507935,-0.3720000088214874,-0.9309999942779541,-1.0889999866485596,-1.3359999656677246,-1.4830000400543213,-0.9440000057220459,0.0,0.0,0.7289999723434448,0.5040000081062317,-0.14300000667572021,-0.1679999977350235,0.08000000566244125,0.06300000101327896,0.09600000083446503,0.17800000309944153,0.0,0.0,0.0,0.0,0.0,0.0,0.0,0.0,0.0,0.0
-0.3050000071525574,-0.33799999952316284,-0.2720000147819519,-0.22500000894069672,-0.2750000059604645,-0.11500000208616257,-0.10400000214576721,-0.28999999165534973,-0.4399999976158142,-0.6190000176429749,-0.5920000076293945,-0.6889999508857727,-0.6920000314712524,-0.8240000009536743,-1.1420000791549683,-1.3989999294281006,-1.3940000534057617,-0.9639999866485596,-0.4620000123977661,-0.5900000333786011,-0.7269999980926514,-0.925000011920929,-0.7319999933242798,-0.37599998712539673,-0.7829999923706055,-1.093000054359436,-0.8739999532699585,-1.3289999961853027,-1.128000020980835,-0.01900000125169754,0.0,0.0,0.14999999105930328,-0.11699999868869781,0.026000000536441803,0.04999999701976776,0.15200001001358032,0.0,0.0,0.0,0.0,0.0,0.0,0.0,0.0,0.0,0.0,0.0,0.0
-0.3409999907016754,-0.32099997997283936,-0.1889999955892563,-0.26100000739097595,-0.2709999978542328,-0.17899999022483826,-0.2280000001192093,-0.30400002002716064,-0.42899999022483826,-0.5830000042915344,-0.6260000467300415,-0.6700000166893005,-0.6909999847412109,-0.7630000114440918,-0.9979999661445618,-1.28000009059906,-1.4240000247955322,-1.1749999523162842,-0.5220000147819519,-0.6159999966621399,-0.7350000143051147,-0.9570000171661377,-0.8450000286102295,-0.37300002574920654,-0.5070000290870667,-1.0399999618530273,-0.6930000185966492,-1.0429999828338623,-0.5710000395774841,-0.2939999997615814,-0.1459999978542328,0.05900000035762787,0.0,0.0,0.0,0.0,0.0,0.0,0.0,0.0,0.0,0.0,0.0,0.0,0.0,0.0,0.0,0.0,0.0
-0.3240000009536743,-0.35999998450279236,-0.23000000417232513,-0.25699999928474426,-0.2939999997615814,-0.29899999499320984,-0.25200000405311584,-0.289000004529953,-0.40700000524520874,-0.5530000329017639,-0.6380000114440918,-0.6299999952316284,-0.6800000667572021,-0.6930000185966492,-0.8330000042915344,-1.1420000791549683,-1.3459999561309814,-1.246000051498413,-0.6230000257492065,-0.5160000324249268,-0.687000036239624,-0.9529999494552612,-0.9459999799728394,-0.31800001859664917,-0.1510000079870224,-0.5440000295639038,-0.4490000009536743,-1.0709999799728394,-0.19699999690055847,-0.21899999678134918,-0.31800001859664917,0.02199999988079071,0.0,0.0,0.0,0.0,0.0,0.0,0.0,0.0,0.0,0.0,0.0,0.0,0.0,0.0,0.0,0.0,0.0
-0.33500000834465027,-0.36899998784065247,-0.3109999895095825,-0.2750000059604645,-0.31800001859664917,-0.35500001907348633,-0.2759999930858612,-0.2800000011920929,-0.3840000033378601,-0.5160000324249268,-0.6209999918937683,-0.5960000157356262,-0.6290000081062317,-0.6360000371932983,-0.7590000629425049,-1.0320000648498535,-1.2039999961853027,-1.221000075340271,-0.7089999914169312,-0.3959999978542328,-0.5579999685287476,-0.3970000147819519,0.020999999716877937,0.2630000114440918,-0.06300000101327896,-0.1720000058412552,-0.75,-0.7540000081062317,-0.3499999940395355,-0.289000004529953,-0.5149999856948853,-0.020000001415610313,0.0,0.0,0.0,0.0,0.0,0.0,0.0,0.0,0.0,0.0,0.0,0.0,0.0,0.0,0.0,0.0,0.0
-0.3370000123977661,-0.37300002574920654,-0.3449999988079071,-0.25200000405311584,-0.3319999873638153,-0.3830000162124634,-0.30799999833106995,-0.29500001668930054,-0.35999998450279236,-0.47600001096725464,-0.574999988079071,-0.5699999928474426,-0.5929999947547913,-0.6060000061988831,-0.7100000381469727,-0.902999997138977,-1.2669999599456787,-1.1959999799728394,-0.7879999876022339,-0.48000001907348633,-0.5230000019073486,-0.4780000150203705,-0.31800001859664917,-0.20400001108646393,-0.1899999976158142,-0.12000000476837158,-0.6380000114440918,-0.6710000038146973,-0.5999999642372131,-0.4560000002384186,-0.5710000395774841,-0.17999999225139618,0.0,0.0,0.0,0.0,0.0,0.0,0.0,0.0,0.0,0.0,0.0,0.0,0.0,0.0,0.0,0.0,0.0
-0.2879999876022339,-0.3440000116825104,-0.335999995470047,-0.2680000066757202,-0.3970000147819519,-0.40800002217292786,-0.281000018119812,-0.2849999964237213,-0.36500000953674316,-0.46700000762939453,-0.5110000371932983,-0.5440000295639038,-0.4789999723434448,-0.5220000147819519,-0.6710000038146973,-0.9139999747276306,-1.3009999990463257,-1.309999942779541,-0.784000039100647,-0.6360000371932983,-0.38600000739097595,-0.6840000152587891,-0.6319999694824219,-0.30300000309944153,-0.30300000309944153,-0.20800000429153442,-0.6690000295639038,-0.7339999675750732,-0.7540000081062317,-0.5440000295639038,-0.5419999957084656,-0.21299999952316284,0.0,0.0,0.0,0.0,0.0,0.0,0.0,0.0,0.0,0.0,0.0,0.0,0.0,0.0,0.0,0.0,0.0
-0.3109999895095825,-0.3579999804496765,-0.3790000081062317,-0.3449999988079071,-0.41700002551078796,-0.42899999022483826,-0.2879999876022339,-0.33399999141693115,-0.42100000381469727,-0.48399999737739563,-0.45899999141693115,-0.48399999737739563,-0.35999998450279236,-0.5410000085830688,-0.722000002861023,-0.8730000257492065,-1.1360000371932983,-1.402000069618225,-0.9170000553131104,-0.5809999704360962,-0.3020000159740448,-0.6669999361038208,-0.7639999389648438,-0.4440000057220459,-0.42399999499320984,-0.2939999997615814,-0.6290000081062317,-0.8630000352859497,-0.8600000143051147,-0.7850000262260437,-0.9279999732971191,-0.5249999761581421,0.0,0.0,0.0,0.0,0.0,0.0,0.0,0.0,0.0,0.0,0.0,0.0,0.0,0.0,0.0,0.0,0.0
-0.2639999985694885,-0.3070000112056732,-0.3530000150203705,-0.35600000619888306,-0.39000001549720764,-0.45100000500679016,-0.37400001287460327,-0.36800000071525574,-0.4359999895095825,-0.4789999723434448,-0.4699999690055847,-0.5199999809265137,-0.33799999952316284,-0.5180000066757202,-0.684999942779541,-0.8450000286102295,-1.003999948501587,-1.399999976158142,-0.9000000357627869,-0.5860000252723694,-0.40700000524520874,-0.5429999828338623,-0.7960000038146973,-0.5090000033378601,-0.4789999723434448,-0.40199998021125793,-0.5900000333786011,-0.8829999566078186,-0.8460000157356262,-0.7050000429153442,-0.4320000112056732,-0.3840000033378601,0.017999999225139618,0.003000000026077032,0.057999998331069946,-0.010999999940395355,0.01900000125169754,0.0,0.0,0.0,0.0,0.0,0.0,0.0,0.0,0.0,0.0,0.0,0.0
-0.2789999842643738,-0.3330000042915344,-0.3959999978542328,-0.38600000739097595,-0.38600000739097595,-0.4520000219345093,-0.41700002551078796,-0.40199998021125793,-0.43799999356269836,-0.4830000102519989,-0.45499998331069946,-0.5090000033378601,-0.45499998331069946,-0.4740000069141388,-0.6360000371932983,-0.75,-0.8039999604225159,-1.2860000133514404,-0.8270000219345093,-0.5460000038146973,-0.38600000739097595,-0.5149999856948853,-0.7680000066757202,-0.5690000057220459,-0.5339999794960022,-0.5040000081062317,-0.5239999890327454,-0.8460000157356262,-0.8799999952316284,-0.4919999837875366,-0.43299999833106995,-0.3479999899864197,0.0689999982714653,0.06399999558925629,0.06800000369548798,0.1119999960064888,-0.041999999433755875,0.04100000113248825,0.0009999999310821295,0.0,0.0,0.0,0.0,0.0,0.0,0.0,0.0,0.0,0.0
-0.3139999806880951,-0.3610000014305115,-0.41200000047683716,-0.4010000228881836,-0.414000004529953,-0.5160000324249268,-0.43299999833106995,-0.4089999794960022,-0.4269999861717224,-0.45899999141693115,-0.46700000762939453,-0.48000001907348633,-0.4870000183582306,-0.3790000081062317,-0.5260000228881836,-0.6580000519752502,-0.7680000066757202,-1.0980000495910645,-0.8959999680519104,-0.6230000257492065,-0.43699997663497925,-0.3540000021457672,-0.6940000057220459,-0.6010000109672546,-0.5519999861717224,-0.6190000176429749,-0.49699997901916504,-0.7329999804496765,-0.9139999747276306,-0.7020000219345093,-0.4740000069141388,-0.6169999837875366,0.15200001001358032,0.2590000033378601,0.26499998569488525,0.11500000208616257,-0.0860000029206276,-0.017999999225139618,0.028999999165534973,0.0,0.0,0.0,0.0,0.0,0.0,0.0,0.0,0.0,0.0
-0.3190000057220459,-0.3319999873638153,-0.35999998450279236,-0.3799999952316284,-0.46700000762939453,-0.5339999794960022,-0.4280000329017639,-0.4039999842643738,-0.4089999794960022,-0.45000001788139343,-0.4729999899864197,-0.46000000834465027,-0.5270000100135803,-0.3100000023841858,-0.26600000262260437,-0.5329999923706055,-0.7100000381469727,-0.9920000433921814,-1.069000005722046,-0.6050000190734863,-0.32499998807907104,-0.2290000021457672,-0.5960000157356262,-0.5509999990463257,-0.5099999904632568,-0.5879999995231628,-0.5820000171661377,-0.5799999833106995,-0.8320000171661377,-1.1339999437332153,-0.2800000011920929,-0.421999990940094,0.16300000250339508,0.31700000166893005,0.22200000286102295,0.05299999937415123,-0.020000001415610313,-0.14900000393390656,0.1860000044107437,0.04100000113248825,0.0,0.0,0.0,0.0,0.0,0.0,0.0,0.0,0.0
-0.29999998211860657,-0.3089999854564667,-0.3499999940395355,-0.40800002217292786,-0.4699999690055847,-0.5149999856948853,-0.4089999794960022,-0.39399999380111694,-0.40700000524520874,-0.46000000834465027,-0.4690000116825104,-0.4479999840259552,-0.45100000500679016,-0.2160000056028366,-0.19900000095367432,-0.5260000228881836,-0.6949999928474426,-0.8359999656677246,-0.9670000076293945,-0.6449999809265137,-0.3059999942779541,-0.19900000095367432,-0.5290000438690186,-0.289000004529953,-0.40199998021125793,-0.4710000157356262,-0.6769999861717224,-0.7269999980926514,-0.875,-1.1619999408721924,-0.40199998021125793,-0.26499998569488525,0.1469999998807907,0.23900000751018524,0.0689999982714653,0.010000000707805157,0.03800000250339508,0.12099999934434891,0.12299999594688416,0.19999998807907104,0.0,0.0,0.0,0.0,0.0,0.0,0.0,0.0,0.0
