static/data/wind.json
{"header": { "parameterNumberName":"eastward_wind", "parameterUnit":"m.s-1", "parameterNumber":2, "parameterCategory":2, "nx":161, "ny":261, "numberPoints":42021, "dx":0.004999999999999982, "dy":0.004999999999999989, "la1":-31.5, "lo1":115.2, "la2":-32.8, "lo2":116.0 }, "data":
[rows 144 to 167 of 261, columns 0 to 53 of 161]
0.0,0.0,0.0,0.0,0.0,0.0,0.0,0.0,0.0,0.0,0.0,0.0,0.0,0.0,0.0,0.0,0.0,0.0,0.0,0.0,0.0,0.0,0.0,0.0,0.0,0.0,-0.02199999988079071,0.2800000011920929,-0.09100000560283661,-0.17599999904632568,-0.06599999964237213,-0.020999999716877937,0.007999999448657036,-0.003000000026077032,0.035999998450279236,0.1119999960064888,0.1730000078678131,0.23600000143051147,0.320000022649765,0.31800001859664917,0.3370000123977661,0.40700000524520874,0.4620000123977661,0.453000009059906,0.3630000054836273,0.44200000166893005,0.5170000195503235,0.5680000185966492,0.6319999694824219,0.6430000066757202,0.5950000286102295,0.4819999933242798,0.36800000071525574,0.27399998903274536
0.0,0.0,0.0,0.0,0.0,0.0,0.0,0.0,0.0,0.0,0.0,0.0,0.0,0.0,0.0,0.0,0.0,0.0,0.0,0.0,0.0,0.0,0.0,0.0,0.0,0.0,-0.0,0.20800000429153442,-0.1850000023841858,-0.24000000953674316,-0.12999999523162842,-0.1459999978542328,-0.10400000214576721,-0.09999999403953552,-0.044999998062849045,0.03700000047683716,0.11100000143051147,0.19900000095367432,0.2849999964237213,0.2709999978542328,0.2879999876022339,0.34700000286102295,0.38600000739097595,0.3659999966621399,0.28299999237060547,0.36400002241134644,0.4259999990463257,0.4789999723434448,0.546999990940094,0.531000018119812,0.43299999833106995,0.3059999942779541,0.20899999141693115,0.09200000017881393
0.0,0.0,0.0,0.0,0.0,0.0,0.0,0.0,0.0,0.0,0.0,0.0,0.0,0.0,0.0,0.0,0.0,0.0,0.0,0.0,0.0,0.0,0.0,0.0,0.0,0.0,0.023000000044703484,0.10499999672174454,-0.29899999499320984,-0.3240000009536743,-0.19300000369548798,-0.2370000034570694,-0.2459999918937683,-0.20500001311302185,-0.1290000081062317,-0.03199999779462814,0.060999996960163116,0.14499999582767487,0.22100000083446503,0.1979999989271164,0.21400001645088196,0.24900001287460327,0.27799999713897705,0.2239999920129776,0.16899999976158142,0.24300000071525574,0.406000018119812,0.5339999794960022,0.5999999642372131,0.5270000100135803,0.49800002574920654,0.44300001859664917,0.37300002574920654,0.2919999957084656
0.0,0.0,0.0,0.0,0.0,0.0,0.0,0.0,0.0,0.0,0.0,0.0,0.0,0.0,0.0,0.0,0.0,0.0,0.0,0.0,0.0,0.0,0.0,0.0,0.0,0.0,0.04699999839067459,0.04699999839067459,-0.30799999833106995,-0.2709999978542328,-0.1379999965429306,-0.17399999499320984,-0.2160000056028366,-0.2590000033378601,-0.20400001108646393,-0.10099999606609344,0.028999999165534973,0.125,0.16599999368190765,0.1340000033378601,0.1290000081062317,0.1459999978542328,0.0860000029206276,0.010999999940395355,0.020000001415610313,0.31599998474121094,0.5220000147819519,0.6449999809265137,0.7260000109672546,0.7280000448226929,0.6970000267028809,0.6100000143051147,0.527999997138977,0.3920000195503235
0.0,0.0,0.0,0.0,0.0,0.0,0.0,0.0,0.0,0.0,0.0,0.0,0.0,0.0,0.0,0.0,0.0,0.0,0.0,0.0,0.0,0.0,0.0,0.0,0.0,0.0,0.0729999989271164,0.06599999964237213,-0.27399998903274536,-0.20099999010562897,-0.0820000022649765,-0.03400000184774399,0.0,0.02499999850988388,0.04600000008940697,0.06700000166893005,0.10999999940395355,0.10300000011920929,0.12000000476837158,0.09200000017881393,0.08900000154972076,0.09999999403953552,0.05400000140070915,-0.07499999552965164,0.13099999725818634,0.38600000739097595,0.46000000834465027,0.5249999761581421,0.5839999914169312,0.5989999771118164,0.5640000104904175,0.4870000183582306,0.4179999828338623,0.29100000858306885
0.0,0.0,0.0,0.0,0.0,0.0,0.0,0.0,0.0,0.0,0.0,0.0,0.0,0.0,0.0,0.0,0.0,0.0,0.0,0.0,0.0,0.0,0.0,0.0,0.0,0.0,0.10099999606609344,0.0729999989271164,-0.2720000147819519,-0.23199999332427979,-0.16599999368190765,-0.16300000250339508,0.15399999916553497,0.2070000022649765,0.289000004529953,0.3540000021457672,0.46299999952316284,0.45899999141693115,0.42899999022483826,0.33899998664855957,0.2720000147819519,0.20800000429153442,0.18400000035762787,0.18400000035762787,0.11900000274181366,0.2280000001192093,0.3720000088214874,0.4490000009536743,0.4950000047683716,0.5,0.4560000002384186,0.40700000524520874,0.3540000021457672,0.23499998450279236
0.0,0.0,0.0,0.0,0.0,0.0,0.0,0.0,0.0,0.0,0.0,0.0,0.0,0.0,0.0,0.0,0.0,0.0,0.0,0.0,0.0,0.0,0.0,0.0,0.0,0.0,0.13099999725818634,0.07400000095367432,-0.27799999713897705,-0.21899999678134918,-0.164000004529953,-0.3240000009536743,-0.14900000393390656,0.11300000548362732,0.20899999141693115,0.37400001287460327,0.6279999613761902,0.7569999694824219,0.8270000219345093,0.7649999856948853,0.699999988079071,0.640999972820282,0.6299999952316284,0.6700000166893005,0.5449999570846558,0.3149999976158142,0.33100003004074097,0.406000018119812,0.46299999952316284,0.43299999833106995,0.3869999945163727,0.3669999837875366,0.3479999899864197,0.2759999930858612
0.0,0.0,0.0,0.0,0.0,0.0,0.0,0.0,0.0,0.0,0.0,0.0,0.0,0.0,0.0,0.0,0.0,0.0,0.0,0.0,0.0,0.0,0.0,0.0,0.0,0.0,0.22500000894069672,0.09700000286102295,-0.24199999868869781,-0.16100001335144043,-0.1119999960064888,-0.15200001001358032,-0.06700000166893005,0.12999999523162842,0.22500000894069672,0.3400000333786011,0.5690000057220459,0.675000011920929,0.7069999575614929,0.7020000219345093,0.7139999866485596,0.7389999628067017,0.7509999871253967,0.6389999985694885,0.4659999907016754,0.281000018119812,0.36899998784065247,0.4960000216960907,0.5699999928474426,0.5170000195503235,0.4780000150203705,0.4610000252723694,0.4479999840259552,0.39900001883506775
0.0,0.0,0.0,0.0,0.0,0.0,0.0,0.0,0.0,0.0,0.0,0.0,0.0,0.0,0.0,0.0,0.0,0.0,0.0,0.0,0.0,0.0,0.0,0.0,0.0,0.0,0.28600001335144043,0.1290000081062317,-0.1770000010728836,-0.0860000029206276,-0.0009999999310821295,0.006000000052154064,0.13699999451637268,0.3269999921321869,0.43400001525878906,0.5579999685287476,0.6990000009536743,0.6809999942779541,0.6440000534057617,0.6310000419616699,0.6179999709129333,0.6270000338554382,0.6669999361038208,0.6110000014305115,0.5209999680519104,0.3779999911785126,0.4729999899864197,0.6270000338554382,0.7300000190734863,0.671999990940094,0.6660000085830688,0.6759999990463257,0.6790000200271606,0.656000018119812
0.0,0.0,0.0,0.0,0.0,0.0,0.0,0.0,0.0,0.0,0.0,0.0,0.0,0.0,0.0,0.0,0.0,0.0,0.0,0.0,0.0,0.0,0.0,0.0,0.0,0.0,0.210999995470047,0.2239999920129776,-0.010000000707805157,0.07100000232458115,0.15299999713897705,0.20400001108646393,0.3460000157356262,0.5199999809265137,0.6380000114440918,0.7689999938011169,0.9240000247955322,0.9120000004768372,0.8869999647140503,0.8709999918937683,0.8560000658035278,0.8240000009536743,0.7910000085830688,0.7339999675750732,0.6459999680519104,0.5659999847412109,0.7190000414848328,0.8690000176429749,0.9650000333786011,0.956000030040741,0.9549999833106995,0.9179999828338623,0.8550000190734863,0.7630000114440918
0.0,0.0,0.0,0.0,0.0,0.0,0.0,0.0,0.0,0.0,0.0,0.0,0.0,0.0,0.0,0.0,0.0,0.0,0.0,0.0,0.0,0.0,0.0,0.0,0.0,0.0,0.2919999957084656,0.3579999804496765,0.17399999499320984,0.24300000071525574,0.31800001859664917,0.375,0.5320000052452087,0.7069999575614929,0.8039999604225159,0.9340000152587891,1.1069999933242798,1.1150000095367432,1.1050000190734863,1.0880000591278076,1.0770000219345093,1.065000057220459,0.9960000514984131,0.9979999661445618,0.9819999933242798,0.8250000476837158,0.8829999566078186,0.9300000071525574,1.0019999742507935,1.0019999742507935,0.9610000252723694,0.902999997138977,0.843999981880188,0.746999979019165
0.0,0.0,0.0,0.0,0.0,0.0,0.0,0.0,0.0,0.0,0.0,0.0,0.0,0.0,0.0,0.0,0.0,0.0,0.0,0.0,0.0,0.0,0.0,0.0,0.0,0.0,0.29100000858306885,0.47699999809265137,0.31300002336502075,0.38100001215934753,0.4569999873638153,0.5440000295639038,0.5999999642372131,0.656000018119812,0.7540000081062317,0.9880000352859497,1.2809998989105225,1.2919999361038208,1.281999945640564,1.253000020980835,1.2590000629425049,1.2590000629425049,1.2630000114440918,1.2009999752044678,1.0829999446868896,0.8669999837875366,0.9220000505447388,0.9470000267028809,0.9509999752044678,0.9549999833106995,0.8869999647140503,0.8079999685287476,0.7319999933242798,0.6340000033378601
0.0,0.0,0.0,0.0,0.0,0.0,0.0,0.0,0.0,0.0,0.0,0.0,0.0,0.0,0.0,0.0,0.0,0.0,0.0,0.0,0.0,0.0,0.0,0.0,0.0,0.0,0.32200002670288086,0.4650000035762787,0.4440000057220459,0.406000018119812,0.3869999945163727,0.3579999804496765,0.42399999499320984,0.4950000047683716,0.6029999852180481,0.9939999580383301,1.3199999332427979,1.3650000095367432,1.36899995803833,1.347000002861023,1.3380000591278076,1.3240001201629639,1.3160001039505005,1.1929999589920044,1.0390000343322754,0.8550000190734863,0.8299999833106995,0.8219999670982361,0.8200000524520874,0.8109999895095825,0.7400000095367432,0.6759999990463257,0.6310000419616699,0.5720000267028809
0.0,0.0,0.0,0.0,0.0,0.0,0.0,0.0,0.0,0.0,0.0,0.0,0.0,0.0,0.0,0.0,0.0,0.0,0.0,0.0,0.0,0.0,0.0,0.0,0.0,0.0,0.2019999921321869,0.3579999804496765,0.20800000429153442,0.1679999977350235,0.1510000079870224,0.16200000047683716,0.28700000047683716,0.3920000195503235,0.6260000467300415,1.0490000247955322,1.3269999027252197,1.3819999694824219,1.3899999856948853,1.375,1.3600001335144043,1.334999918937683,1.2919999361038208,1.1469999551773071,0.9679999947547913,0.7609999775886536,0.7599999904632568,0.7649999856948853,0.7660000324249268,0.7519999742507935,0.7020000219345093,0.6520000100135803,0.6050000190734863,0.5389999747276306
0.0,0.0,0.0,0.0,0.0,0.0,0.0,0.0,0.0,0.0,0.0,0.0,0.0,0.0,0.0,0.0,0.0,0.0,0.0,0.0,0.0,0.0,0.0,0.0,0.0,0.0,0.08799999952316284,0.02499999850988388,-0.0139999995008111,-0.0009999999310821295,0.0279999990016222,0.08100000023841858,0.210999995470047,0.3149999976158142,0.4230000078678131,0.7769999504089355,1.1920000314712524,1.2720000743865967,1.3359999656677246,1.3559999465942383,1.3420000076293945,1.3199999332427979,1.284999966621399,1.1360000371932983,0.9549999833106995,0.7749999761581421,0.8020000457763672,0.8009999990463257,0.7760000228881836,0.7379999756813049,0.6620000600814819,0.5879999995231628,0.5249999761581421,0.4560000002384186
0.0,0.0,0.0,0.0,0.0,0.0,0.0,0.0,0.0,0.0,0.0,0.0,0.0,0.0,0.0,0.0,0.0,0.0,0.0,0.0,0.0,0.0,0.0,0.0,0.0,0.0,0.06499999761581421,-0.006000000052154064,-0.06599999964237213,-0.06499999761581421,-0.03500000014901161,0.008999999612569809,0.10499999672174454,0.15799999237060547,0.335999995470047,0.7769999504089355,1.0379999876022339,1.1779999732971191,1.2699999809265137,1.3209999799728394,1.2940000295639038,1.2559999227523804,1.2120000123977661,1.0980000495910645,0.9619999527931213,0.8039999604225159,0.7280000448226929,0.6859999895095825,0.6470000147819519,0.6209999918937683,0.5550000071525574,0.4919999837875366,0.4479999840259552,0.3970000147819519
0.0,0.0,0.0,0.0,0.0,0.0,0.0,0.0,0.0,0.0,0.0,0.0,0.0,0.0,0.0,0.0,0.0,0.0,0.0,0.0,0.0,0.0,0.0,0.0,0.0,0.0,0.030000001192092896,-0.057999998331069946,-0.10899999737739563,-0.10300000011920929,-0.08000000566244125,-0.03500000014901161,0.02499999850988388,0.07400000095367432,0.0559999980032444,0.4309999942779541,0.847000002861023,0.9420000314712524,1.0119999647140503,1.1269999742507935,1.0989999771118164,1.065000057220459,1.027000069618225,0.9290000200271606,0.7980000376701355,0.6260000467300415,0.5569999814033508,0.5540000200271606,0.5569999814033508,0.5429999828338623,0.4989999830722809,0.45100000500679016,0.406000018119812,0.3779999911785126
0.0,0.0,0.0,0.0,0.0,0.0,0.0,0.0,0.0,0.0,0.0,0.0,0.0,0.0,0.0,0.0,0.0,0.0,0.0,0.0,0.0,0.0,0.0,0.0,0.0,0.0,-0.03500000014901161,-0.11800000071525574,-0.14999999105930328,-0.125,-0.10200000554323196,-0.03400000184774399,0.07400000095367432,0.1679999977350235,0.2370000034570694,0.48500001430511475,0.7280000448226929,0.7879999876022339,0.8820000290870667,0.9589999914169312,0.9639999866485596,0.9670000076293945,0.9579999446868896,0.8489999771118164,0.6990000009536743,0.5339999794960022,0.5389999747276306,0.546999990940094,0.5449999570846558,0.5180000066757202,0.5070000290870667,0.4950000047683716,0.4919999837875366,0.4860000014305115
0.0,0.0,0.0,0.0,0.0,0.0,0.0,0.0,0.0,0.0,0.0,0.0,0.0,0.0,0.0,0.0,0.0,0.0,0.0,0.0,0.0,0.0,0.0,0.0,0.0,-0.0009999999310821295,-0.07899999618530273,-0.16100001335144043,-0.1730000078678131,-0.1080000028014183,-0.027000000700354576,0.04999999701976776,0.15399999916553497,0.23399999737739563,0.29600000381469727,0.4819999933242798,0.684999942779541,0.7900000214576721,0.8770000338554382,0.9350000619888306,0.9459999799728394,0.9509999752044678,0.9480000138282776,0.8789999485015869,0.7209999561309814,0.5360000133514404,0.590999960899353,0.64000004529953,0.671999990940094,0.6629999876022339,0.6440000534057617,0.6290000081062317,0.574999988079071,0.5119999647140503
0.0,0.0,0.0,0.0,0.0,0.0,0.0,0.0,0.0,0.0,0.0,0.0,0.0,0.0,0.0,0.0,0.0,0.0,0.0,0.0,0.0,0.0,0.0,0.0,0.0,0.04000000283122063,-0.06200000271201134,-0.1459999978542328,-0.1420000046491623,-0.044999998062849045,0.03500000014901161,0.11100000143051147,0.1860000044107437,0.26499998569488525,0.34700000286102295,0.5989999771118164,0.8259999752044678,0.9279999732971191,0.9900000095367432,1.0160000324249268,1.0740000009536743,1.1130000352859497,1.1410000324249268,1.0369999408721924,0.8899999856948853,0.715999960899353,0.7800000309944153,0.8219999670982361,0.781000018119812,0.7199999690055847,0.6549999713897705,0.5979999899864197,0.5449999570846558,0.5099999904632568
0.0,0.0,0.0,0.0,0.0,0.0,0.0,0.0,0.0,0.0,0.0,0.0,0.0,0.0,0.0,0.0,0.0,0.0,0.0,0.0,0.0,0.0,0.0,0.0,0.0,0.08000000566244125,-0.04399999976158142,-0.13099999725818634,-0.1119999960064888,0.005000000353902578,0.07699999958276749,0.14999999105930328,0.23900000751018524,0.4129999876022339,0.5920000076293945,0.8149999976158142,1.0189999341964722,1.1490000486373901,1.1979999542236328,1.2160000801086426,1.284999966621399,1.2919999361038208,1.24399995803833,1.1490000486373901,1.0149999856948853,0.8739999532699585,0.7980000376701355,0.7630000114440918,0.722000002861023,0.675000011920929,0.6510000228881836,0.652999997138977,0.6629999876022339,0.6650000214576721
0.0,0.0,0.0,0.0,0.0,0.0,0.0,0.0,0.0,0.0,0.0,0.0,0.0,0.0,0.0,0.0,0.0,0.0,0.0,0.0,0.0,0.0,0.0,0.0,0.0,0.11900000274181366,-0.017000000923871994,-0.10499999672174454,-0.07199999690055847,0.06399999558925629,0.1860000044107437,0.3720000088214874,0.4899999797344208,0.6639999747276306,0.7630000114440918,0.7989999651908875,0.8739999532699585,0.9869999885559082,1.0549999475479126,1.1420000791549683,1.1370000839233398,1.125,1.0870000123977661,1.0180000066757202,0.8869999647140503,0.7440000176429749,0.699999988079071,0.7850000262260437,0.8380000591278076,0.8550000190734863,0.8519999980926514,0.8489999771118164,0.7440000176429749,0.546999990940094
0.0,0.0,0.0,0.0,0.0,0.0,0.0,0.0,0.0,0.0,0.0,0.0,0.0,0.0,0.0,0.0,0.0,0.0,0.0,0.0,0.0,0.0,0.0,0.0,0.0,0.15699999034404755,0.026000000536441803,-0.06800000369548798,-0.023000000044703484,0.13099999725818634,0.40700000524520874,0.6690000295639038,0.6440000534057617,0.6140000224113464,0.5929999947547913,0.6310000419616699,0.7039999961853027,0.7699999809265137,0.859000027179718,0.9520000219345093,0.9810000061988831,1.0099999904632568,1.0210000276565552,0.9529999494552612,0.9610000252723694,0.8289999961853027,0.9470000267028809,1.0210000276565552,1.0450000762939453,0.8990000486373901,0.7329999804496765,0.574999988079071,0.4129999876022339,0.2630000114440918
0.0,0.0,0.0,0.0,0.0,0.0,0.0,0.0,0.0,0.0,0.0,0.0,0.0,0.0,0.0,0.0,0.0,0.0,0.0,0.0,0.0,0.0,0.0,0.0,0.0,0.1940000057220459,0.11400000005960464,-0.010999999940395355,0.03500000014901161,0.20800000429153442,0.2290000021457672,0.1979999989271164,0.43299999833106995,0.41999998688697815,0.47699999809265137,0.5900000333786011,0.6880000233650208,0.7800000309944153,0.8730000257492065,0.9409999847412109,0.9850000143051147,1.0130000114440918,1.0210000276565552,0.9549999833106995,0.9780000448226929,0.9810000061988831,0.9420000314712524,0.8219999670982361,0.6840000152587891,0.5419999957084656,0.3799999952316284,0.3400000333786011,0.3050000071525574,0.2630000114440918
