static/data/wind4.json
{"header": { "parameterNumberName": "eastward_wind", "parameterUnit": "m.s-1", "parameterNumber": 2, "parameterCategory": 2, "nx": 121, "ny": 221, "numberPoints": 26741, "dx": 0.005000000000000071, "dy": 0.005000000000000006, "la1": -31.6, "lo1": 115.3, "la2": -32.7, "lo2": 115.9, "refTime": "2022-11-25 04:00:00" }, "data":
[rows 84 to 104 of 221, columns 48 to 95 of 121]
0.2709999978542328,-0.20500001311302185,-0.6880000233650208,-1.1640000343322754,-1.093000054359436,-0.7919999957084656,-0.44200000166893005,-0.33399999141693115,-0.4179999828338623,-0.5569999814033508,-0.5230000019073486,-0.5830000042915344,-0.5830000042915344,-0.5350000262260437,-0.36500000953674316,-0.26100000739097595,-0.25999999046325684,-0.2160000056028366,-0.16899999976158142,-0.09200000017881393,-0.07499999552965164,-0.08399999886751175,-0.04699999839067459,0.00699999975040555,0.04399999976158142,0.049000002443790436,0.05700000002980232,0.07400000095367432,-0.010000000707805157,-0.03199999779462814,-0.013000000268220901,-0.10099999606609344,-0.10200000554323196,0.02199999988079071,-0.09200000017881393,-0.1770000010728836,-0.14399999380111694,-0.12199999392032623,-0.13199999928474426,-0.09999999403953552,-0.0989999994635582,0.10200000554323196,-0.08299999684095383,0.0,0.0,0.0,0.0,0.0
-0.7649999856948853,-1.2649999856948853,-1.74399995803833,-1.8269999027252197,-1.4609999656677246,-0.7890000343322754,-0.7190000414848328,-0.6610000133514404,-0.7209999561309814,-0.7230000495910645,-0.6769999861717224,-0.706000030040741,-0.7419999837875366,-0.7319999933242798,-0.5119999647140503,-0.4650000035762787,-0.44699999690055847,-0.42899999022483826,-0.3840000033378601,-0.2840000092983246,-0.23199999332427979,-0.22500000894069672,-0.1459999978542328,-0.0689999982714653,-0.02199999988079071,-0.024000000208616257,0.0279999990016222,0.044999998062849045,0.05700000002980232,0.11699999868869781,0.05100000277161598,-0.0820000022649765,-0.001999999862164259,-0.03500000014901161,-0.06800000369548798,-0.09100000560283661,-0.05900000035762787,-0.1469999998807907,-0.060999996960163116,-0.07100000232458115,-0.07400000095367432,0.032999999821186066,0.0,0.0,-1.1010000705718994,-1.2989999055862427,-0.9279999732971191,-0.9300000071525574
-1.3650000095367432,-1.722999930381775,-1.8629999160766602,-1.8650000095367432,-1.0329999923706055,-0.9359999895095825,-0.9769999980926514,-0.9170000553131104,-0.878000020980835,-0.8179999589920044,-0.8399999737739563,-0.8149999976158142,-0.8250000476837158,-0.8709999918937683,-0.7230000495910645,-0.7440000176429749,-0.7029999494552612,-0.6200000047683716,-0.5090000033378601,-0.37300002574920654,-0.34700000286102295,-0.31800001859664917,-0.2019999921321869,-0.12199999392032623,-0.09200000017881393,-0.07199999690055847,-0.010999999940395355,0.005000000353902578,0.07100000232458115,0.0949999988079071,0.049000002443790436,0.028999999165534973,-0.052000001072883606,-0.027000000700354576,-0.003999999724328518,-0.04399999976158142,-0.1080000028014183,-0.1770000010728836,-0.09700000286102295,-0.10899999737739563,-0.03800000250339508,0.24000000953674316,0.0,0.0,0.7859999537467957,0.0,0.0,0.0
-1.7070000171661377,-1.1999999284744263,-0.9359999895095825,-0.925000011920929,-1.1150000095367432,-1.1399999856948853,-1.1050000190734863,-1.0520000457763672,-0.925000011920929,-0.8420000076293945,-0.8529999852180481,-0.7599999904632568,-0.8539999723434448,-0.8770000338554382,-1.11899995803833,-1.1319999694824219,-1.0299999713897705,-0.9139999747276306,-0.7540000081062317,-0.562000036239624,-0.6150000095367432,-0.4089999794960022,-0.23900000751018524,-0.1730000078678131,-0.1469999998807907,-0.09999999403953552,-0.049000002443790436,-0.03400000184774399,0.020000001415610313,-0.02199999988079071,-0.04600000008940697,-0.0279999990016222,-0.003999999724328518,-0.06000000238418579,-0.10200000554323196,-0.10700000822544098,-0.20500001311302185,-0.2750000059604645,-0.22100000083446503,-0.08000000566244125,-0.07199999690055847,0.0,0.0,0.0,-1.5469999313354492,0.0,0.0,0.0
-0.6179999709129333,-0.5519999861717224,-0.7339999675750732,-0.9749999642372131,-1.1319999694824219,-1.1740000247955322,-1.1949999332427979,-1.180999994277954,-1.0080000162124634,-0.8250000476837158,-0.6319999694824219,-0.6260000467300415,-0.8219999670982361,-1.027999997138977,-1.465999960899353,-1.500999927520752,-1.3730000257492065,-1.1970000267028809,-1.0130000114440918,-0.918999969959259,-0.8500000238418579,-0.5009999871253967,-0.3070000112056732,-0.2290000021457672,-0.20999999344348907,-0.15699999034404755,-0.1119999960064888,-0.07799999415874481,-0.054999999701976776,-0.06499999761581421,-0.06800000369548798,-0.08699999749660492,-0.17899999022483826,-0.15699999034404755,-0.10599999874830246,-0.12400000542402267,-0.29100000858306885,-0.44300001859664917,-0.46000000834465027,-0.328000009059906,-0.5329999923706055,0.0,0.0,-1.6299999952316284,0.041999999433755875,0.0,0.0,0.0
-0.671999990940094,-0.7109999656677246,-0.7519999742507935,-0.8860000371932983,-1.0189999341964722,-1.284999966621399,-1.472000002861023,-1.3230000734329224,-1.0679999589920044,-0.746999979019165,-0.5740000009536743,-0.5889999866485596,-0.7519999742507935,-1.027999997138977,-1.3300000429153442,-1.4700000286102295,-1.4830000400543213,-1.2569999694824219,-1.1679999828338623,-1.124000072479248,-0.9210000038146973,-0.6040000319480896,-0.3920000195503235,-0.32999998331069946,-0.3109999895095825,-0.2680000066757202,-0.2070000022649765,-0.15699999034404755,-0.14000000059604645,-0.11300000548362732,-0.10499999672174454,-0.07799999415874481,-0.0729999989271164,-0.10300000011920929,-0.13199999928474426,-0.2789999842643738,-0.4300000071525574,-0.320000022649765,-0.20899999141693115,-0.28299999237060547,0.0,-0.23900000751018524,-0.13099999725818634,0.0,0.0,0.0,0.0,0.0
-0.6319999694824219,-0.706000030040741,-0.7480000257492065,-0.9350000619888306,-1.212999939918518,-1.5420000553131104,-1.5109999179840088,-1.3849999904632568,-1.13100004196167,-0.9259999990463257,-0.7460000514984131,-0.6459999680519104,-0.7389999628067017,-0.875,-0.9220000505447388,-1.0750000476837158,-1.2009999752044678,-1.2330000400543213,-1.2839999198913574,-1.3249999284744263,-1.0189999341964722,-0.6520000100135803,-0.5059999823570251,-0.4690000116825104,-0.414000004529953,-0.3830000162124634,-0.3330000042915344,-0.28999999165534973,-0.24700000882148743,-0.2329999953508377,-0.1730000078678131,-0.1420000046491623,-0.1119999960064888,-0.06800000369548798,-0.09100000560283661,-0.21199999749660492,-0.23499998450279236,-0.3020000159740448,-0.17999999225139618,0.0,0.0,0.0,0.0,0.0,0.0,0.0,0.0,0.0
-0.5730000138282776,-0.8179999589920044,-0.8659999966621399,-0.9369999766349792,-1.0199999809265137,-1.1080000400543213,-1.2350000143051147,-1.3289999961853027,-1.1660000085830688,-0.9990000128746033,-0.8829999566078186,-0.777999997138977,-0.6889999508857727,-0.6129999756813049,-0.6270000338554382,-0.7419999837875366,-0.9319999814033508,-1.1949999332427979,-1.4110000133514404,-1.4470000267028809,-1.181999921798706,-0.8560000658035278,-0.7020000219345093,-0.5690000057220459,-0.4789999723434448,-0.4989999830722809,-0.4410000145435333,-0.34700000286102295,-0.3139999806880951,-0.2720000147819519,-0.2160000056028366,-0.17999999225139618,-0.16599999368190765,-0.10099999606609344,-0.12299999594688416,-0.13600000739097595,-0.09800000488758087,0.08399999886751175,-0.2939999997615814,-0.47600001096725464,0.0,0.0,0.0,0.0,0.0,0.0,0.0,0.0
-0.6349999904632568,-0.715999960899353,-0.7319999933242798,-0.5960000157356262,-0.4269999861717224,-0.23900000751018524,-0.7870000004768372,-1.181999921798706,-1.1679999828338623,-1.0290000438690186,-0.9179999828338623,-0.8429999351501465,-0.6140000224113464,-0.43299999833106995,-0.320000022649765,-0.414000004529953,-0.6549999713897705,-1.0750000476837158,-1.4579999446868896,-1.5449999570846558,-1.5049999952316284,-1.1859999895095825,-0.9520000219345093,-0.7230000495910645,-0.6089999675750732,-0.625,-0.6270000338554382,-0.4819999933242798,-0.40199998021125793,-0.296999990940094,-0.1940000057220459,-0.11300000548362732,-0.06599999964237213,-0.05400000140070915,-0.16300000250339508,-0.12700000405311584,-0.005000000353902578,-0.06800000369548798,-0.17000001668930054,0.0139999995008111,0.0,-0.05700000002980232,0.0,0.0,0.0,0.0,0.0,0.0
-0.10599999874830246,-0.03800000250339508,0.0989999994635582,0.44300001859664917,0.7289999723434448,0.4569999873638153,0.06700000166893005,-0.5090000033378601,-1.0360000133514404,-0.9979999661445618,-0.9220000505447388,-0.6570000052452087,-0.4259999990463257,-0.24399998784065247,-0.20500001311302185,-0.2770000100135803,-0.4710000157356262,-0.902999997138977,-1.0770000219345093,-1.378999948501587,-1.437000036239624,-1.312999963760376,-1.124000072479248,-0.9120000004768372,-0.7429999709129333,-0.7209999561309814,-0.7260000109672546,-0.5699999928474426,-0.42500001192092896,-0.328000009059906,-0.16699999570846558,0.0009999999310821295,-0.027000000700354576,-0.09399999678134918,-0.1290000081062317,-0.11900000274181366,-0.06499999761581421,0.07799999415874481,0.17599999904632568,0.14499999582767487,0.0279999990016222,0.0,0.0,0.0,0.0,0.0,0.0,0.0
0.9149999618530273,1.125999927520752,1.2239999771118164,0.9909999966621399,0.8309999704360962,0.6510000228881836,0.20800000429153442,-0.7249999642372131,-0.9490000009536743,-0.9350000619888306,-0.5090000033378601,-0.12299999594688416,0.04100000113248825,-0.028999999165534973,-0.09300000220537186,-0.22500000894069672,-0.4650000035762787,-0.5870000123977661,-0.7829999923706055,-1.062000036239624,-1.1349999904632568,-1.1380000114440918,-1.0329999923706055,-0.828000009059906,-0.7480000257492065,-0.7910000085830688,-0.7569999694824219,-0.6110000014305115,-0.4230000078678131,-0.12199999392032623,-0.08000000566244125,-0.05700000002980232,-0.060999996960163116,-0.10899999737739563,-0.1340000033378601,-0.10499999672174454,-0.012000000104308128,0.17100000381469727,0.32999998331069946,0.33799999952316284,0.25999999046325684,0.16100001335144043,0.0,0.0,0.0,0.0,0.0,0.0
1.062000036239624,0.7929999828338623,0.41499999165534973,0.37300002574920654,0.24199999868869781,-0.2750000059604645,-0.5029999613761902,-0.5849999785423279,-0.5540000200271606,-0.3370000123977661,-0.09800000488758087,0.08900000154972076,0.05700000002980232,0.09600000083446503,-0.08900000154972076,-0.23900000751018524,-0.296999990940094,-0.33100003004074097,-0.5270000100135803,-0.5849999785423279,-0.7870000004768372,-0.8270000219345093,-0.8020000457763672,-1.0410000085830688,-0.8529999852180481,-0.6349999904632568,-0.621999979019165,-0.6510000228881836,-0.6360000371932983,-0.3799999952316284,-0.049000002443790436,-0.10700000822544098,-0.08999999612569809,-0.17399999499320984,-0.3630000054836273,-0.08900000154972076,0.12400000542402267,0.2160000056028366,0.5649999976158142,0.6639999747276306,0.414000004529953,0.11400000005960464,0.07100000232458115,0.0,0.0,0.0,0.0,0.0
0.7749999761581421,0.8529999852180481,0.8250000476837158,0.4560000002384186,0.15699999034404755,-0.026000000536441803,-0.39000001549720764,-0.28299999237060547,-0.038999997079372406,0.035999998450279236,0.07600000500679016,-0.1459999978542328,-0.2540000081062317,-0.19099998474121094,-0.057999998331069946,-0.0689999982714653,0.013000000268220901,-0.01599999889731407,-0.37300002574920654,-0.6459999680519104,-0.7199999690055847,-0.6470000147819519,-0.6520000100135803,-0.7620000243186951,-0.6710000038146973,-0.5139999985694885,-0.5889999866485596,-0.6239999532699585,-0.5370000004768372,-0.5449999570846558,-0.34700000286102295,-0.0820000022649765,-0.09200000017881393,-0.20999999344348907,-0.36899998784065247,-0.07799999415874481,0.2280000001192093,0.42399999499320984,0.2280000001192093,0.15299999713897705,0.1720000058412552,0.13899999856948853,0.057999998331069946,0.0,0.0,0.0,0.0,0.0
1.5240000486373901,1.3600001335144043,0.7249999642372131,0.06800000369548798,0.2549999952316284,0.29899999499320984,0.2709999978542328,0.07499999552965164,0.22699999809265137,0.1469999998807907,-0.19300000369548798,-0.39800000190734863,-0.453000009059906,-0.39000001549720764,-0.20500001311302185,0.057999998331069946,0.07100000232458115,-0.0729999989271164,-0.4179999828338623,-0.75,-0.8320000171661377,-0.6740000247955322,-0.6660000085830688,-0.7100000381469727,-0.6230000257492065,-0.6459999680519104,-0.6769999861717224,-0.684999942779541,-0.6899999976158142,-0.7240000367164612,-0.6279999613761902,-0.15799999237060547,-0.06800000369548798,-0.11900000274181366,0.10300000011920929,0.015000000596046448,0.023000000044703484,0.17899999022483826,0.28999999165534973,0.21899999678134918,0.38100001215934753,0.2370000034570694,0.12400000542402267,0.0,0.0,0.0,0.0,0.0
2.0839998722076416,1.528999924659729,0.7339999675750732,0.2529999911785126,0.45499998331069946,0.4950000047683716,0.4089999794960022,0.3479999899864197,0.4780000150203705,0.026000000536441803,-0.33100003004074097,-0.550000011920929,-0.5519999861717224,-0.3669999837875366,-0.22200000286102295,-0.18700000643730164,-0.14900000393390656,-0.28700000047683716,-0.5029999613761902,-0.7490000128746033,-0.8669999837875366,-0.7490000128746033,-0.715999960899353,-0.7800000309944153,-0.8910000324249268,-1.055999994277954,-1.1010000705718994,-0.8539999723434448,-0.7900000214576721,-0.8569999933242798,-0.6589999794960022,-0.3659999966621399,-0.0860000029206276,0.20500001311302185,0.3830000162124634,0.24399998784065247,0.2849999964237213,0.3540000021457672,0.45100000500679016,0.335999995470047,-0.04699999839067459,-0.08399999886751175,0.13500000536441803,0.006000000052154064,0.0,0.0,0.0,0.0
1.5490000247955322,1.2350000143051147,1.100000023841858,0.6270000338554382,0.4359999895095825,0.41499999165534973,0.4749999940395355,0.6159999966621399,0.41099998354911804,0.15699999034404755,-0.23600000143051147,-0.5040000081062317,-0.3400000333786011,-0.24199999868869781,-0.2459999918937683,-0.296999990940094,-0.3540000021457672,-0.41600000858306885,-0.5809999704360962,-0.8380000591278076,-0.972000002861023,-0.8079999685287476,-0.9769999980926514,-0.949999988079071,-1.0720000267028809,-1.3020000457763672,-1.222000002861023,-0.875,-0.7050000429153442,-0.781999945640564,-0.6840000152587891,-0.2540000081062317,-0.038999997079372406,-0.026000000536441803,-0.0729999989271164,-0.35899999737739563,-0.3070000112056732,-0.2619999945163727,-0.0559999980032444,-0.003999999724328518,-0.06599999964237213,-0.05100000277161598,0.09700000286102295,0.020999999716877937,0.0,0.0,0.0,0.0
1.2179999351501465,1.084999918937683,0.9269999861717224,0.7549999952316284,0.4620000123977661,0.48399999737739563,0.5029999613761902,0.5770000219345093,-0.003999999724328518,-0.10400000214576721,0.07000000029802322,-0.08500000834465027,-0.19099998474121094,-0.281000018119812,-0.3460000157356262,-0.3959999978542328,-0.41499999165534973,-0.44699999690055847,-0.5400000214576721,-0.8560000658035278,-1.1970000267028809,-1.496999979019165,-1.5809999704360962,-1.4800000190734863,-1.5260000228881836,-1.712999939918518,-1.7910001277923584,-1.253000020980835,-1.3559999465942383,-1.1440000534057617,-0.5530000329017639,-0.203000009059906,-0.07400000095367432,-0.06300000101327896,-0.028999999165534973,-0.2750000059604645,-0.2919999957084656,-0.21700000762939453,-0.1080000028014183,-0.0729999989271164,0.0139999995008111,0.05100000277161598,0.10400000214576721,0.23399999737739563,0.06300000101327896,0.0,0.0,0.0
0.8489999771118164,0.7859999537467957,0.6589999794960022,0.5609999895095825,0.40700000524520874,0.3659999966621399,0.41999998688697815,0.4860000014305115,0.34700000286102295,0.01900000125169754,-0.0009999999310821295,-0.19099998474121094,-0.37700000405311584,-0.48399999737739563,-0.4819999933242798,-0.46700000762939453,-0.5699999928474426,-0.6539999842643738,-0.7789999842643738,-1.0759999752044678,-1.5820000171661377,-2.133000135421753,-2.1470000743865967,-2.061000108718872,-1.9390000104904175,-1.7339999675750732,-1.3950001001358032,-1.4560000896453857,-1.4890000820159912,-1.2680000066757202,-0.8990000486373901,-0.6940000057220459,-0.5110000371932983,-0.24199999868869781,-0.15599998831748962,-0.22699999809265137,-0.42399999499320984,-0.13300000131130219,0.09600000083446503,0.07100000232458115,0.0430000014603138,-0.003999999724328518,-0.003999999724328518,0.1889999955892563,0.015000000596046448,0.0,0.0,0.0
0.5130000114440918,0.5239999890327454,0.4789999723434448,0.3819999694824219,0.23399999737739563,0.23399999737739563,0.3139999806880951,0.3869999945163727,0.2590000033378601,-0.001999999862164259,-0.17399999499320984,-0.33100003004074097,-0.8020000457763672,-0.6979999542236328,-0.5730000138282776,-0.640999972820282,-0.6620000600814819,-0.6100000143051147,-0.7429999709129333,-0.9170000553131104,-1.430999994277954,-2.190999984741211,-2.562999963760376,-2.2170000076293945,-2.0429999828338623,-1.7190001010894775,-1.5369999408721924,-1.6009999513626099,-1.4300000667572021,-1.1100000143051147,-0.859000027179718,-0.7350000143051147,-0.5419999957084656,-0.4039999842643738,-0.17800000309944153,-0.25599998235702515,-0.19500000774860382,-0.10300000011920929,-0.22200000286102295,-0.12600000202655792,-0.03400000184774399,0.027000000700354576,0.023000000044703484,0.16300000250339508,0.0430000014603138,0.0,0.0,0.0
0.38499999046325684,0.3819999694824219,0.3240000009536743,0.21700000762939453,0.0689999982714653,0.1340000033378601,0.20800000429153442,0.25599998235702515,0.1600000113248825,-0.0,-0.057999998331069946,-0.23800000548362732,-0.8209999799728394,-1.0069999694824219,-0.7769999504089355,-0.6100000143051147,-0.6110000014305115,-0.6140000224113464,-0.7069999575614929,-0.9380000233650208,-1.247999906539917,-2.1489999294281006,-2.684000015258789,-2.299999952316284,-2.3989999294281006,-2.2300000190734863,-1.9959999322891235,-1.7610000371932983,-1.571000099182129,-1.3380000591278076,-1.1779999732971191,-1.0189999341964722,-0.6979999542236328,-0.652999997138977,-0.2930000126361847,-0.07799999415874481,-0.057999998331069946,-0.20500001311302185,-0.20899999141693115,-0.3409999907016754,-0.15200001001358032,-0.041999999433755875,-0.03500000014901161,0.05700000002980232,0.08799999952316284,0.0,0.0,0.0
0.2930000126361847,0.26499998569488525,0.20099999010562897,0.11100000143051147,-0.017000000923871994,0.01900000125169754,0.054999999701976776,0.1720000058412552,0.23499998450279236,0.04800000041723251,-0.30400002002716064,-0.4729999899864197,-0.949999988079071,-1.2170000076293945,-0.9259999990463257,-0.6419999599456787,-0.5799999833106995,-0.5659999847412109,-0.6380000114440918,-0.9089999794960022,-1.4509999752044678,-1.7569999694824219,-1.7910001277923584,-2.009000062942505,-2.4119999408721924,-3.296999931335449,-1.8739999532699585,-1.5880000591278076,-1.5440000295639038,-1.5230000019073486,-1.5859999656677246,-1.246000051498413,-0.8160000443458557,-1.0529999732971191,-1.1759999990463257,-0.7190000414848328,-0.5119999647140503,-0.11900000274181366,-0.203000009059906,-0.19999998807907104,-0.13099999725818634,-0.1119999960064888,-0.09700000286102295,0.13300000131130219,0.04800000041723251,0.0,0.0,0.0
