static/data/wind11.json
{"header": { "parameterNumberName": "eastward_wind", "parameterUnit": "m.s-1", "parameterNumber": 2, "parameterCategory": 2, "nx": 121, "ny": 221, "numberPoints": 26741, "dx": 0.005000000000000071, "dy": 0.005000000000000006, "la1": -31.6, "lo1": 115.3, "la2": -32.7, "lo2": 115.9, "refTime": "2022-11-25 18:00:00" }, "data":
[rows 154 to 175 of 221, columns 0 to 49 of 121]
0.0,0.0,0.0,0.0,0.0,0.22699999809265137,0.4230000078678131,0.6129999756813049,0.7989999651908875,0.9759999513626099,1.1110000610351562,1.2230000495910645,1.3009999990463257,1.3320000171661377,1.3760000467300415,1.3899999856948853,1.402000069618225,1.4170000553131104,1.4359999895095825,1.4279999732971191,1.4300000667572021,1.4200000762939453,1.3930000066757202,1.3249999284744263,1.218999981880188,1.1069999933242798,1.0399999618530273,1.0130000114440918,0.996999979019165,0.956000030040741,0.9309999942779541,0.9070000052452087,0.8820000290870667,0.8479999899864197,0.7660000324249268,0.6710000038146973,0.6129999756813049,0.5649999976158142,0.5160000324249268,0.4899999797344208,0.5329999923706055,0.6050000190734863,0.6169999837875366,0.6230000257492065,0.7120000123977661,0.8820000290870667,0.8380000591278076,0.7919999957084656,0.8370000123977661,0.8669999837875366
0.0,0.0,0.0,0.0,0.0,0.25099998712539673,0.45000001788139343,0.6470000147819519,0.8359999656677246,1.027000069618225,1.1519999504089355,1.2590000629425049,1.3289999961853027,1.3869999647140503,1.4359999895095825,1.434999942779541,1.4470000267028809,1.474000096321106,1.4700000286102295,1.4620000123977661,1.4630000591278076,1.4609999656677246,1.441999912261963,1.371999979019165,1.2639999389648438,1.1460000276565552,1.0679999589920044,1.0429999828338623,1.034000039100647,0.9900000095367432,0.9639999866485596,0.9329999685287476,0.8990000486373901,0.8450000286102295,0.7649999856948853,0.6679999828338623,0.5960000157356262,0.6019999980926514,0.5730000138282776,0.5889999866485596,0.6779999732971191,0.6920000314712524,0.6920000314712524,0.6790000200271606,0.75,0.7020000219345093,0.7080000042915344,0.8169999718666077,0.8980000019073486,0.9009999632835388
0.0,0.0,0.0,0.0,0.0,0.27300000190734863,0.47200000286102295,0.671999990940094,0.8810000419616699,1.0770000219345093,1.2039999961853027,1.315000057220459,1.3819999694824219,1.4399999380111694,1.4859999418258667,1.4890000820159912,1.503999948501587,1.528999924659729,1.5240000486373901,1.5080000162124634,1.503000020980835,1.5019999742507935,1.4880000352859497,1.4179999828338623,1.3199999332427979,1.2039999961853027,1.125,1.093999981880188,1.0729999542236328,1.0189999341964722,0.9759999513626099,0.9440000057220459,0.9210000038146973,0.8959999680519104,0.8370000123977661,0.7450000047683716,0.6800000667572021,0.6260000467300415,0.6010000109672546,0.6319999694824219,0.7319999933242798,0.7319999933242798,0.7419999837875366,0.7269999980926514,0.640999972820282,0.6279999613761902,0.7109999656677246,0.7590000629425049,0.7999999523162842,0.9089999794960022
0.0,0.0,0.0,0.0,0.0,0.2919999957084656,0.4899999797344208,0.6899999976158142,0.902999997138977,1.11899995803833,1.252000093460083,1.3660000562667847,1.430999994277954,1.4839999675750732,1.531000018119812,1.5420000553131104,1.5579999685287476,1.5780000686645508,1.5670000314712524,1.555999994277954,1.5530000925064087,1.5399999618530273,1.5260000228881836,1.4480000734329224,1.3510000705718994,1.25,1.1710000038146973,1.124000072479248,1.0959999561309814,1.0399999618530273,1.0119999647140503,0.996999979019165,0.9860000014305115,0.9639999866485596,0.8950000405311584,0.8050000071525574,0.7660000324249268,0.7419999837875366,0.7319999933242798,0.6959999799728394,0.6930000185966492,0.737000048160553,0.7710000276565552,0.6959999799728394,0.6549999713897705,0.6790000200271606,0.671999990940094,0.6790000200271606,0.7720000147819519,0.8609999418258667
0.0,0.0,0.0,0.0,0.0,0.3059999942779541,0.5019999742507935,0.7010000348091125,0.9089999794960022,1.1200000047683716,1.2590000629425049,1.38100004196167,1.4509999752044678,1.503999948501587,1.5549999475479126,1.5700000524520874,1.5899999141693115,1.6079999208450317,1.6019999980926514,1.597999930381775,1.6019999980926514,1.590999960899353,1.5670000314712524,1.4869999885559082,1.3889999389648438,1.2839999198913574,1.2109999656677246,1.1629999876022339,1.1410000324249268,1.1100000143051147,1.0880000591278076,1.069000005722046,1.0239999294281006,0.9749999642372131,0.9110000133514404,0.828000009059906,0.7989999651908875,0.8070000410079956,0.8320000171661377,0.7989999651908875,0.7870000004768372,0.8090000152587891,0.715999960899353,0.6520000100135803,0.6800000667572021,0.6990000009536743,0.6729999780654907,0.7050000429153442,0.7460000514984131,0.7020000219345093
0.0,0.0,0.0,0.0,0.0,0.31199997663497925,0.5059999823570251,0.7010000348091125,0.9089999794960022,1.1180000305175781,1.2649999856948853,1.3950001001358032,1.4670000076293945,1.5250000953674316,1.5789999961853027,1.6019999980926514,1.6269999742507935,1.6449999809265137,1.6449999809265137,1.6439999341964722,1.6449999809265137,1.6369999647140503,1.6169999837875366,1.5360000133514404,1.441999912261963,1.3429999351501465,1.2739999294281006,1.2309999465942383,1.2030000686645508,1.1699999570846558,1.125999927520752,1.0829999446868896,1.0320000648498535,0.9830000400543213,0.9329999685287476,0.8630000352859497,0.8289999961853027,0.8500000238418579,0.8429999351501465,0.8420000076293945,0.8820000290870667,0.8560000658035278,0.7580000162124634,0.684999942779541,0.6580000519752502,0.6549999713897705,0.6859999895095825,0.7429999709129333,0.6740000247955322,0.6340000033378601
0.0,0.0,0.0,0.0,0.0,0.3139999806880951,0.5170000195503235,0.7120000123977661,0.8980000019073486,1.1029999256134033,1.25,1.3799999952316284,1.4800000190734863,1.5410000085830688,1.6079999208450317,1.6329998970031738,1.656000018119812,1.6890000104904175,1.6949999332427979,1.6990000009536743,1.693000078201294,1.6649999618530273,1.6329998970031738,1.5549999475479126,1.4849998950958252,1.4040000438690186,1.3459999561309814,1.2940000295639038,1.246999979019165,1.1970000267028809,1.1519999504089355,1.0899999141693115,1.0379999876022339,0.9900000095367432,0.9490000009536743,0.8969999551773071,0.8569999933242798,0.8270000219345093,0.8160000443458557,0.8600000143051147,0.8770000338554382,0.8160000443458557,0.7710000276565552,0.7360000014305115,0.7129999995231628,0.6740000247955322,0.671999990940094,0.6669999361038208,0.6539999842643738,0.6909999847412109
0.0,0.0,0.0,0.0,0.0,0.3089999854564667,0.5189999938011169,0.7350000143051147,0.9220000505447388,1.0980000495910645,1.2400000095367432,1.3629999160766602,1.4670000076293945,1.5369999408721924,1.6019999980926514,1.621000051498413,1.684000015258789,1.7149999141693115,1.7309999465942383,1.7200000286102295,1.7030000686645508,1.6740000247955322,1.6349999904632568,1.5770000219345093,1.5130000114440918,1.441999912261963,1.3869999647140503,1.334999918937683,1.284999966621399,1.2089999914169312,1.1410000324249268,1.0800000429153442,1.034999966621399,1.0019999742507935,0.9679999947547913,0.9380000233650208,0.9120000004768372,0.8899999856948853,0.8349999785423279,0.8880000114440918,0.8200000524520874,0.7720000147819519,0.7329999804496765,0.7460000514984131,0.7630000114440918,0.7599999904632568,0.7230000495910645,0.6859999895095825,0.7199999690055847,0.7490000128746033
0.0,0.0,0.0,0.0,0.0,0.29100000858306885,0.527999997138977,0.75,0.9350000619888306,1.1039999723434448,1.2389999628067017,1.3459999561309814,1.446000099182129,1.5160000324249268,1.561000108718872,1.6419999599456787,1.7149999141693115,1.7409999370574951,1.746000051498413,1.7239999771118164,1.7200000286102295,1.7209999561309814,1.7070000171661377,1.6549999713897705,1.5780000686645508,1.5149999856948853,1.4520000219345093,1.3489999771118164,1.2760000228881836,1.1970000267028809,1.128000020980835,1.0899999141693115,1.0520000457763672,1.0169999599456787,1.003000020980835,0.9799999594688416,0.9729999899864197,0.9790000319480896,0.9099999666213989,0.8460000157356262,0.7639999389648438,0.7280000448226929,0.7230000495910645,0.746999979019165,0.7410000562667847,0.7569999694824219,0.7549999952316284,0.7480000257492065,0.7490000128746033,0.7859999537467957
0.0,0.0,0.0,0.0,0.0,0.23900000751018524,0.5009999871253967,0.7769999504089355,0.968999981880188,1.1230000257492065,1.2419999837875366,1.3459999561309814,1.4470000267028809,1.5469999313354492,1.625999927520752,1.7009999752044678,1.7720000743865967,1.7949999570846558,1.8000000715255737,1.7929999828338623,1.7869999408721924,1.7860000133514404,1.7710000276565552,1.7030000686645508,1.6200000047683716,1.5440000295639038,1.4520000219345093,1.3480000495910645,1.277999997138977,1.218999981880188,1.156000018119812,1.1150000095367432,1.084999918937683,1.0609999895095825,1.0540000200271606,1.0360000133514404,1.031000018119812,1.0490000247955322,1.0479999780654907,0.8149999976158142,0.7509999871253967,0.6979999542236328,0.699999988079071,0.7109999656677246,0.7120000123977661,0.7419999837875366,0.7569999694824219,0.7569999694824219,0.7280000448226929,0.7100000381469727
0.0,0.0,0.0,0.0,0.0,0.1979999989271164,0.48399999737739563,0.7630000114440918,1.003000020980835,1.152999997138977,1.2739999294281006,1.371999979019165,1.4800000190734863,1.5859999656677246,1.6799999475479126,1.7659999132156372,1.8440001010894775,1.8619999885559082,1.872999906539917,1.8700001239776611,1.8410000801086426,1.8019999265670776,1.7630000114440918,1.7000000476837158,1.6119999885559082,1.527000069618225,1.444000005722046,1.377000093460083,1.2980000972747803,1.2339999675750732,1.187999963760376,1.1510000228881836,1.121999979019165,1.1060000658035278,1.1050000190734863,1.1060000658035278,1.0759999752044678,1.0220000743865967,0.9520000219345093,0.746999979019165,0.699999988079071,0.687000036239624,0.6889999508857727,0.6830000281333923,0.6970000267028809,0.7139999866485596,0.6959999799728394,0.640999972820282,0.5460000038146973,0.4490000009536743
0.0,0.0,0.0,0.0,0.0,0.0,0.48500001430511475,0.784000039100647,1.0479999780654907,1.1850000619888306,1.2839999198913574,1.38100004196167,1.4920001029968262,1.6369999647140503,1.7409999370574951,1.8220000267028809,1.8629999160766602,1.877000093460083,1.8690000772476196,1.8610000610351562,1.8369998931884766,1.8040000200271606,1.7690000534057617,1.7139999866485596,1.6400001049041748,1.5719999074935913,1.496999979019165,1.4190000295639038,1.340000033378601,1.2710000276565552,1.2269999980926514,1.190000057220459,1.1710000038146973,1.1689999103546143,1.1649999618530273,1.0820000171661377,0.9769999980926514,0.8930000066757202,0.781999945640564,0.699999988079071,0.6660000085830688,0.675000011920929,0.6800000667572021,0.6759999990463257,0.652999997138977,0.6200000047683716,0.5699999928474426,0.5329999923706055,0.4089999794960022,0.29899999499320984
0.0,0.0,0.0,0.0,0.0,0.0,0.4780000150203705,0.7900000214576721,1.0779999494552612,1.1970000267028809,1.2989999055862427,1.378999948501587,1.534000039100647,1.685999870300293,1.7739999294281006,1.8369998931884766,1.872999906539917,1.878000020980835,1.875,1.8650000095367432,1.8480000495910645,1.8340001106262207,1.7980000972747803,1.750999927520752,1.6949999332427979,1.6299999952316284,1.5549999475479126,1.465000033378601,1.3830000162124634,1.3079999685287476,1.2639999389648438,1.2369999885559082,1.2200000286102295,1.1779999732971191,1.100000023841858,1.0069999694824219,0.8849999904632568,0.8219999670982361,0.7829999923706055,0.7199999690055847,0.6679999828338623,0.6319999694824219,0.6470000147819519,0.6549999713897705,0.6470000147819519,0.6010000109672546,0.5410000085830688,0.4909999966621399,0.3319999873638153,0.2800000011920929
0.0,0.0,0.0,0.0,0.0,0.0,0.45499998331069946,0.7829999923706055,1.1119999885559082,1.2289999723434448,1.347000002861023,1.4539999961853027,1.5880000591278076,1.7100000381469727,1.7910001277923584,1.8589999675750732,1.9010000228881836,1.9149999618530273,1.9239999055862427,1.9130001068115234,1.8960000276565552,1.871999979019165,1.837999939918518,1.7980000972747803,1.7430000305175781,1.6820000410079956,1.593999981880188,1.5080000162124634,1.4200000762939453,1.3300000429153442,1.2909998893737793,1.246999979019165,1.1749999523162842,1.1069999933242798,1.0440000295639038,1.0149999856948853,0.9900000095367432,0.9170000553131104,0.7569999694824219,0.7230000495910645,0.6830000281333923,0.6470000147819519,0.6380000114440918,0.6169999837875366,0.6040000319480896,0.6209999918937683,0.5809999704360962,0.4909999966621399,0.3720000088214874,0.32200002670288086
0.0,0.0,0.0,0.0,0.0,0.0,0.42100000381469727,0.7929999828338623,1.1389999389648438,1.2720000743865967,1.3919999599456787,1.496999979019165,1.6060000658035278,1.725000023841858,1.809999942779541,1.8809999227523804,1.9270000457763672,1.9529999494552612,1.9589998722076416,1.9490001201629639,1.937000036239624,1.9169999361038208,1.8840000629425049,1.8420000076293945,1.7929999828338623,1.7330000400543213,1.6390000581741333,1.5509999990463257,1.4749999046325684,1.3519999980926514,1.2540000677108765,1.194000005722046,1.11899995803833,1.1150000095367432,1.0989999771118164,1.069000005722046,0.968999981880188,0.8090000152587891,0.7350000143051147,0.706000030040741,0.6729999780654907,0.6589999794960022,0.6470000147819519,0.6360000371932983,0.6499999761581421,0.6510000228881836,0.621999979019165,0.49400001764297485,0.4449999928474426,0.4190000295639038
0.0,0.0,0.0,0.0,0.0,0.0,0.37400001287460327,0.8079999685287476,1.1519999504089355,1.3179999589920044,1.4129998683929443,1.5209999084472656,1.628000020980835,1.7489999532699585,1.837999939918518,1.9010000228881836,1.9359999895095825,1.9639999866485596,1.9739999771118164,1.9709999561309814,1.9639999866485596,1.9509999752044678,1.9329999685287476,1.8910000324249268,1.8539999723434448,1.8029999732971191,1.6699999570846558,1.5600000619888306,1.4480000734329224,1.3320000171661377,1.218999981880188,1.1859999895095825,1.187000036239624,1.2070000171661377,1.1230000257492065,0.996999979019165,0.847000002861023,0.715999960899353,0.6889999508857727,0.6740000247955322,0.6639999747276306,0.656000018119812,0.6599999666213989,0.6769999861717224,0.684999942779541,0.6729999780654907,0.6159999966621399,0.4909999966621399,0.5070000290870667,0.4960000216960907
0.0,0.0,0.0,0.0,0.0,0.0,0.3229999840259552,0.8030000329017639,1.1399999856948853,1.3269999027252197,1.4219999313354492,1.5320000648498535,1.6519999504089355,1.774999976158142,1.8659999370574951,1.909999966621399,1.9470000267028809,1.9789999723434448,1.9920001029968262,1.9959999322891235,1.9910000562667847,1.9869999885559082,1.9769999980926514,1.937000036239624,1.8410000801086426,1.7059999704360962,1.6069998741149902,1.5449999570846558,1.4240000247955322,1.3670001029968262,1.312000036239624,1.284999966621399,1.2660000324249268,1.1610000133514404,1.0379999876022339,0.8959999680519104,0.7989999651908875,0.7020000219345093,0.6430000066757202,0.6310000419616699,0.6380000114440918,0.6459999680519104,0.6809999942779541,0.7069999575614929,0.6920000314712524,0.6669999361038208,0.5889999866485596,0.5080000162124634,0.5569999814033508,0.5730000138282776
0.0,0.0,0.0,0.0,0.0,0.0,0.2680000066757202,0.7789999842643738,1.1039999723434448,1.3359999656677246,1.439000129699707,1.5549999475479126,1.6769999265670776,1.7739999294281006,1.84499990940094,1.837999939918518,1.9730000495910645,1.9959999322891235,2.0119998455047607,2.0199999809265137,2.0199999809265137,2.009999990463257,1.9859999418258667,1.8980000019073486,1.812000036239624,1.6959999799728394,1.6119999885559082,1.5410000085830688,1.5019999742507935,1.472000002861023,1.4170000553131104,1.343999981880188,1.215000033378601,1.0679999589920044,0.9939999580383301,0.9070000052452087,0.8270000219345093,0.7350000143051147,0.7240000367164612,0.6790000200271606,0.6299999952316284,0.6330000162124634,0.625,0.6430000066757202,0.6310000419616699,0.6010000109672546,0.45499998331069946,0.4989999830722809,0.597000002861023,0.6430000066757202
0.0,0.0,0.0,0.0,0.0,0.0,0.0,0.7010000348091125,1.0109999179840088,1.3550000190734863,1.4630000591278076,1.5729999542236328,1.6699999570846558,1.7579998970031738,1.850000023841858,1.934000015258789,2.007999897003174,2.0280001163482666,2.0379998683929443,2.046999931335449,2.046999931335449,2.0230000019073486,1.9709999561309814,1.9010000228881836,1.8279999494552612,1.7599999904632568,1.7149999141693115,1.6549999713897705,1.5929999351501465,1.5160000324249268,1.4270000457763672,1.3380000591278076,1.1349999904632568,1.0119999647140503,0.9759999513626099,0.9269999861717224,0.8810000419616699,0.8649999499320984,0.8020000457763672,0.7400000095367432,0.6979999542236328,0.6599999666213989,0.6310000419616699,0.6480000019073486,0.6480000019073486,0.6209999918937683,0.48799997568130493,0.5170000195503235,0.6599999666213989,0.7900000214576721
0.0,0.0,0.0,0.0,0.0,0.0,0.0,0.5699999928474426,0.9610000252723694,1.3529999256134033,1.465000033378601,1.5490000247955322,1.650999903678894,1.7690000534057617,1.9130001068115234,2.0160000324249268,2.046999931335449,2.059999942779541,2.068000078201294,2.072000026702881,2.066999912261963,2.055000066757202,2.0219998359680176,1.9920001029968262,1.9239999055862427,1.8619999885559082,1.819000005722046,1.722999930381775,1.6410000324249268,1.534000039100647,1.3899999856948853,1.1970000267028809,1.0450000762939453,0.9880000352859497,0.9600000381469727,0.9679999947547913,0.9529999494552612,0.956000030040741,0.843999981880188,0.8050000071525574,0.7689999938011169,0.7230000495910645,0.6650000214576721,0.699999988079071,0.7039999961853027,0.6740000247955322,0.6019999980926514,0.6690000295639038,0.7080000042915344,0.8990000486373901
0.0,0.0,0.0,0.0,0.0,0.0,0.0,0.47600001096725464,0.9259999990463257,1.2739999294281006,1.444000005722046,1.5230000019073486,1.6680001020431519,1.8340001106262207,1.9760000705718994,2.049999952316284,2.069000005722046,2.0839998722076416,2.0999999046325684,2.109999895095825,2.121000051498413,2.1089999675750732,2.0900001525878906,2.062999963760376,1.9980000257492065,1.9279999732971191,1.8669999837875366,1.7540000677108765,1.6619999408721924,1.5420000553131104,1.3160001039505005,1.1029999256134033,1.0080000162124634,0.9449999928474426,0.949999988079071,0.9639999866485596,0.9420000314712524,0.9009999632835388,0.8899999856948853,0.8759999871253967,0.8579999804496765,0.8539999723434448,0.8519999980926514,0.8190000057220459,0.8020000457763672,0.7689999938011169,0.7450000047683716,0.8179999589920044,0.8179999589920044,0.9009999632835388
0.0,0.0,0.0,0.0,0.0,0.0,0.0,0.3920000195503235,0.8450000286102295,1.181999921798706,1.4270000457763672,1.5189999341964722,1.5839999914169312,1.712999939918518,1.9550000429153442,2.062999963760376,2.0850000381469727,2.1080000400543213,2.131999969482422,2.1480000019073486,2.1510000228881836,2.138000011444092,2.115000009536743,2.078000068664551,2.0379998683929443,1.9809999465942383,1.8980000019073486,1.7720000743865967,1.6380000114440918,1.4869999885559082,1.2739999294281006,1.084999918937683,0.9740000367164612,0.9200000166893005,0.9160000085830688,0.9070000052452087,0.8829999566078186,0.8429999351501465,0.8340000510215759,0.878000020980835,0.8759999871253967,0.8669999837875366,0.8399999737739563,0.8140000104904175,0.7900000214576721,0.7540000081062317,0.7240000367164612,0.859000027179718,0.8770000338554382,0.847000002861023
