static/data/wind1.json
{"header": { "parameterNumberName": "eastward_wind", "parameterUnit": "m.s-1", "parameterNumber": 2, "parameterCategory": 2, "nx": 121, "ny": 221, "numberPoints": 26741, "dx": 0.005000000000000071, "dy": 0.005000000000000006, "la1": -31.6, "lo1": 115.3, "la2": -32.7, "lo2": 115.9, "refTime": "2022-11-24 22:00:00" }, "data":
[rows 176 to 197 of 221, columns 0 to 47 of 121]
0.0,0.0,0.0,0.0,0.0,0.0,0.0,0.0,-0.3330000042915344,-0.23800000548362732,-0.12199999392032623,0.03400000184774399,0.2070000022649765,0.414000004529953,0.6290000081062317,0.6949999928474426,0.6880000233650208,0.5920000076293945,0.5379999876022339,0.48799997568130493,0.4520000219345093,0.4039999842643738,0.3009999990463257,0.16699999570846558,0.023000000044703484,-0.06499999761581421,-0.1379999965429306,-0.2290000021457672,-0.36899998784065247,-0.4729999899864197,-0.5839999914169312,-0.7269999980926514,-0.8320000171661377,-0.7760000228881836,-0.6949999928474426,-0.737000048160553,-0.7739999890327454,-0.8140000104904175,-0.8450000286102295,-0.8579999804496765,-0.8810000419616699,-0.9040000438690186,-0.9130000472068787,-0.902999997138977,-0.8389999866485596,-0.7789999842643738,-0.7100000381469727,-0.6279999613761902
0.0,0.0,0.0,0.0,0.0,0.0,0.0,0.0,-0.3330000042915344,-0.2239999920129776,-0.10700000822544098,0.001999999862164259,0.11599999666213989,0.3319999873638153,0.40800002217292786,0.6549999713897705,0.7240000367164612,0.5979999899864197,0.453000009059906,0.3669999837875366,0.2669999897480011,0.17100000381469727,0.03400000184774399,-0.08299999684095383,-0.17999999225139618,-0.2019999921321869,-0.17000001668930054,-0.17899999022483826,-0.2930000126361847,-0.4259999990463257,-0.5559999942779541,-0.6889999508857727,-0.7949999570846558,-0.8420000076293945,-0.7890000343322754,-0.8219999670982361,-0.8420000076293945,-0.8529999852180481,-0.8739999532699585,-0.8899999856948853,-0.9099999666213989,-0.9179999828338623,-0.918999969959259,-0.9099999666213989,-0.8739999532699585,-0.8410000205039978,-0.6239999532699585,-0.6620000600814819
0.0,0.0,0.0,0.0,0.0,0.0,0.0,0.0,-0.33500000834465027,-0.2199999988079071,-0.0989999994635582,0.007999999448657036,0.08999999612569809,0.17499999701976776,0.33100003004074097,0.4749999940395355,0.4580000042915344,0.3020000159740448,0.13699999451637268,0.032999999821186066,-0.07499999552965164,-0.16499999165534973,-0.22699999809265137,-0.2239999920129776,-0.20999999344348907,-0.1459999978542328,-0.10099999606609344,-0.12299999594688416,-0.20099999010562897,-0.3440000116825104,-0.4919999837875366,-0.6369999647140503,-0.7599999904632568,-0.8090000152587891,-0.7949999570846558,-0.8700000047683716,-0.8869999647140503,-0.8789999485015869,-0.8880000114440918,-0.9110000133514404,-0.9210000038146973,-0.9110000133514404,-0.9470000267028809,-0.9399999380111694,-0.9309999942779541,-0.9200000166893005,-0.9319999814033508,-0.8990000486373901
0.0,0.0,0.0,0.0,0.0,0.0,0.0,0.0,0.0,-0.2199999988079071,-0.09600000083446503,0.04100000113248825,0.20899999141693115,0.3499999940395355,0.3999999761581421,0.1770000010728836,0.1080000028014183,0.06300000101327896,-0.008999999612569809,-0.08699999749660492,-0.11800000071525574,-0.13899999856948853,-0.12999999523162842,-0.12299999594688416,-0.12000000476837158,-0.0949999988079071,-0.06000000238418579,-0.06800000369548798,-0.12299999594688416,-0.24800001084804535,-0.41200000047683716,-0.5550000071525574,-0.6840000152587891,-0.7450000047683716,-0.7980000376701355,-0.8429999351501465,-0.8959999680519104,-0.9130000472068787,-0.925000011920929,-0.9160000085830688,-0.9290000200271606,-0.9529999494552612,-1.0019999742507935,-1.0160000324249268,-1.0080000162124634,-0.9889999628067017,-0.9900000095367432,-0.956000030040741
0.0,0.0,0.0,0.0,0.0,0.0,0.0,0.0,0.0,-0.23199999332427979,-0.0860000029206276,0.07199999690055847,0.23800000548362732,0.40700000524520874,0.4100000262260437,0.26600000262260437,0.24399998784065247,0.23800000548362732,0.18400000035762787,0.06599999964237213,0.005000000353902578,-0.035999998450279236,-0.052000001072883606,-0.0559999980032444,-0.06800000369548798,-0.0729999989271164,-0.044999998062849045,-0.017999999225139618,-0.06599999964237213,-0.14300000667572021,-0.29600000381469727,-0.4520000219345093,-0.5809999704360962,-0.7179999947547913,-0.7949999570846558,-0.8219999670982361,-0.8789999485015869,-0.9430000185966492,-0.9759999513626099,-0.9799999594688416,-0.9810000061988831,-1.0149999856948853,-1.0049999952316284,-1.0080000162124634,-1.0049999952316284,-0.9960000514984131,-0.9579999446868896,-0.8939999938011169
0.0,0.0,0.0,0.0,0.0,0.0,0.0,0.0,0.0,0.0,-0.04699999839067459,0.10899999737739563,0.23499998450279236,0.40199998021125793,0.5699999928474426,0.4870000183582306,0.41600000858306885,0.37400001287460327,0.32099997997283936,0.1850000023841858,0.06499999761581421,0.013000000268220901,-0.030000001192092896,-0.030000001192092896,-0.028999999165534973,-0.024000000208616257,-0.017999999225139618,0.012000000104308128,0.003999999724328518,-0.08000000566244125,-0.20099999010562897,-0.3790000081062317,-0.5509999990463257,-0.6809999942779541,-0.7919999957084656,-0.828000009059906,-0.8510000109672546,-0.8969999551773071,-0.9449999928474426,-1.0049999952316284,-0.9960000514984131,-0.972000002861023,-0.9549999833106995,-0.9570000171661377,-0.9600000381469727,-0.9539999961853027,-0.9179999828338623,-0.8579999804496765
0.0,0.0,0.0,0.0,0.0,0.0,0.0,0.0,0.0,0.0,0.005000000353902578,0.12400000542402267,0.24000000953674316,0.37700000405311584,0.5400000214576721,0.6089999675750732,0.5090000033378601,0.421999990940094,0.3669999837875366,0.27799999713897705,0.15599998831748962,0.07100000232458115,0.030000001192092896,0.015000000596046448,0.027000000700354576,0.038999997079372406,0.038999997079372406,0.030000001192092896,-0.0009999999310821295,-0.06200000271201134,-0.18299999833106995,-0.3229999840259552,-0.48399999737739563,-0.6340000033378601,-0.7389999628067017,-0.8330000042915344,-0.8539999723434448,-0.8630000352859497,-0.8959999680519104,-0.9440000057220459,-0.9459999799728394,-0.9220000505447388,-0.9110000133514404,-0.9120000004768372,-0.9020000100135803,-0.9000000357627869,-0.8889999985694885,-0.8519999980926514
0.0,0.0,0.0,0.0,0.0,0.0,0.0,0.0,0.0,0.0,0.0,0.13600000739097595,0.25,0.3489999771118164,0.5,0.6669999361038208,0.6169999837875366,0.5059999823570251,0.4399999976158142,0.39399999380111694,0.29600000381469727,0.17399999499320984,0.11300000548362732,0.08000000566244125,0.054999999701976776,0.03700000047683716,0.012000000104308128,-0.017999999225139618,-0.04699999839067459,-0.08100000023841858,-0.1459999978542328,-0.2590000033378601,-0.390999972820282,-0.5429999828338623,-0.6840000152587891,-0.7739999890327454,-0.8420000076293945,-0.859000027179718,-0.8500000238418579,-0.8600000143051147,-0.8730000257492065,-0.8759999871253967,-0.8669999837875366,-0.8700000047683716,-0.871999979019165,-0.8669999837875366,-0.8709999918937683,-0.878000020980835
0.0,0.0,0.0,0.0,0.0,0.0,0.0,0.0,0.0,0.0,0.0,0.1510000079870224,0.25599998235702515,0.35199999809265137,0.45499998331069946,0.6169999837875366,0.7760000228881836,0.6549999713897705,0.5320000052452087,0.48399999737739563,0.3889999985694885,0.22600001096725464,0.09300000220537186,0.0279999990016222,-0.028999999165534973,-0.044999998062849045,-0.04699999839067459,-0.05299999937415123,-0.06399999558925629,-0.08399999886751175,-0.12099999934434891,-0.20099999010562897,-0.31300002336502075,-0.42899999022483826,-0.5860000252723694,-0.7109999656677246,-0.7829999923706055,-0.8169999718666077,-0.8299999833106995,-0.8179999589920044,-0.8160000443458557,-0.8299999833106995,-0.8649999499320984,-0.8829999566078186,-0.8810000419616699,-0.8930000066757202,-0.9040000438690186,-0.9149999618530273
0.0,0.0,0.0,0.0,0.0,0.0,0.0,0.0,0.0,0.0,0.0,0.0,0.27799999713897705,0.3669999837875366,0.4410000145435333,0.5730000138282776,0.7490000128746033,0.706000030040741,0.5350000262260437,0.3880000114440918,0.29999998211860657,0.1899999976158142,0.07100000232458115,-0.0139999995008111,-0.04999999701976776,-0.08299999684095383,-0.06800000369548798,-0.05299999937415123,-0.06599999964237213,-0.08500000834465027,-0.11900000274181366,-0.15799999237060547,-0.23800000548362732,-0.335999995470047,-0.42899999022483826,-0.562999963760376,-0.6889999508857727,-0.7440000176429749,-0.7689999938011169,-0.784000039100647,-0.7929999828338623,-0.8219999670982361,-0.8489999771118164,-0.8609999418258667,-0.8709999918937683,-0.9040000438690186,-0.8930000066757202,-0.8860000371932983
0.0,0.0,0.0,0.0,0.0,0.0,0.0,0.0,0.0,0.0,0.0,0.0,0.3109999895095825,0.38600000739097595,0.4580000042915344,0.4690000116825104,0.593999981880188,0.6430000066757202,0.5080000162124634,0.3440000116825104,0.2590000033378601,0.2070000022649765,0.13300000131130219,0.044999998062849045,-0.01900000125169754,-0.06000000238418579,-0.0860000029206276,-0.07199999690055847,-0.06000000238418579,-0.08000000566244125,-0.1119999960064888,-0.14499999582767487,-0.1720000058412552,-0.2280000001192093,-0.3089999854564667,-0.3790000081062317,-0.49800002574920654,-0.6140000224113464,-0.7020000219345093,-0.7289999723434448,-0.7870000004768372,-0.8270000219345093,-0.8510000109672546,-0.8519999980926514,-0.8619999885559082,-0.8869999647140503,-0.8789999485015869,-0.8930000066757202
0.0,0.0,0.0,0.0,0.0,0.0,0.0,0.0,0.0,0.0,0.0,0.0,0.0,0.4350000023841858,0.4449999928474426,0.4259999990463257,0.4259999990463257,0.5209999680519104,0.5989999771118164,0.4410000145435333,0.2930000126361847,0.23499998450279236,0.18700000643730164,0.1119999960064888,0.028999999165534973,-0.027000000700354576,-0.07000000029802322,-0.09300000220537186,-0.07799999415874481,-0.06200000271201134,-0.0820000022649765,-0.10700000822544098,-0.1340000033378601,-0.1600000113248825,-0.19300000369548798,-0.25699999928474426,-0.3050000071525574,-0.3929999768733978,-0.5220000147819519,-0.6830000281333923,-0.7450000047683716,-0.8039999604225159,-0.8569999933242798,-0.8959999680519104,-0.9160000085830688,-0.9240000247955322,-0.9300000071525574,-0.9420000314712524
0.0,0.0,0.0,0.0,0.0,0.0,0.0,0.0,0.0,0.0,0.0,0.0,0.0,0.0,0.406000018119812,0.3869999945163727,0.3830000162124634,0.4269999861717224,0.5170000195503235,0.5320000052452087,0.3790000081062317,0.2549999952316284,0.20899999141693115,0.17100000381469727,0.0949999988079071,0.026000000536441803,-0.020000001415610313,-0.057999998331069946,-0.08000000566244125,-0.060999996960163116,-0.044999998062849045,-0.07899999618530273,-0.10099999606609344,-0.12099999934434891,-0.1340000033378601,-0.1459999978542328,-0.20099999010562897,-0.23000000417232513,-0.3449999988079071,-0.5389999747276306,-0.6319999694824219,-0.7319999933242798,-0.7749999761581421,-0.8020000457763672,-0.9259999990463257,-0.9470000267028809,-0.9660000205039978,-0.949999988079071
0.0,0.0,0.0,0.0,0.0,0.0,0.0,0.0,0.0,0.0,0.0,0.0,0.0,0.0,0.0,0.375,0.375,0.3659999966621399,0.41200000047683716,0.4909999966621399,0.4610000252723694,0.33399999141693115,0.2409999966621399,0.21199999749660492,0.19900000095367432,0.13300000131130219,0.06000000238418579,0.007999999448657036,-0.03800000250339508,-0.10400000214576721,-0.09100000560283661,-0.06800000369548798,-0.0860000029206276,-0.11900000274181366,-0.1080000028014183,-0.11699999868869781,-0.13500000536441803,-0.19600000977516174,-0.2939999997615814,-0.3669999837875366,-0.43400001525878906,-0.5449999570846558,-0.64000004529953,-0.7069999575614929,-0.7859999537467957,-0.8690000176429749,-0.9269999861717224,-0.9210000038146973
0.0,0.0,0.0,0.0,0.0,0.0,0.0,0.0,0.0,0.0,0.0,0.0,0.0,0.0,0.0,0.390999972820282,0.390999972820282,0.3569999933242798,0.3190000057220459,0.3869999945163727,0.4830000102519989,0.4449999928474426,0.33799999952316284,0.2669999897480011,0.25,0.22100000083446503,0.13600000739097595,0.09200000017881393,-0.006000000052154064,-0.14100000262260437,-0.1379999965429306,-0.1290000081062317,-0.1550000011920929,-0.15599998831748962,-0.13699999451637268,-0.14900000393390656,-0.19699999690055847,-0.2280000001192093,-0.22100000083446503,-0.25999999046325684,-0.3139999806880951,-0.3610000014305115,-0.44300001859664917,-0.5410000085830688,-0.6459999680519104,-0.7490000128746033,-0.8160000443458557,-0.8359999656677246
0.0,0.0,0.0,0.0,0.0,0.0,0.0,0.0,0.0,0.0,0.0,0.0,0.0,0.0,0.0,0.0,0.4089999794960022,0.3779999911785126,0.335999995470047,0.29100000858306885,0.3889999985694885,0.49800002574920654,0.4269999861717224,0.31300002336502075,0.2409999966621399,0.22200000286102295,0.20400001108646393,0.164000004529953,0.006000000052154064,-0.09100000560283661,-0.10200000554323196,-0.1860000044107437,-0.20800000429153442,-0.21400001645088196,-0.20800000429153442,-0.20099999010562897,-0.2409999966621399,-0.24300000071525574,-0.22200000286102295,-0.20899999141693115,-0.23100000619888306,-0.29100000858306885,-0.35199999809265137,-0.390999972820282,-0.47600001096725464,-0.5789999961853027,-0.6729999780654907,-0.7639999389648438
0.0,0.0,0.0,0.0,0.0,0.0,0.0,0.0,0.0,0.0,0.0,0.0,0.0,0.0,0.0,0.0,0.0,0.406000018119812,0.36400002241134644,0.31300002336502075,0.27300000190734863,0.36899998784065247,0.47600001096725464,0.3790000081062317,0.28999999165534973,0.2329999953508377,0.2290000021457672,0.23100000619888306,0.13199999928474426,0.04999999701976776,-0.01900000125169754,-0.12700000405311584,-0.2150000035762787,-0.21700000762939453,-0.2290000021457672,-0.25200000405311584,-0.2540000081062317,-0.2549999952316284,-0.25999999046325684,-0.2549999952316284,-0.2549999952316284,-0.26600000262260437,-0.3070000112056732,-0.320000022649765,-0.37599998712539673,-0.43699997663497925,-0.5070000290870667,-0.6019999980926514
0.0,0.0,0.0,0.0,0.0,0.0,0.0,0.0,0.0,0.0,0.0,0.0,0.0,0.0,0.0,0.0,0.0,0.0,0.3970000147819519,0.3489999771118164,0.2630000114440918,0.23900000751018524,0.3370000123977661,0.5040000081062317,0.42399999499320984,0.3109999895095825,0.2770000100135803,0.3330000042915344,0.3229999840259552,0.2549999952316284,0.05299999937415123,-0.08500000834465027,-0.15799999237060547,-0.18700000643730164,-0.2409999966621399,-0.2680000066757202,-0.2669999897480011,-0.2680000066757202,-0.27000001072883606,-0.2789999842643738,-0.29100000858306885,-0.2939999997615814,-0.2930000126361847,-0.28700000047683716,-0.29899999499320984,-0.35600000619888306,-0.414000004529953,-0.49300000071525574
0.0,0.0,0.0,0.0,0.0,0.0,0.0,0.0,0.0,0.0,0.0,0.0,0.0,0.0,0.0,0.0,0.0,0.0,0.0,0.3830000162124634,0.3089999854564667,0.210999995470047,0.18700000643730164,0.35899999737739563,0.5440000295639038,0.4740000069141388,0.4560000002384186,0.47200000286102295,0.39800000190734863,0.3319999873638153,0.13099999725818634,0.020000001415610313,-0.06800000369548798,-0.10899999737739563,-0.19200000166893005,-0.2709999978542328,-0.2789999842643738,-0.2789999842643738,-0.2789999842643738,-0.28600001335144043,-0.29600000381469727,-0.30400002002716064,-0.31300002336502075,-0.31800001859664917,-0.328000009059906,-0.33399999141693115,-0.3489999771118164,-0.40299999713897705
0.0,0.0,0.0,0.0,0.0,0.0,0.0,0.0,0.0,0.0,0.0,0.0,0.0,0.0,0.0,0.0,0.0,0.0,0.0,0.0,0.3700000047683716,0.2720000147819519,0.1720000058412552,0.17399999499320984,0.35500001907348633,0.5710000395774841,0.5920000076293945,0.47699999809265137,0.2840000092983246,0.23399999737739563,0.21899999678134918,0.21899999678134918,0.12299999594688416,0.007999999448657036,-0.1420000046491623,-0.2150000035762787,-0.2529999911785126,-0.28600001335144043,-0.28299999237060547,-0.2919999957084656,-0.2980000078678131,-0.30400002002716064,-0.31300002336502075,-0.32600000500679016,-0.33899998664855957,-0.35199999809265137,-0.3630000054836273,-0.39399999380111694
0.0,0.0,0.0,0.0,0.0,0.0,0.0,0.0,0.0,0.0,0.0,0.0,0.0,0.0,0.0,0.0,0.0,0.0,0.0,0.0,0.45399999618530273,0.3669999837875366,0.27399998903274536,0.18200001120567322,0.14900000393390656,0.3269999921321869,0.5569999814033508,0.593999981880188,0.3999999761581421,0.20500001311302185,0.19699999690055847,0.24800001084804535,0.2770000100135803,0.17999999225139618,0.020000001415610313,-0.11900000274181366,-0.19300000369548798,-0.22600001096725464,-0.2549999952316284,-0.2879999876022339,-0.2930000126361847,-0.2980000078678131,-0.3070000112056732,-0.32200002670288086,-0.33399999141693115,-0.3449999988079071,-0.36400002241134644,-0.38600000739097595
0.0,0.0,0.0,0.0,0.0,0.0,0.0,0.0,0.0,0.0,0.0,0.0,0.0,0.0,0.0,0.0,0.0,0.0,0.0,0.0,0.0,0.4560000002384186,0.3540000021457672,0.2590000033378601,0.15599998831748962,0.07100000232458115,0.28200000524520874,0.4919999837875366,0.6179999709129333,0.4479999840259552,0.3020000159740448,0.22299998998641968,0.281000018119812,0.30300000309944153,0.2370000034570694,0.10099999606609344,-0.028999999165534973,-0.1379999965429306,-0.18700000643730164,-0.22200000286102295,-0.2540000081062317,-0.2840000092983246,-0.29500001668930054,-0.30400002002716064,-0.31800001859664917,-0.33399999141693115,-0.3540000021457672,-0.37700000405311584
