static/data/wind11.json
{"header": { "parameterNumberName": "eastward_wind", "parameterUnit": "m.s-1", "parameterNumber": 2, "parameterCategory": 2, "nx": 121, "ny": 221, "numberPoints": 26741, "dx": 0.005000000000000071, "dy": 0.005000000000000006, "la1": -31.6, "lo1": 115.3, "la2": -32.7, "lo2": 115.9, "refTime": "2022-11-25 18:00:00" }, "data":
[rows 176 to 197 of 221, columns 0 to 49 of 121]
0.0,0.0,0.0,0.0,0.0,0.0,0.0,0.0,0.6930000185966492,1.0959999561309814,1.406999945640564,1.5090000629425049,1.621999979019165,1.74399995803833,1.906999945640564,2.0329999923706055,2.0950000286102295,2.1110000610351562,2.13100004196167,2.138000011444092,2.1419999599456787,2.1430001258850098,2.121000051498413,2.071000099182129,1.99399995803833,1.937000036239624,1.8610000610351562,1.747999906539917,1.596000075340271,1.444000005722046,1.277999997138977,1.0980000495910645,0.9480000138282776,0.878000020980835,0.8739999532699585,0.8600000143051147,0.7910000085830688,0.6959999799728394,0.6970000267028809,0.784000039100647,0.8420000076293945,0.8270000219345093,0.7900000214576721,0.7020000219345093,0.6599999666213989,0.6129999756813049,0.5839999914169312,0.7590000629425049,0.7989999651908875,0.7540000081062317
0.0,0.0,0.0,0.0,0.0,0.0,0.0,0.0,0.6190000176429749,0.9990000128746033,1.3320000171661377,1.4769999980926514,1.5719999074935913,1.7120001316070557,1.815000057220459,2.003000020980835,2.1019999980926514,2.114000082015991,2.1009998321533203,2.0900001525878906,2.068000078201294,2.0460000038146973,2.003000020980835,1.9639999866485596,1.912000060081482,1.8819999694824219,1.8369998931884766,1.7720000743865967,1.6320000886917114,1.4700000286102295,1.2919999361038208,1.1269999742507935,1.003000020980835,0.8939999938011169,0.8770000338554382,0.7890000343322754,0.722000002861023,0.6800000667572021,0.6990000009536743,0.7850000262260437,0.8380000591278076,0.8569999933242798,0.8539999723434448,0.7260000109672546,0.6549999713897705,0.5770000219345093,0.6819999814033508,0.6830000281333923,0.5999999642372131,0.49699997901916504
0.0,0.0,0.0,0.0,0.0,0.0,0.0,0.0,0.5550000071525574,0.8980000019073486,1.212999939918518,1.4470000267028809,1.5390000343322754,1.6329998970031738,1.7890000343322754,1.9620000123977661,2.003999948501587,2.0,1.9639999866485596,1.944000005722046,1.9169999361038208,1.8949999809265137,1.8799998760223389,1.8799998760223389,1.878000020980835,1.871999979019165,1.8510000705718994,1.7820000648498535,1.6710000038146973,1.50600004196167,1.3279999494552612,1.159999966621399,1.0230000019073486,0.9430000185966492,0.8899999856948853,0.7620000243186951,0.715999960899353,0.7199999690055847,0.7509999871253967,0.7800000309944153,0.847000002861023,0.9040000438690186,0.8140000104904175,0.6809999942779541,0.6349999904632568,0.5860000252723694,0.5080000162124634,0.4230000078678131,0.3400000333786011,0.3959999978542328
0.0,0.0,0.0,0.0,0.0,0.0,0.0,0.0,0.0,0.7609999775886536,1.0800000429153442,1.4079999923706055,1.5770000219345093,1.7089999914169312,1.8320000171661377,1.8559999465942383,1.877000093460083,1.8910000324249268,1.872999906539917,1.8580000400543213,1.8529999256134033,1.8550000190734863,1.8639999628067017,1.8690000772476196,1.8680000305175781,1.8589999675750732,1.8389999866485596,1.781000018119812,1.690000057220459,1.5440000295639038,1.36899995803833,1.2009999752044678,1.0410000085830688,0.949999988079071,0.902999997138977,0.8230000138282776,0.7519999742507935,0.7289999723434448,0.7089999914169312,0.7639999389648438,0.8569999933242798,0.8100000023841858,0.6729999780654907,0.5860000252723694,0.5379999876022339,0.49400001764297485,0.406000018119812,0.36800000071525574,0.39800000190734863,0.4659999907016754
0.0,0.0,0.0,0.0,0.0,0.0,0.0,0.0,0.0,0.6100000143051147,0.9409999847412109,1.2829999923706055,1.5469999313354492,1.690000057220459,1.7720000743865967,1.8040000200271606,1.8330000638961792,1.8639999628067017,1.8650000095367432,1.8459999561309814,1.8389999866485596,1.8369998931884766,1.8359999656677246,1.8389999866485596,1.8299999237060547,1.8250000476837158,1.8040000200271606,1.7739999294281006,1.684000015258789,1.5800000429153442,1.412000060081482,1.2350000143051147,1.0789999961853027,0.9470000267028809,0.9160000085830688,0.871999979019165,0.7960000038146973,0.7109999656677246,0.6589999794960022,0.6710000038146973,0.6899999976158142,0.6499999761581421,0.6499999761581421,0.6110000014305115,0.5579999685287476,0.4909999966621399,0.44699999690055847,0.4320000112056732,0.45499998331069946,0.5370000004768372
0.0,0.0,0.0,0.0,0.0,0.0,0.0,0.0,0.0,0.0,0.8070000410079956,1.1490000486373901,1.4670000076293945,1.6069998741149902,1.7330000400543213,1.7680000066757202,1.7970000505447388,1.8220000267028809,1.8420000076293945,1.8179999589920044,1.7949999570846558,1.7860000133514404,1.7760000228881836,1.781000018119812,1.7869999408721924,1.777999997138977,1.7640000581741333,1.7290000915527344,1.680999994277954,1.5729999542236328,1.465000033378601,1.2999999523162842,1.1399999856948853,1.0210000276565552,0.9279999732971191,0.8609999418258667,0.8169999718666077,0.7630000114440918,0.7039999961853027,0.6909999847412109,0.6979999542236328,0.7089999914169312,0.7249999642372131,0.6949999928474426,0.6430000066757202,0.574999988079071,0.5239999890327454,0.5049999952316284,0.5180000066757202,0.5989999771118164
0.0,0.0,0.0,0.0,0.0,0.0,0.0,0.0,0.0,0.0,0.6800000667572021,0.9920000433921814,1.3040000200271606,1.5410000085830688,1.652999997138977,1.7269999980926514,1.746000051498413,1.7599999904632568,1.7790000438690186,1.7790000438690186,1.753000020980835,1.7319999933242798,1.7190001010894775,1.712999939918518,1.7170000076293945,1.7170000076293945,1.7070000171661377,1.6869999170303345,1.6540000438690186,1.5929999351501465,1.4910000562667847,1.375,1.2139999866485596,1.0549999475479126,0.9470000267028809,0.8479999899864197,0.812999963760376,0.8039999604225159,0.7850000262260437,0.7519999742507935,0.7419999837875366,0.7710000276565552,0.7870000004768372,0.7599999904632568,0.7170000076293945,0.656000018119812,0.6050000190734863,0.5669999718666077,0.5669999718666077,0.5900000333786011
0.0,0.0,0.0,0.0,0.0,0.0,0.0,0.0,0.0,0.0,0.0,0.8240000009536743,1.1339999437332153,1.4240000247955322,1.569000005722046,1.6710000038146973,1.6949999332427979,1.6990000009536743,1.7100000381469727,1.7219998836517334,1.7049999237060547,1.6760001182556152,1.6579999923706055,1.6449999809265137,1.6500000953674316,1.6619999408721924,1.6640000343322754,1.6549999713897705,1.628999948501587,1.5850000381469727,1.5170000791549683,1.4139999151229858,1.2839999198913574,1.1200000047683716,0.9960000514984131,0.9290000200271606,0.8330000042915344,0.8079999685287476,0.812999963760376,0.8039999604225159,0.7940000295639038,0.8209999799728394,0.8429999351501465,0.8209999799728394,0.7730000019073486,0.722000002861023,0.6669999361038208,0.597000002861023,0.5680000185966492,0.5710000395774841
0.0,0.0,0.0,0.0,0.0,0.0,0.0,0.0,0.0,0.0,0.0,0.6610000133514404,0.9549999833106995,1.2430000305175781,1.4820001125335693,1.5780000686645508,1.6449999809265137,1.6429998874664307,1.6369999647140503,1.6480000019073486,1.659999966621399,1.6359999179840088,1.6100000143051147,1.6009999513626099,1.6019999980926514,1.6130000352859497,1.624000072479248,1.6169999837875366,1.6040000915527344,1.5729999542236328,1.5240000486373901,1.4429999589920044,1.3370000123977661,1.2179999351501465,1.1069999933242798,0.9990000128746033,0.8799999952316284,0.8380000591278076,0.8200000524520874,0.8309999704360962,0.8579999804496765,0.8709999918937683,0.8569999933242798,0.8370000123977661,0.8039999604225159,0.7300000190734863,0.7010000348091125,0.6169999837875366,0.5640000104904175,0.5640000104904175
0.0,0.0,0.0,0.0,0.0,0.0,0.0,0.0,0.0,0.0,0.0,0.0,0.7910000085830688,1.0670000314712524,1.3199999332427979,1.4820001125335693,1.5600000619888306,1.5950000286102295,1.5889999866485596,1.5880000591278076,1.6030000448226929,1.6060000658035278,1.5800000429153442,1.5600000619888306,1.559000015258789,1.5600000619888306,1.5700000524520874,1.5820000171661377,1.5700000524520874,1.559000015258789,1.5189999341964722,1.4679999351501465,1.3849999904632568,1.2890000343322754,1.2120000123977661,1.097000002861023,0.9600000381469727,0.8990000486373901,0.8700000047683716,0.8560000658035278,0.8690000176429749,0.8730000257492065,0.8810000419616699,0.8849999904632568,0.8389999866485596,0.7490000128746033,0.7689999938011169,0.7190000414848328,0.5809999704360962,0.5669999718666077
0.0,0.0,0.0,0.0,0.0,0.0,0.0,0.0,0.0,0.0,0.0,0.0,0.6310000419616699,0.8889999985694885,1.1410000324249268,1.3709999322891235,1.4639999866485596,1.5379999876022339,1.5449999570846558,1.5360000133514404,1.5449999570846558,1.562000036239624,1.555999994277954,1.528999924659729,1.5119999647140503,1.5119999647140503,1.5149999856948853,1.5260000228881836,1.5460000038146973,1.534000039100647,1.5139999389648438,1.4749999046325684,1.4380000829696655,1.38100004196167,1.3070000410079956,1.2450000047683716,1.1299999952316284,1.0169999599456787,0.9319999814033508,0.9079999923706055,0.8669999837875366,0.8529999852180481,0.8609999418258667,0.8820000290870667,0.8560000658035278,0.7829999923706055,0.8090000152587891,0.7029999494552612,0.574999988079071,0.5290000438690186
0.0,0.0,0.0,0.0,0.0,0.0,0.0,0.0,0.0,0.0,0.0,0.0,0.0,0.7260000109672546,0.9589999914169312,1.1770000457763672,1.3680000305175781,1.4429999589920044,1.5109999179840088,1.500999927520752,1.4929999113082886,1.5069999694824219,1.5209999084472656,1.50600004196167,1.4779999256134033,1.465999960899353,1.465999960899353,1.4700000286102295,1.496000051498413,1.5230000019073486,1.5139999389648438,1.50600004196167,1.4769999980926514,1.4450000524520874,1.4129998683929443,1.3569999933242798,1.3160001039505005,1.2289999723434448,1.1039999723434448,0.9480000138282776,0.8930000066757202,0.8619999885559082,0.8349999785423279,0.7649999856948853,0.7050000429153442,0.699999988079071,0.6859999895095825,0.6110000014305115,0.5339999794960022,0.47200000286102295
0.0,0.0,0.0,0.0,0.0,0.0,0.0,0.0,0.0,0.0,0.0,0.0,0.0,0.0,0.7980000376701355,1.0160000324249268,1.2100000381469727,1.3480000495910645,1.4190000295639038,1.4670000076293945,1.4579999446868896,1.444000005722046,1.4589999914169312,1.4800000190734863,1.4569998979568481,1.4359999895095825,1.4329999685287476,1.444000005722046,1.4700000286102295,1.499000072479248,1.5219999551773071,1.5130000114440918,1.5090000629425049,1.4900000095367432,1.4749999046325684,1.4589999914169312,1.4100000858306885,1.3819999694824219,1.2950000762939453,1.121999979019165,0.9900000095367432,0.8700000047683716,0.8289999961853027,0.7999999523162842,0.6179999709129333,0.5929999947547913,0.546999990940094,0.5360000133514404,0.5299999713897705,0.49800002574920654
0.0,0.0,0.0,0.0,0.0,0.0,0.0,0.0,0.0,0.0,0.0,0.0,0.0,0.0,0.0,0.8560000658035278,1.0450000762939453,1.2259999513626099,1.3220000267028809,1.3910000324249268,1.4200000762939453,1.4049999713897705,1.4100000858306885,1.4429999589920044,1.465000033378601,1.446000099182129,1.4219999313354492,1.4290000200271606,1.4450000524520874,1.4480000734329224,1.4759999513626099,1.5160000324249268,1.5149999856948853,1.50600004196167,1.5049999952316284,1.4910000562667847,1.4789999723434448,1.431999921798706,1.371999979019165,1.3079999685287476,1.187999963760376,1.0509999990463257,0.9259999990463257,0.8330000042915344,0.7289999723434448,0.6299999952316284,0.5569999814033508,0.5339999794960022,0.5249999761581421,0.5209999680519104
0.0,0.0,0.0,0.0,0.0,0.0,0.0,0.0,0.0,0.0,0.0,0.0,0.0,0.0,0.0,0.7179999947547913,0.9049999713897705,1.062000036239624,1.215000033378601,1.2950000762939453,1.374000072479248,1.399999976158142,1.4040000438690186,1.4190000295639038,1.439000129699707,1.4489998817443848,1.4210000038146973,1.3950001001358032,1.3969999551773071,1.4040000438690186,1.4569998979568481,1.49399995803833,1.4880000352859497,1.4900000095367432,1.5069999694824219,1.49399995803833,1.4670000076293945,1.439000129699707,1.4179999828338623,1.3680000305175781,1.3009999990463257,1.2400000095367432,1.13100004196167,1.003999948501587,0.8730000257492065,0.7480000257492065,0.671999990940094,0.625,0.5960000157356262,0.5299999713897705
0.0,0.0,0.0,0.0,0.0,0.0,0.0,0.0,0.0,0.0,0.0,0.0,0.0,0.0,0.0,0.0,0.7649999856948853,0.9229999780654907,1.0709999799728394,1.2030000686645508,1.2829999923706055,1.374000072479248,1.3889999389648438,1.3880000114440918,1.3930000066757202,1.406999945640564,1.4160000085830688,1.3969999551773071,1.3989999294281006,1.4270000457763672,1.4709999561309814,1.4700000286102295,1.4670000076293945,1.4920001029968262,1.499000072479248,1.4820001125335693,1.4560000896453857,1.431999921798706,1.4149999618530273,1.4040000438690186,1.3670001029968262,1.305999994277954,1.2389999628067017,1.1710000038146973,1.069000005722046,0.949999988079071,0.8410000205039978,0.7129999995231628,0.5999999642372131,0.5149999856948853
0.0,0.0,0.0,0.0,0.0,0.0,0.0,0.0,0.0,0.0,0.0,0.0,0.0,0.0,0.0,0.0,0.0,0.7910000085830688,0.9340000152587891,1.069000005722046,1.190999984741211,1.28000009059906,1.3569999933242798,1.3600001335144043,1.3519999980926514,1.3559999465942383,1.3730000257492065,1.4059998989105225,1.412000060081482,1.439000129699707,1.4730000495910645,1.4630000591278076,1.4609999656677246,1.4830000400543213,1.4830000400543213,1.468999981880188,1.4489998817443848,1.4290000200271606,1.4249999523162842,1.4100000858306885,1.3840000629425049,1.3539999723434448,1.3020000457763672,1.2690000534057617,1.1959999799728394,1.125999927520752,1.0479999780654907,0.9200000166893005,0.784000039100647,0.5649999976158142
0.0,0.0,0.0,0.0,0.0,0.0,0.0,0.0,0.0,0.0,0.0,0.0,0.0,0.0,0.0,0.0,0.0,0.0,0.8070000410079956,0.9480000138282776,1.0729999542236328,1.1850000619888306,1.2380000352859497,1.316999912261963,1.3140000104904175,1.3109999895095825,1.3330000638961792,1.3819999694824219,1.4300000667572021,1.4589999914169312,1.4480000734329224,1.4569998979568481,1.4600000381469727,1.4759999513626099,1.4579999446868896,1.4399999380111694,1.434000015258789,1.4300000667572021,1.4259999990463257,1.412000060081482,1.3940000534057617,1.369999885559082,1.3480000495910645,1.3370000123977661,1.3079999685287476,1.2409999370574951,1.1729999780654907,1.0920000076293945,1.0019999742507935,0.8320000171661377
0.0,0.0,0.0,0.0,0.0,0.0,0.0,0.0,0.0,0.0,0.0,0.0,0.0,0.0,0.0,0.0,0.0,0.0,0.0,0.8200000524520874,0.949999988079071,1.034999966621399,1.097000002861023,1.1779999732971191,1.2790000438690186,1.2980000972747803,1.3289999961853027,1.3760000467300415,1.412000060081482,1.431999921798706,1.412000060081482,1.437000036239624,1.4600000381469727,1.4759999513626099,1.4450000524520874,1.4149999618530273,1.4149999618530273,1.4170000553131104,1.4210000038146973,1.4110000133514404,1.3940000534057617,1.3779999017715454,1.3680000305175781,1.3639999628067017,1.3370000123977661,1.3029999732971191,1.2720000743865967,1.2239999771118164,1.1540000438690186,1.0049999952316284
0.0,0.0,0.0,0.0,0.0,0.0,0.0,0.0,0.0,0.0,0.0,0.0,0.0,0.0,0.0,0.0,0.0,0.0,0.0,0.0,0.8270000219345093,0.9040000438690186,0.9759999513626099,1.0509999990463257,1.1540000438690186,1.2680000066757202,1.3079999685287476,1.3279999494552612,1.350000023841858,1.3619999885559082,1.3919999599456787,1.446000099182129,1.465000033378601,1.474000096321106,1.4149999618530273,1.3899999856948853,1.3980000019073486,1.4030001163482666,1.409000039100647,1.399999976158142,1.3889999389648438,1.36899995803833,1.3600001335144043,1.371999979019165,1.3580000400543213,1.3300000429153442,1.3020000457763672,1.274999976158142,1.2510000467300415,1.1519999504089355
0.0,0.0,0.0,0.0,0.0,0.0,0.0,0.0,0.0,0.0,0.0,0.0,0.0,0.0,0.0,0.0,0.0,0.0,0.0,0.0,0.737000048160553,0.8289999961853027,0.8919999599456787,0.9539999961853027,1.0210000276565552,1.1180000305175781,1.2259999513626099,1.2860000133514404,1.3029999732971191,1.3209999799728394,1.3569999933242798,1.3989999294281006,1.472000002861023,1.4800000190734863,1.4249999523162842,1.3969999551773071,1.4030001163482666,1.4059998989105225,1.402000069618225,1.3889999389648438,1.3779999017715454,1.3639999628067017,1.3650000095367432,1.378999948501587,1.36899995803833,1.3519999980926514,1.3279999494552612,1.305999994277954,1.287000060081482,1.2009999752044678
0.0,0.0,0.0,0.0,0.0,0.0,0.0,0.0,0.0,0.0,0.0,0.0,0.0,0.0,0.0,0.0,0.0,0.0,0.0,0.0,0.0,0.753000020980835,0.8179999589920044,0.8759999871253967,0.918999969959259,0.9639999866485596,1.069000005722046,1.1740000247955322,1.2599999904632568,1.28000009059906,1.3020000457763672,1.334999918937683,1.4149999618530273,1.468999981880188,1.4700000286102295,1.4480000734329224,1.4259999990463257,1.409000039100647,1.4010000228881836,1.3889999389648438,1.378999948501587,1.371999979019165,1.374000072479248,1.3819999694824219,1.377000093460083,1.3680000305175781,1.343999981880188,1.3209999799728394,1.312999963760376,1.2829999923706055
