static/data/wind9.json
{"header": { "parameterNumberName": "eastward_wind", "parameterUnit": "m.s-1", "parameterNumber": 2, "parameterCategory": 2, "nx": 121, "ny": 221, "numberPoints": 26741, "dx": 0.005000000000000071, "dy": 0.005000000000000006, "la1": -31.6, "lo1": 115.3, "la2": -32.7, "lo2": 115.9, "refTime": "2022-11-25 14:00:00" }, "data":
[rows 132 to 153 of 221, columns 50 to 99 of 121]
1.128999948501587,1.1060000658035278,1.0720000267028809,1.1060000658035278,1.187999963760376,1.1420000791549683,1.084999918937683,1.221000075340271,1.4279999732971191,1.5230000019073486,1.4759999513626099,1.441999912261963,1.4769999980926514,1.3670001029968262,0.9440000057220459,0.7649999856948853,0.8820000290870667,1.0540000200271606,1.2769999504089355,1.5119999647140503,1.5929999351501465,1.4830000400543213,1.4920001029968262,1.569000005722046,1.7000000476837158,1.6030000448226929,0.9909999966621399,0.48000001907348633,0.4610000252723694,1.0419999361038208,0.4789999723434448,0.5479999780654907,0.7980000376701355,0.8849999904632568,1.027000069618225,1.11899995803833,1.0109999179840088,0.949999988079071,0.8230000138282776,0.08299999684095383,0.0,0.0,0.0,0.0,0.0,0.0,0.0,0.0,0.0,0.0
1.1399999856948853,1.1319999694824219,1.0920000076293945,1.0779999494552612,1.1399999856948853,1.1549999713897705,1.1410000324249268,1.2080000638961792,1.3819999694824219,1.4929999113082886,1.5119999647140503,1.4800000190734863,1.5390000343322754,1.5449999570846558,1.1970000267028809,0.8050000071525574,0.9000000357627869,1.034999966621399,1.2030000686645508,1.4300000667572021,1.5579999685287476,1.6159999370574951,1.6349999904632568,1.6649999618530273,1.7820000648498535,1.6760001182556152,0.9399999380111694,-0.5490000247955322,-0.01900000125169754,-0.5339999794960022,0.0,0.29100000858306885,0.7590000629425049,0.7609999775886536,0.8250000476837158,0.7540000081062317,0.7949999570846558,0.7980000376701355,0.12700000405311584,0.0,0.0,0.0,0.0,0.0,0.0,0.0,0.0,0.0,0.0,0.0
1.1540000438690186,1.1269999742507935,1.0779999494552612,1.058000087738037,1.1269999742507935,1.2179999351501465,1.2350000143051147,1.2339999675750732,1.377000093460083,1.4849998950958252,1.5449999570846558,1.5490000247955322,1.5729999542236328,1.6410000324249268,1.4259999990463257,1.0199999809265137,1.0210000276565552,1.1460000276565552,1.2300000190734863,1.3650000095367432,1.4810000658035278,1.5839999914169312,1.5999999046325684,1.6629999876022339,1.628999948501587,1.621000051498413,1.2690000534057617,0.6949999928474426,0.0,0.0,-0.6470000147819519,-0.5540000200271606,-0.19200000166893005,0.33399999141693115,0.7010000348091125,0.7879999876022339,0.706000030040741,0.46299999952316284,0.0,0.0,0.0,0.0,0.0,0.0,0.0,0.0,0.0,0.0,0.0,0.0
1.1490000486373901,1.1180000305175781,1.1169999837875366,1.093999981880188,1.1060000658035278,1.1640000343322754,1.2430000305175781,1.2540000677108765,1.3680000305175781,1.4769999980926514,1.534000039100647,1.5279998779296875,1.5139999389648438,1.590999960899353,1.4849998950958252,1.1540000438690186,1.0469999313354492,1.1959999799728394,1.2860000133514404,1.3760000467300415,1.472000002861023,1.5549999475479126,1.5499999523162842,1.5449999570846558,1.555999994277954,1.3959999084472656,1.0899999141693115,0.6510000228881836,0.45399999618530273,0.0,0.0,-0.4909999966621399,-0.10300000011920929,0.574999988079071,0.7540000081062317,0.812999963760376,0.0,0.0,0.0,0.0,0.0,0.0,0.0,0.0,0.0,0.0,0.0,0.0,0.0,0.0
1.180999994277954,1.1380000114440918,1.1230000257492065,1.1080000400543213,1.093000054359436,1.1430000066757202,1.181999921798706,1.218999981880188,1.2809998989105225,1.3950001001358032,1.4620000123977661,1.4700000286102295,1.4589999914169312,1.5139999389648438,1.555999994277954,1.2080000638961792,1.0180000066757202,1.1399999856948853,1.2289999723434448,1.3370000123977661,1.4880000352859497,1.562999963760376,1.4609999656677246,1.2790000438690186,1.350000023841858,1.1410000324249268,1.0779999494552612,0.7900000214576721,0.6629999876022339,0.41200000047683716,0.05299999937415123,0.0,0.0,0.0,0.0,0.0,0.0,0.0,0.0,0.0,0.0,0.0,0.0,0.0,0.0,0.0,0.0,0.0,0.0,0.0
1.2259999513626099,1.180999994277954,1.1360000371932983,1.1349999904632568,1.1420000791549683,1.1349999904632568,1.1319999694824219,1.1679999828338623,1.1949999332427979,1.3179999589920044,1.406999945640564,1.4560000896453857,1.4530000686645508,1.5099999904632568,1.568000078201294,1.2549998760223389,1.0709999799728394,1.0729999542236328,1.1349999904632568,1.2269999980926514,1.406999945640564,1.4210000038146973,1.316999912261963,1.0729999542236328,1.218999981880188,1.1200000047683716,0.8050000071525574,0.6710000038146973,0.5989999771118164,0.3970000147819519,0.15299999713897705,0.0,0.0,0.0,0.0,0.0,0.0,0.0,0.0,0.0,0.0,0.0,0.0,0.0,0.0,0.0,0.0,0.0,0.0,0.0
1.2430000305175781,1.2300000190734863,1.190000057220459,1.1519999504089355,1.1469999551773071,1.1469999551773071,1.1410000324249268,1.1679999828338623,1.1829999685287476,1.2960000038146973,1.3880000114440918,1.4600000381469727,1.4609999656677246,1.472000002861023,1.559000015258789,1.3819999694824219,1.11899995803833,1.1159999370574951,1.0920000076293945,1.1490000486373901,1.3380000591278076,1.5189999341964722,1.8529999256134033,1.2319999933242798,1.2510000467300415,1.2639999389648438,1.184000015258789,0.7289999723434448,0.2759999930858612,0.15699999034404755,0.05400000140070915,0.0,0.0,0.0,0.0,0.0,0.0,0.0,0.0,0.0,0.0,0.0,0.0,0.0,0.0,0.0,0.0,0.0,0.0,0.0
1.2359999418258667,1.2760000228881836,1.2660000324249268,1.2549998760223389,1.2389999628067017,1.2009999752044678,1.1770000457763672,1.1720000505447388,1.1779999732971191,1.2580000162124634,1.350000023841858,1.437000036239624,1.434000015258789,1.4639999866485596,1.5139999389648438,1.465000033378601,1.1360000371932983,1.1080000400543213,1.0329999923706055,1.003000020980835,1.4010000228881836,1.9589998722076416,2.2990000247955322,2.0139999389648438,1.4450000524520874,1.531000018119812,1.377000093460083,1.190000057220459,0.39399999380111694,0.19500000774860382,0.04699999839067459,0.0,0.0,0.0,0.0,0.0,0.0,0.0,0.0,0.0,0.0,0.0,0.0,0.0,0.0,0.0,0.0,0.0,0.0,0.0
1.2580000162124634,1.2790000438690186,1.2660000324249268,1.2030000686645508,1.1660000085830688,1.156999945640564,1.1759999990463257,1.1579999923706055,1.1360000371932983,1.1720000505447388,1.309999942779541,1.4219999313354492,1.4980000257492065,1.4950000047683716,1.4849998950958252,1.5549999475479126,1.1999999284744263,1.0549999475479126,1.0440000295639038,0.9740000367164612,1.125999927520752,1.6799999475479126,2.3450000286102295,2.5460000038146973,2.174999952316284,1.7990000247955322,1.4880000352859497,0.9830000400543213,0.414000004529953,0.29100000858306885,0.12700000405311584,0.0,0.0,0.0,0.0,0.0,0.0,0.0,0.0,0.0,0.0,0.0,0.0,0.0,0.0,0.0,0.0,0.0,0.0,0.0
1.194000005722046,1.2389999628067017,1.2540000677108765,1.2450000047683716,1.1970000267028809,1.1299999952316284,1.0709999799728394,1.0570000410079956,1.0959999561309814,1.0950000286102295,1.2039999961853027,1.2630000114440918,1.377000093460083,1.4249999523162842,1.4429999589920044,1.4399999380111694,1.3339998722076416,1.1740000247955322,1.1440000534057617,0.9929999709129333,1.0069999694824219,1.1610000133514404,1.5520000457763672,1.937999963760376,1.9789999723434448,1.8619999885559082,1.6449999809265137,0.918999969959259,0.28299999237060547,0.07699999958276749,0.01900000125169754,0.0,0.0,0.0,0.0,0.0,0.0,0.0,0.0,0.0,0.0,0.0,0.0,0.0,0.0,0.0,0.0,0.0,0.0,0.0
1.1779999732971191,1.2070000171661377,1.2059999704360962,1.2120000123977661,1.2160000801086426,1.181999921798706,1.1399999856948853,1.128999948501587,1.1119999885559082,1.1110000610351562,1.2280000448226929,1.2389999628067017,1.3279999494552612,1.38100004196167,1.4509999752044678,1.434000015258789,1.5069999694824219,1.3730000257492065,1.3380000591278076,1.1399999856948853,0.972000002861023,1.0679999589920044,1.3140000104904175,1.5759999752044678,1.7519999742507935,1.753000020980835,1.621999979019165,1.0160000324249268,0.5239999890327454,0.5049999952316284,0.5029999613761902,0.3059999942779541,0.2750000059604645,0.296999990940094,0.3659999966621399,0.5049999952316284,0.0,0.0,0.0,0.0,0.0,0.0,0.0,0.0,0.0,0.0,0.0,0.0,0.0,0.0
1.1729999780654907,1.181999921798706,1.181999921798706,1.1540000438690186,1.128999948501587,1.1150000095367432,1.0899999141693115,1.0770000219345093,1.1380000114440918,1.1169999837875366,1.2839999198913574,1.2880001068115234,1.2899999618530273,1.3489999771118164,1.4489998817443848,1.4869999885559082,1.6150000095367432,1.4920001029968262,1.439000129699707,1.2599999904632568,1.0989999771118164,1.0959999561309814,1.1779999732971191,1.3619999885559082,1.5080000162124634,1.571000099182129,1.5549999475479126,1.347000002861023,0.875,0.75,0.28299999237060547,0.24399998784065247,0.4359999895095825,0.8410000205039978,0.9380000233650208,1.065999984741211,0.925000011920929,0.7649999856948853,0.0,0.0,0.0,0.0,0.0,0.0,0.0,0.0,0.0,0.0,0.0,0.0
1.1510000228881836,1.1480000019073486,1.1510000228881836,1.13100004196167,1.1139999628067017,1.0750000476837158,1.0770000219345093,1.0570000410079956,1.1209999322891235,1.1269999742507935,1.1999999284744263,1.309999942779541,1.2430000305175781,1.3359999656677246,1.465999960899353,1.5579999685287476,1.6619999408721924,1.5160000324249268,1.3629999160766602,1.2919999361038208,1.1920000314712524,1.1959999799728394,1.2710000276565552,1.377000093460083,1.5069999694824219,1.4869999885559082,1.5260000228881836,1.4219999313354492,1.024999976158142,0.7400000095367432,0.32200002670288086,0.2930000126361847,0.6889999508857727,0.9340000152587891,0.9920000433921814,1.0959999561309814,1.024999976158142,0.8770000338554382,0.0,0.0,0.0,0.0,0.0,0.0,0.0,0.0,0.0,0.0,0.0,0.0
1.1200000047683716,1.1420000791549683,1.1519999504089355,1.1389999389648438,1.1339999437332153,1.121999979019165,1.1169999837875366,1.1110000610351562,1.1130000352859497,1.1490000486373901,1.1480000019073486,1.2690000534057617,1.25,1.2929999828338623,1.4049999713897705,1.4980000257492065,1.5950000286102295,1.6990000009536743,1.5350000858306885,1.431999921798706,1.3529999256134033,1.3519999980926514,1.4040000438690186,1.4709999561309814,1.5469999313354492,1.5789999961853027,1.6069998741149902,1.6040000915527344,1.184000015258789,0.7300000190734863,1.065999984741211,1.0880000591278076,1.1139999628067017,1.084999918937683,1.0049999952316284,1.0,1.0549999475479126,0.9749999642372131,0.7150000333786011,0.0,0.0,0.0,0.0,0.0,0.0,0.0,0.0,0.0,0.0,0.0
1.13100004196167,1.1740000247955322,1.1859999895095825,1.187000036239624,1.1800000667572021,1.1749999523162842,1.1729999780654907,1.1399999856948853,1.1200000047683716,1.1159999370574951,1.1150000095367432,1.222000002861023,1.2580000162124634,1.2569999694824219,1.284999966621399,1.4730000495910645,1.5469999313354492,1.6180000305175781,1.5829999446868896,1.4800000190734863,1.402000069618225,1.4149999618530273,1.5839999914169312,1.7209999561309814,1.6959999799728394,1.7110000848770142,1.569000005722046,1.4429999589920044,1.1380000114440918,1.1069999933242798,1.4489998817443848,1.5549999475479126,1.5109999179840088,1.4190000295639038,1.3380000591278076,1.2620000839233398,1.1540000438690186,1.0069999694824219,0.7689999938011169,0.0,0.0,0.0,0.0,0.0,0.0,0.0,0.0,0.0,0.0,0.0
1.194000005722046,1.190000057220459,1.1990000009536743,1.1749999523162842,1.156999945640564,1.124000072479248,1.0959999561309814,1.0989999771118164,1.0959999561309814,1.1200000047683716,1.125999927520752,1.1829999685287476,1.2769999504089355,1.2950000762939453,1.371999979019165,1.434999942779541,1.5440000295639038,1.5750000476837158,1.5850000381469727,1.6169999837875366,1.496999979019165,1.4509999752044678,1.437000036239624,1.628000020980835,1.6750000715255737,1.5449999570846558,1.5429999828338623,1.409000039100647,1.3889999389648438,1.3799999952316284,1.4240000247955322,1.628000020980835,1.6970000267028809,1.621999979019165,1.4730000495910645,1.369999885559082,1.2649999856948853,1.152999997138977,0.918999969959259,0.0,0.0,0.0,0.0,0.0,0.0,0.0,0.0,0.0,0.0,0.0
1.2400000095367432,1.156000018119812,1.1209999322891235,1.0920000076293945,1.1410000324249268,1.1610000133514404,1.1770000457763672,1.187000036239624,1.1929999589920044,1.2109999656677246,1.2280000448226929,1.253000020980835,1.2710000276565552,1.2590000629425049,1.2680000066757202,1.3450000286102295,1.378999948501587,1.4259999990463257,1.5199999809265137,1.6799999475479126,1.6339999437332153,1.5579999685287476,1.5170000791549683,1.5530000925064087,1.6640000343322754,1.5719999074935913,1.3650000095367432,1.312000036239624,1.2919999361038208,1.5019999742507935,1.4359999895095825,1.3830000162124634,1.565999984741211,1.5770000219345093,1.4589999914169312,1.3959999084472656,1.350000023841858,1.2239999771118164,0.9660000205039978,0.0,0.0,0.0,0.0,0.0,0.0,0.0,0.0,0.0,0.0,0.0
1.0859999656677246,1.128000020980835,1.1759999990463257,1.2070000171661377,1.2089999914169312,1.2070000171661377,1.2039999961853027,1.2059999704360962,1.2239999771118164,1.246000051498413,1.2690000534057617,1.2940000295639038,1.312000036239624,1.3050000667572021,1.3079999685287476,1.3830000162124634,1.3510000705718994,1.3889999389648438,1.5069999694824219,1.7089999914169312,1.6920000314712524,1.5820000171661377,1.6390000581741333,1.685999870300293,1.6009999513626099,1.527000069618225,1.4290000200271606,1.347000002861023,1.121999979019165,1.0419999361038208,0.8050000071525574,0.8250000476837158,1.0989999771118164,1.281999945640564,1.3140000104904175,1.4499999284744263,1.3959999084472656,1.2359999418258667,0.9240000247955322,0.0,0.0,0.0,0.0,0.0,0.0,0.0,0.0,0.0,0.0,0.0
1.0989999771118164,1.1549999713897705,1.1800000667572021,1.222000002861023,1.2269999980926514,1.2430000305175781,1.2549998760223389,1.2639999389648438,1.277999997138977,1.3079999685287476,1.3359999656677246,1.3629999160766602,1.3860000371932983,1.3930000066757202,1.3889999389648438,1.4040000438690186,1.4450000524520874,1.3389999866485596,1.4429999589920044,1.6410000324249268,1.625,1.625999927520752,1.6030000448226929,1.5829999446868896,1.534000039100647,1.4509999752044678,1.3849999904632568,1.3249999284744263,1.1130000352859497,1.0440000295639038,0.9869999885559082,0.7720000147819519,0.8950000405311584,1.2760000228881836,1.4620000123977661,1.4579999446868896,1.3249999284744263,1.2309999465942383,0.8370000123977661,0.0,0.0,0.0,0.0,0.0,0.0,0.0,0.0,0.0,0.0,0.0
1.1699999570846558,1.2059999704360962,1.2380000352859497,1.2680000066757202,1.2860000133514404,1.3109999895095825,1.3339998722076416,1.3539999723434448,1.3779999017715454,1.3899999856948853,1.406999945640564,1.4259999990463257,1.441999912261963,1.4509999752044678,1.4480000734329224,1.465000033378601,1.4270000457763672,1.2359999418258667,1.3590000867843628,1.534000039100647,1.5130000114440918,1.5549999475479126,1.5950000286102295,1.5670000314712524,1.5080000162124634,1.4539999961853027,1.4139999151229858,1.2899999618530273,1.1319999694824219,1.2350000143051147,1.1850000619888306,1.0410000085830688,1.003999948501587,1.1440000534057617,1.315000057220459,1.2419999837875366,1.1670000553131104,1.0019999742507935,0.7749999761581421,0.0,0.0,0.0,0.0,0.0,0.0,0.0,0.0,0.0,0.0,0.0
1.24399995803833,1.3160001039505005,1.3140000104904175,1.3310000896453857,1.3590000867843628,1.3860000371932983,1.3940000534057617,1.3940000534057617,1.3959999084472656,1.4010000228881836,1.4160000085830688,1.4380000829696655,1.4560000896453857,1.4470000267028809,1.4300000667572021,1.4560000896453857,1.4789999723434448,1.2829999923706055,1.377000093460083,1.4789999723434448,1.4470000267028809,1.4639999866485596,1.496000051498413,1.5449999570846558,1.496999979019165,1.4499999284744263,1.3980000019073486,1.2760000228881836,1.097000002861023,1.0640000104904175,0.9480000138282776,0.8230000138282776,0.7249999642372131,0.5889999866485596,0.9929999709129333,1.1749999523162842,1.0829999446868896,0.6679999828338623,0.0,0.0,0.0,0.0,0.0,0.0,0.0,0.0,0.0,0.0,0.0,0.0
1.2980000972747803,1.3489999771118164,1.4139999151229858,1.3899999856948853,1.399999976158142,1.4200000762939453,1.4030001163482666,1.374000072479248,1.36899995803833,1.3639999628067017,1.38100004196167,1.4190000295639038,1.4249999523162842,1.4520000219345093,1.4079999923706055,1.4179999828338623,1.5429999828338623,1.5090000629425049,1.369999885559082,1.5109999179840088,1.5130000114440918,1.4270000457763672,1.3959999084472656,1.4170000553131104,1.49399995803833,1.4849998950958252,1.4579999446868896,1.2739999294281006,1.065000057220459,0.9639999866485596,0.9099999666213989,0.7310000061988831,0.8619999885559082,0.7649999856948853,0.777999997138977,0.6330000162124634,0.7800000309944153,0.0,0.0,0.0,0.0,0.0,0.0,0.0,0.0,0.0,0.0,0.0,0.0,0.0
