static/data/wind2.json
{"header": { "parameterNumberName": "eastward_wind", "parameterUnit": "m.s-1", "parameterNumber": 2, "parameterCategory": 2, "nx": 121, "ny": 221, "numberPoints": 26741, "dx": 0.005000000000000071, "dy": 0.005000000000000006, "la1": -31.6, "lo1": 115.3, "la2": -32.7, "lo2": 115.9, "refTime": "2022-11-25 00:00:00" }, "data":
[rows 176 to 197 of 221, columns 0 to 47 of 121]
0.0,0.0,0.0,0.0,0.0,0.0,0.0,0.0,-0.4690000116825104,-0.33799999952316284,-0.21199999749660492,-0.10700000822544098,0.020999999716877937,0.21799999475479126,0.38600000739097595,0.3779999911785126,0.30300000309944153,0.1469999998807907,0.05400000140070915,-0.015000000596046448,-0.05700000002980232,-0.10400000214576721,-0.20899999141693115,-0.32499998807907104,-0.42500001192092896,-0.49300000071525574,-0.6129999756813049,-0.7419999837875366,-0.9269999861717224,-0.9939999580383301,-1.0410000085830688,-1.0720000267028809,-1.0889999866485596,-1.034000039100647,-0.949999988079071,-0.9939999580383301,-1.0379999876022339,-1.0829999446868896,-1.1029999256134033,-1.084999918937683,-1.0490000247955322,-1.0049999952316284,-0.949999988079071,-0.918999969959259,-0.847000002861023,-0.7980000376701355,-0.7269999980926514,-0.5960000157356262
0.0,0.0,0.0,0.0,0.0,0.0,0.0,0.0,-0.4520000219345093,-0.32200002670288086,-0.19300000369548798,-0.14100000262260437,-0.09600000083446503,0.09600000083446503,0.1860000044107437,0.3700000047683716,0.38100001215934753,0.19699999690055847,-0.0009999999310821295,-0.11500000208616257,-0.20899999141693115,-0.29899999499320984,-0.42500001192092896,-0.5029999613761902,-0.5569999814033508,-0.546999990940094,-0.5900000333786011,-0.6830000281333923,-0.8380000591278076,-0.9900000095367432,-1.0490000247955322,-1.1029999256134033,-1.124000072479248,-1.121999979019165,-1.0640000104904175,-1.1119999885559082,-1.1319999694824219,-1.125999927520752,-1.1110000610351562,-1.0870000123977661,-1.055999994277954,-1.0069999694824219,-0.9470000267028809,-0.9200000166893005,-0.8799999952316284,-0.8519999980926514,-0.5839999914169312,-0.6129999756813049
0.0,0.0,0.0,0.0,0.0,0.0,0.0,0.0,-0.4300000071525574,-0.3070000112056732,-0.19600000977516174,-0.12600000202655792,-0.12400000542402267,-0.07600000500679016,0.07400000095367432,0.1379999965429306,0.057999998331069946,-0.15699999034404755,-0.3489999771118164,-0.46399998664855957,-0.5339999794960022,-0.6029999852180481,-0.6340000033378601,-0.597000002861023,-0.5659999847412109,-0.49699997901916504,-0.4780000150203705,-0.5870000123977661,-0.7289999723434448,-0.9049999713897705,-1.0210000276565552,-1.1039999723434448,-1.1579999923706055,-1.149999976158142,-1.1110000610351562,-1.194000005722046,-1.184000015258789,-1.1420000791549683,-1.1110000610351562,-1.0950000286102295,-1.0740000009536743,-1.0369999408721924,-1.0019999742507935,-0.9740000367164612,-0.9470000267028809,-0.9149999618530273,-0.9200000166893005,-0.9509999752044678
0.0,0.0,0.0,0.0,0.0,0.0,0.0,0.0,0.0,-0.30400002002716064,-0.19500000774860382,-0.07899999618530273,-0.023000000044703484,0.017000000923871994,0.028999999165534973,-0.2930000126361847,-0.3869999945163727,-0.43699997663497925,-0.5220000147819519,-0.5950000286102295,-0.5900000333786011,-0.5680000185966492,-0.531000018119812,-0.4919999837875366,-0.48099997639656067,-0.45100000500679016,-0.4129999876022339,-0.4729999899864197,-0.6080000400543213,-0.7760000228881836,-0.9600000381469727,-1.069000005722046,-1.1410000324249268,-1.1480000019073486,-1.1460000276565552,-1.1740000247955322,-1.194000005722046,-1.1829999685287476,-1.1670000553131104,-1.1150000095367432,-1.0959999561309814,-1.1019999980926514,-1.1209999322891235,-1.1230000257492065,-1.0959999561309814,-1.0540000200271606,-1.065999984741211,-1.0499999523162842
0.0,0.0,0.0,0.0,0.0,0.0,0.0,0.0,0.0,-0.30400002002716064,-0.18200001120567322,-0.052000001072883606,0.044999998062849045,0.1080000028014183,0.03100000135600567,-0.19099998474121094,-0.25599998235702515,-0.26899999380111694,-0.335999995470047,-0.45399999618530273,-0.48099997639656067,-0.46799999475479126,-0.4479999840259552,-0.4190000295639038,-0.41200000047683716,-0.4129999876022339,-0.38600000739097595,-0.36899998784065247,-0.5009999871253967,-0.6610000133514404,-0.8450000286102295,-1.0109999179840088,-1.0839999914169312,-1.1460000276565552,-1.1579999923706055,-1.1619999408721924,-1.1959999799728394,-1.2369999885559082,-1.2430000305175781,-1.2109999656677246,-1.1779999732971191,-1.1920000314712524,-1.1610000133514404,-1.1420000791549683,-1.121999979019165,-1.0980000495910645,-1.0469999313354492,-0.9860000014305115
0.0,0.0,0.0,0.0,0.0,0.0,0.0,0.0,0.0,0.0,-0.1469999998807907,-0.01900000125169754,0.08699999749660492,0.1899999976158142,0.2759999930858612,0.09700000286102295,-0.08000000566244125,-0.12799999117851257,-0.1860000044107437,-0.3149999976158142,-0.4300000071525574,-0.4259999990463257,-0.41700002551078796,-0.3840000033378601,-0.3499999940395355,-0.35100001096725464,-0.35999998450279236,-0.35100001096725464,-0.3970000147819519,-0.562000036239624,-0.7429999709129333,-0.9259999990463257,-1.0789999961853027,-1.1330000162124634,-1.1699999570846558,-1.181999921798706,-1.190999984741211,-1.212999939918518,-1.2309999465942383,-1.253000020980835,-1.2120000123977661,-1.159000039100647,-1.1209999322891235,-1.0989999771118164,-1.0779999494552612,-1.0549999475479126,-1.003000020980835,-0.9300000071525574
0.0,0.0,0.0,0.0,0.0,0.0,0.0,0.0,0.0,0.0,-0.10300000011920929,-0.001999999862164259,0.09800000488758087,0.19900000095367432,0.2939999997615814,0.30799999833106995,0.10599999874830246,-0.04399999976158142,-0.10400000214576721,-0.1940000057220459,-0.31700000166893005,-0.3869999945163727,-0.38100001215934753,-0.35500001907348633,-0.3139999806880951,-0.2849999964237213,-0.3070000112056732,-0.33899998664855957,-0.3830000162124634,-0.4819999933242798,-0.6660000085830688,-0.8489999771118164,-1.0019999742507935,-1.1360000371932983,-1.1770000457763672,-1.2030000686645508,-1.2039999961853027,-1.1929999589920044,-1.1979999542236328,-1.2080000638961792,-1.180999994277954,-1.1200000047683716,-1.0770000219345093,-1.0529999732971191,-1.0109999179840088,-0.9880000352859497,-0.9549999833106995,-0.9020000100135803
0.0,0.0,0.0,0.0,0.0,0.0,0.0,0.0,0.0,0.0,0.0,0.010000000707805157,0.10899999737739563,0.19699999690055847,0.29899999499320984,0.4440000057220459,0.2930000126361847,0.07400000095367432,-0.02199999988079071,-0.07699999958276749,-0.1810000091791153,-0.3149999976158142,-0.3440000116825104,-0.3240000009536743,-0.30400002002716064,-0.281000018119812,-0.29999998211860657,-0.3489999771118164,-0.39900001883506775,-0.4610000252723694,-0.5759999752044678,-0.7540000081062317,-0.9240000247955322,-1.065000057220459,-1.1829999685287476,-1.2030000686645508,-1.2089999914169312,-1.1970000267028809,-1.1660000085830688,-1.1420000791549683,-1.125999927520752,-1.0820000171661377,-1.034999966621399,-1.0160000324249268,-0.9939999580383301,-0.9549999833106995,-0.9359999895095825,-0.9319999814033508
0.0,0.0,0.0,0.0,0.0,0.0,0.0,0.0,0.0,0.0,0.0,0.02499999850988388,0.11599999666213989,0.2019999921321869,0.2770000100135803,0.38100001215934753,0.4789999723434448,0.26100000739097595,0.06200000271201134,0.007999999448657036,-0.07899999618530273,-0.24000000953674316,-0.37700000405311584,-0.3799999952316284,-0.37300002574920654,-0.3499999940395355,-0.320000022649765,-0.3460000157356262,-0.39399999380111694,-0.45100000500679016,-0.5230000019073486,-0.6490000486373901,-0.812999963760376,-0.9579999446868896,-1.1060000658035278,-1.2039999961853027,-1.2160000801086426,-1.187999963760376,-1.1579999923706055,-1.1209999322891235,-1.084999918937683,-1.0570000410079956,-1.055999994277954,-1.0540000200271606,-1.0440000295639038,-1.0080000162124634,-0.996999979019165,-0.9880000352859497
0.0,0.0,0.0,0.0,0.0,0.0,0.0,0.0,0.0,0.0,0.0,0.0,0.13899999856948853,0.20600000023841858,0.2409999966621399,0.3240000009536743,0.4610000252723694,0.38600000739097595,0.13600000739097595,-0.0689999982714653,-0.13600000739097595,-0.2239999920129776,-0.3479999899864197,-0.4309999942779541,-0.414000004529953,-0.3929999768733978,-0.3530000150203705,-0.32099997997283936,-0.3720000088214874,-0.43400001525878906,-0.5009999871253967,-0.562999963760376,-0.6790000200271606,-0.8230000138282776,-0.9440000057220459,-1.0609999895095825,-1.1859999895095825,-1.1979999542236328,-1.159999966621399,-1.1139999628067017,-1.090999960899353,-1.0820000171661377,-1.0640000104904175,-1.0369999408721924,-1.027999997138977,-1.031000018119812,-1.0,-0.9639999866485596
0.0,0.0,0.0,0.0,0.0,0.0,0.0,0.0,0.0,0.0,0.0,0.0,0.16100001335144043,0.19300000369548798,0.22699999809265137,0.23100000619888306,0.3330000042915344,0.4039999842643738,0.19999998807907104,-0.06800000369548798,-0.164000004529953,-0.1889999955892563,-0.2549999952316284,-0.36800000071525574,-0.42899999022483826,-0.4089999794960022,-0.3869999945163727,-0.3530000150203705,-0.3330000042915344,-0.39500001072883606,-0.4690000116825104,-0.5230000019073486,-0.562999963760376,-0.6449999809265137,-0.7639999389648438,-0.8669999837875366,-0.9869999885559082,-1.1060000658035278,-1.1850000619888306,-1.1460000276565552,-1.1349999904632568,-1.124000072479248,-1.1010000705718994,-1.0509999990463257,-1.0160000324249268,-1.0140000581741333,-0.9839999675750732,-0.9660000205039978
0.0,0.0,0.0,0.0,0.0,0.0,0.0,0.0,0.0,0.0,0.0,0.0,0.0,0.19500000774860382,0.20099999010562897,0.1899999976158142,0.19999998807907104,0.2879999876022339,0.35999998450279236,0.10400000214576721,-0.125,-0.164000004529953,-0.18200001120567322,-0.27000001072883606,-0.38600000739097595,-0.42899999022483826,-0.4089999794960022,-0.38499999046325684,-0.35999998450279236,-0.33500000834465027,-0.39000001549720764,-0.4449999928474426,-0.48799997568130493,-0.5209999680519104,-0.5710000395774841,-0.6669999361038208,-0.7429999709129333,-0.843999981880188,-0.996999979019165,-1.1790000200271606,-1.1740000247955322,-1.1579999923706055,-1.1440000534057617,-1.1420000791549683,-1.1180000305175781,-1.0889999866485596,-1.0509999990463257,-1.0529999732971191
0.0,0.0,0.0,0.0,0.0,0.0,0.0,0.0,0.0,0.0,0.0,0.0,0.0,0.0,0.17499999701976776,0.16499999165534973,0.1510000079870224,0.18200001120567322,0.27300000190734863,0.2709999978542328,0.03700000047683716,-0.15200001001358032,-0.1679999977350235,-0.17499999701976776,-0.2840000092983246,-0.39399999380111694,-0.414000004529953,-0.3889999985694885,-0.36899998784065247,-0.3330000042915344,-0.3009999990463257,-0.3630000054836273,-0.4039999842643738,-0.42899999022483826,-0.453000009059906,-0.4819999933242798,-0.5710000395774841,-0.625,-0.781999945640564,-1.0049999952316284,-1.0920000076293945,-1.1770000457763672,-1.1619999408721924,-1.1349999904632568,-1.1859999895095825,-1.1619999408721924,-1.1299999952316284,-1.065000057220459
0.0,0.0,0.0,0.0,0.0,0.0,0.0,0.0,0.0,0.0,0.0,0.0,0.0,0.0,0.0,0.15200001001358032,0.13699999451637268,0.11400000005960464,0.15900000929832458,0.2540000081062317,0.1979999989271164,-0.005000000353902578,-0.14100000262260437,-0.13699999451637268,-0.12600000202655792,-0.23499998450279236,-0.35999998450279236,-0.3819999694824219,-0.37599998712539673,-0.3889999985694885,-0.3530000150203705,-0.2980000078678131,-0.33100003004074097,-0.3880000114440918,-0.3720000088214874,-0.39900001883506775,-0.44599997997283936,-0.5329999923706055,-0.6830000281333923,-0.8059999942779541,-0.871999979019165,-0.9790000319480896,-1.0729999542236328,-1.128000020980835,-1.1449999809265137,-1.1619999408721924,-1.1460000276565552,-1.084999918937683
0.0,0.0,0.0,0.0,0.0,0.0,0.0,0.0,0.0,0.0,0.0,0.0,0.0,0.0,0.0,0.1600000113248825,0.14499999582767487,0.10300000011920929,0.05900000035762787,0.14100000262260437,0.2639999985694885,0.19500000774860382,0.017999999225139618,-0.08399999886751175,-0.07899999618530273,-0.09399999678134918,-0.23199999332427979,-0.39399999380111694,-0.41600000858306885,-0.4620000123977661,-0.4350000023841858,-0.40299999713897705,-0.3970000147819519,-0.40199998021125793,-0.37599998712539673,-0.39399999380111694,-0.4789999723434448,-0.5260000228881836,-0.5260000228881836,-0.5999999642372131,-0.687000036239624,-0.7630000114440918,-0.8519999980926514,-0.9490000009536743,-1.0419999361038208,-1.1269999742507935,-1.124000072479248,-1.0889999866485596
0.0,0.0,0.0,0.0,0.0,0.0,0.0,0.0,0.0,0.0,0.0,0.0,0.0,0.0,0.0,0.0,0.15799999237060547,0.12000000476837158,0.07400000095367432,0.03100000135600567,0.15699999034404755,0.30799999833106995,0.1899999976158142,0.0,-0.10599999874830246,-0.10499999672174454,-0.11500000208616257,-0.26100000739097595,-0.4449999928474426,-0.5080000162124634,-0.48399999737739563,-0.5070000290870667,-0.49400001764297485,-0.4749999940395355,-0.45000001788139343,-0.4390000104904175,-0.4989999830722809,-0.5189999938011169,-0.49699997901916504,-0.48099997639656067,-0.5160000324249268,-0.6100000143051147,-0.7120000123977661,-0.7660000324249268,-0.8529999852180481,-0.9430000185966492,-1.0119999647140503,-1.0709999799728394
0.0,0.0,0.0,0.0,0.0,0.0,0.0,0.0,0.0,0.0,0.0,0.0,0.0,0.0,0.0,0.0,0.0,0.14300000667572021,0.10099999606609344,0.05100000277161598,0.020000001415610313,0.15299999713897705,0.3089999854564667,0.1420000046491623,-0.027000000700354576,-0.12099999934434891,-0.11100000143051147,-0.10400000214576721,-0.24399998784065247,-0.3819999694824219,-0.4919999837875366,-0.527999997138977,-0.5490000247955322,-0.5209999680519104,-0.5009999871253967,-0.48900002241134644,-0.5009999871253967,-0.5130000114440918,-0.5160000324249268,-0.5110000371932983,-0.5119999647140503,-0.5329999923706055,-0.6060000061988831,-0.6299999952316284,-0.7020000219345093,-0.7829999923706055,-0.8630000352859497,-0.9259999990463257
0.0,0.0,0.0,0.0,0.0,0.0,0.0,0.0,0.0,0.0,0.0,0.0,0.0,0.0,0.0,0.0,0.0,0.0,0.1290000081062317,0.08500000834465027,0.003000000026077032,-0.003000000026077032,0.14999999105930328,0.3409999907016754,0.18400000035762787,-0.017000000923871994,-0.08500000834465027,-0.001999999862164259,0.00699999975040555,-0.0989999994635582,-0.375,-0.5490000247955322,-0.5600000023841858,-0.5449999570846558,-0.5410000085830688,-0.5270000100135803,-0.5189999938011169,-0.5130000114440918,-0.5160000324249268,-0.5230000019073486,-0.5320000052452087,-0.546999990940094,-0.5550000071525574,-0.5509999990463257,-0.5669999718666077,-0.6449999809265137,-0.7310000061988831,-0.8090000152587891
0.0,0.0,0.0,0.0,0.0,0.0,0.0,0.0,0.0,0.0,0.0,0.0,0.0,0.0,0.0,0.0,0.0,0.0,0.0,0.11300000548362732,0.04399999976158142,-0.030000001192092896,-0.012000000104308128,0.1810000091791153,0.3869999945163727,0.2529999911785126,0.15399999916553497,0.15699999034404755,0.07199999690055847,0.05400000140070915,-0.17800000309944153,-0.35999998450279236,-0.5199999809265137,-0.5400000214576721,-0.5490000247955322,-0.5590000152587891,-0.5460000038146973,-0.5339999794960022,-0.5239999890327454,-0.5230000019073486,-0.531000018119812,-0.5460000038146973,-0.5569999814033508,-0.562999963760376,-0.5770000219345093,-0.590999960899353,-0.6319999694824219,-0.6940000057220459
0.0,0.0,0.0,0.0,0.0,0.0,0.0,0.0,0.0,0.0,0.0,0.0,0.0,0.0,0.0,0.0,0.0,0.0,0.0,0.0,0.09800000488758087,0.028999999165534973,-0.04000000283122063,-0.006000000052154064,0.19699999690055847,0.44200000166893005,0.3970000147819519,0.1720000058412552,-0.11599999666213989,-0.07499999552965164,-0.03400000184774399,-0.08399999886751175,-0.24900001287460327,-0.42500001192092896,-0.5640000104904175,-0.5720000267028809,-0.562999963760376,-0.5550000071525574,-0.5419999957084656,-0.5379999876022339,-0.531000018119812,-0.5350000262260437,-0.5460000038146973,-0.5579999685287476,-0.5730000138282776,-0.5889999866485596,-0.6159999966621399,-0.656000018119812
0.0,0.0,0.0,0.0,0.0,0.0,0.0,0.0,0.0,0.0,0.0,0.0,0.0,0.0,0.0,0.0,0.0,0.0,0.0,0.0,0.16200000047683716,0.09600000083446503,0.04000000283122063,-0.015000000596046448,-0.010000000707805157,0.19900000095367432,0.4269999861717224,0.39800000190734863,0.12999999523162842,-0.1379999965429306,-0.14399999380111694,-0.07000000029802322,-0.035999998450279236,-0.1730000078678131,-0.35600000619888306,-0.5160000324249268,-0.5649999976158142,-0.5590000152587891,-0.5490000247955322,-0.546999990940094,-0.5400000214576721,-0.5389999747276306,-0.5400000214576721,-0.5449999570846558,-0.5579999685287476,-0.5710000395774841,-0.5960000157356262,-0.6179999709129333
0.0,0.0,0.0,0.0,0.0,0.0,0.0,0.0,0.0,0.0,0.0,0.0,0.0,0.0,0.0,0.0,0.0,0.0,0.0,0.0,0.0,0.15200001001358032,0.07899999618530273,0.024000000208616257,-0.023000000044703484,-0.054999999701976776,0.16100001335144043,0.3659999966621399,0.43699997663497925,0.1940000057220459,-0.015000000596046448,-0.12999999523162842,-0.05900000035762787,-0.027000000700354576,-0.09100000560283661,-0.24700000882148743,-0.390999972820282,-0.5160000324249268,-0.5419999957084656,-0.5379999876022339,-0.5370000004768372,-0.5410000085830688,-0.5419999957084656,-0.5419999957084656,-0.5479999780654907,-0.5540000200271606,-0.5759999752044678,-0.5979999899864197
