static/data/wind2.json
{"header": { "parameterNumberName": "eastward_wind", "parameterUnit": "m.s-1", "parameterNumber": 2, "parameterCategory": 2, "nx": 121, "ny": 221, "numberPoints": 26741, "dx": 0.005000000000000071, "dy": 0.005000000000000006, "la1": -31.6, "lo1": 115.3, "la2": -32.7, "lo2": 115.9, "refTime": "2022-11-25 00:00:00" }, "data":
[rows 110 to 131 of 221, columns 48 to 95 of 121]
-0.5680000185966492,-0.6129999756813049,-0.6150000095367432,-0.6539999842643738,-0.6779999732971191,-0.7109999656677246,-0.6319999694824219,-0.3620000183582306,-0.29600000381469727,-0.19200000166893005,-0.24900001287460327,-0.5879999995231628,-0.7209999561309814,-0.7519999742507935,-0.7010000348091125,-0.5049999952316284,-0.5960000157356262,-0.5460000038146973,-0.4740000069141388,-0.6110000014305115,-0.7689999938011169,-1.4100000858306885,-2.047999858856201,-2.9609999656677246,-3.201000213623047,-2.5269999504089355,-2.4079999923706055,-2.8369998931884766,-2.6760001182556152,-1.847000002861023,-0.9470000267028809,-0.4269999861717224,-0.1290000081062317,-0.04399999976158142,0.1420000046491623,0.2759999930858612,0.044999998062849045,-0.2879999876022339,0.005000000353902578,0.03500000014901161,0.032999999821186066,0.07000000029802322,0.07199999690055847,0.07100000232458115,0.06200000271201134,0.03800000250339508,0.0,0.0
-0.6480000019073486,-0.6700000166893005,-0.6440000534057617,-0.6319999694824219,-0.671999990940094,-0.5220000147819519,-0.289000004529953,-0.2789999842643738,-0.2409999966621399,-0.0989999994635582,-0.125,-0.4309999942779541,-0.578000009059906,-0.7429999709129333,-0.7280000448226929,-0.47600001096725464,-0.41499999165534973,-0.39900001883506775,-0.4259999990463257,-0.4960000216960907,-0.6990000009536743,-1.0839999914169312,-1.1100000143051147,-1.7890000343322754,-2.007999897003174,-2.8600001335144043,-2.628000020980835,-1.9159998893737793,-1.9290000200271606,-1.503000020980835,-0.7689999938011169,-0.5569999814033508,-0.1459999978542328,0.05900000035762787,0.035999998450279236,0.03400000184774399,-0.08699999749660492,-0.4129999876022339,-0.06800000369548798,0.11400000005960464,0.16200000047683716,0.12799999117851257,0.07400000095367432,0.19099998474121094,0.08999999612569809,0.07499999552965164,0.0,0.0
-0.6100000143051147,-0.64000004529953,-0.6629999876022339,-0.6060000061988831,-0.5519999861717224,-0.21400001645088196,-0.10899999737739563,-0.0989999994635582,-0.1459999978542328,-0.09700000286102295,-0.1469999998807907,-0.33899998664855957,-0.5370000004768372,-0.7630000114440918,-0.7120000123977661,-0.43400001525878906,-0.3479999899864197,-0.3050000071525574,-0.34299999475479126,-0.37599998712539673,-0.4989999830722809,-0.5509999990463257,-0.531000018119812,-1.003000020980835,-0.6959999799728394,0.0,-0.4259999990463257,-0.7260000109672546,-1.0329999923706055,-0.9070000052452087,-0.7699999809265137,-0.6700000166893005,-0.49699997901916504,-0.35199999809265137,-0.21299999952316284,-0.13699999451637268,-0.1469999998807907,-0.10300000011920929,-0.07100000232458115,-0.2709999978542328,-0.027000000700354576,0.19200000166893005,0.23499998450279236,0.22200000286102295,0.22200000286102295,0.27399998903274536,0.0,0.0
-0.590999960899353,-0.5870000123977661,-0.5999999642372131,-0.6050000190734863,-0.43299999833106995,-0.4309999942779541,-0.3779999911785126,-0.2580000162124634,-0.25599998235702515,-0.1810000091791153,-0.11500000208616257,-0.21400001645088196,-0.4560000002384186,-0.6899999976158142,-0.684999942779541,-0.3050000071525574,-0.1899999976158142,-0.10499999672174454,-0.20899999141693115,-0.25699999928474426,-0.2770000100135803,-0.24800001084804535,-0.2459999918937683,-0.2720000147819519,-0.017999999225139618,0.0,0.0,-0.0820000022649765,-0.414000004529953,-0.49300000071525574,-0.6819999814033508,-0.6959999799728394,-0.6639999747276306,-0.6100000143051147,-0.5370000004768372,-0.4350000023841858,-0.2750000059604645,0.038999997079372406,0.04699999839067459,0.026000000536441803,0.013000000268220901,0.020000001415610313,0.14499999582767487,0.18200001120567322,0.10300000011920929,0.20999999344348907,0.0,0.0
-0.5600000023841858,-0.590999960899353,-0.5900000333786011,-0.5960000157356262,-0.3840000033378601,-0.3700000047683716,-0.3449999988079071,-0.30300000309944153,-0.26899999380111694,-0.18400000035762787,-0.07799999415874481,-0.08900000154972076,-0.375,-0.6330000162124634,-0.6819999814033508,-0.3920000195503235,0.0729999989271164,0.07899999618530273,0.01900000125169754,-0.04600000008940697,-0.026000000536441803,0.0139999995008111,0.05299999937415123,0.11400000005960464,0.07199999690055847,0.0,0.0,0.0,-0.08299999684095383,-0.4280000329017639,-0.30300000309944153,-0.375,-0.4729999899864197,-0.5400000214576721,-0.546999990940094,-0.4919999837875366,-0.2800000011920929,-0.04999999701976776,0.0989999994635582,0.15699999034404755,0.09300000220537186,0.03700000047683716,0.05299999937415123,0.12799999117851257,0.23900000751018524,0.164000004529953,-0.07100000232458115,0.0
-0.6510000228881836,-0.7749999761581421,-0.8519999980926514,-0.812000036239624,-0.715999960899353,-0.6230000257492065,-0.5350000262260437,-0.42899999022483826,-0.3100000023841858,-0.164000004529953,-0.05100000277161598,-0.04600000008940697,-0.4789999723434448,-0.7559999823570251,-0.6549999713897705,-0.33100003004074097,0.10200000554323196,0.11400000005960464,0.0860000029206276,0.060999996960163116,-0.003999999724328518,0.023000000044703484,0.02499999850988388,0.22699999809265137,0.023000000044703484,0.0,0.0,0.0,-0.08299999684095383,-0.23100000619888306,-0.2580000162124634,-0.3499999940395355,-0.36800000071525574,-0.3959999978542328,-0.41600000858306885,-0.4449999928474426,-0.3240000009536743,-0.09399999678134918,0.007999999448657036,0.01900000125169754,-0.09399999678134918,-0.008999999612569809,-0.0430000014603138,-0.09300000220537186,0.06700000166893005,0.10599999874830246,0.013000000268220901,0.0
-1.1410000324249268,-1.059999942779541,-1.0469999313354492,-1.0410000085830688,-1.0770000219345093,-0.9749999642372131,-0.8569999933242798,-0.7139999866485596,-0.5329999923706055,-0.3070000112056732,-0.17100000381469727,-0.09600000083446503,-0.38499999046325684,-0.5979999899864197,-0.41999998688697815,-0.20899999141693115,0.06599999964237213,0.01900000125169754,0.05700000002980232,0.11400000005960464,0.010999999940395355,-0.007999999448657036,-0.0430000014603138,0.10400000214576721,0.12099999934434891,0.0,0.0,0.11800000071525574,-0.09100000560283661,-0.19099998474121094,-0.27000001072883606,-0.3669999837875366,-0.4039999842643738,-0.3920000195503235,-0.3720000088214874,-0.3630000054836273,-0.3400000333786011,-0.15799999237060547,-0.054999999701976776,-0.020999999716877937,-0.08900000154972076,-0.04399999976158142,-0.1119999960064888,-0.052000001072883606,0.04100000113248825,-0.028999999165534973,-0.0729999989271164,0.0
-1.628999948501587,-1.5899999141693115,-1.2170000076293945,-1.0509999990463257,-1.0490000247955322,-1.0059999227523804,-0.9420000314712524,-0.8579999804496765,-0.7609999775886536,-0.531000018119812,-0.06000000238418579,0.17800000309944153,-0.07499999552965164,-0.3449999988079071,-0.4269999861717224,-0.3190000057220459,-0.125,0.0279999990016222,0.07899999618530273,0.12400000542402267,0.041999999433755875,0.03700000047683716,0.1469999998807907,0.044999998062849045,0.3489999771118164,0.0,0.0,0.0,-0.33399999141693115,-0.17800000309944153,-0.35899999737739563,-0.3620000183582306,-0.44699999690055847,-0.44300001859664917,-0.45100000500679016,-0.43400001525878906,-0.2879999876022339,-0.14000000059604645,-0.0820000022649765,0.02199999988079071,-0.041999999433755875,-0.06399999558925629,-0.06599999964237213,0.027000000700354576,0.04000000283122063,-0.1730000078678131,0.23000000417232513,0.04399999976158142
-1.3389999866485596,-1.2690000534057617,-1.312999963760376,-1.1549999713897705,-1.0549999475479126,-1.0109999179840088,-0.9440000057220459,-0.8560000658035278,-0.7590000629425049,-0.36800000071525574,-0.19900000095367432,-0.02199999988079071,-0.032999999821186066,-0.48500001430511475,-0.7549999952316284,-0.49800002574920654,-0.1290000081062317,0.02499999850988388,0.07499999552965164,0.2150000035762787,0.21299999952316284,0.30300000309944153,0.3779999911785126,0.3020000159740448,0.29100000858306885,-0.001999999862164259,0.0,0.0,-0.3190000057220459,-0.16899999976158142,-0.3460000157356262,-0.3449999988079071,-0.43400001525878906,-0.36899998784065247,-0.2840000092983246,-0.28999999165534973,-0.3449999988079071,-0.28999999165534973,-0.1290000081062317,0.04399999976158142,0.06300000101327896,0.04100000113248825,-0.0430000014603138,-0.10899999737739563,-0.10899999737739563,-0.12799999117851257,0.36500000953674316,0.0
-1.1890000104904175,-1.2569999694824219,-1.0789999961853027,-0.9369999766349792,-0.9220000505447388,-0.9220000505447388,-0.875,-0.8030000329017639,-0.7260000109672546,-0.6260000467300415,-0.35199999809265137,-0.1860000044107437,-0.3630000054836273,-0.7720000147819519,-0.8669999837875366,-0.5640000104904175,-0.23499998450279236,0.038999997079372406,0.08799999952316284,0.2590000033378601,0.45399999618530273,0.5329999923706055,0.5339999794960022,0.40800002217292786,0.13300000131130219,0.43699997663497925,0.0,0.0,0.0,-0.1720000058412552,-0.31599998474121094,-0.3819999694824219,-0.335999995470047,-0.36899998784065247,-0.2449999898672104,-0.210999995470047,-0.26499998569488525,-0.33899998664855957,-0.2459999918937683,-0.14499999582767487,0.024000000208616257,-0.1600000113248825,-0.003000000026077032,-0.14100000262260437,-0.07899999618530273,0.05100000277161598,0.1979999989271164,0.0
-1.0750000476837158,-0.9070000052452087,-0.8609999418258667,-0.9070000052452087,-0.8330000042915344,-0.8109999895095825,-0.7749999761581421,-0.715999960899353,-0.6279999613761902,-0.5339999794960022,-0.3830000162124634,-0.24800001084804535,-0.3610000014305115,-0.8090000152587891,-0.9740000367164612,-0.7440000176429749,-0.3109999895095825,-0.03100000135600567,0.10599999874830246,0.35100001096725464,0.64000004529953,0.5509999990463257,0.49300000071525574,0.36400002241134644,0.13300000131130219,0.13099999725818634,0.0,0.0,0.0,0.0689999982714653,-0.1469999998807907,-0.26600000262260437,-0.34700000286102295,-0.3920000195503235,-0.3869999945163727,-0.3929999768733978,-0.39399999380111694,-0.33399999141693115,-0.41499999165534973,-0.3460000157356262,-0.23800000548362732,-0.05900000035762787,-0.14300000667572021,-0.12299999594688416,-0.09700000286102295,-0.017999999225139618,0.04800000041723251,0.0
-0.7620000243186951,-0.8169999718666077,-0.9229999780654907,-0.8990000486373901,-0.8340000510215759,-0.7599999904632568,-0.7319999933242798,-0.6940000057220459,-0.6190000176429749,-0.5239999890327454,-0.40800002217292786,-0.2540000081062317,-0.3400000333786011,-0.7730000019073486,-0.9589999914169312,-0.8020000457763672,-0.3499999940395355,0.04100000113248825,0.26100000739097595,0.4390000104904175,0.5059999823570251,0.562999963760376,0.3540000021457672,0.1889999955892563,0.1510000079870224,0.16499999165534973,0.16499999165534973,0.0,0.0,0.05299999937415123,-0.14499999582767487,-0.24199999868869781,-0.31199997663497925,-0.38100001215934753,-0.453000009059906,-0.4230000078678131,-0.4650000035762787,-0.5199999809265137,-0.4749999940395355,-0.4440000057220459,-0.31300002336502075,-0.24800001084804535,-0.14499999582767487,-0.1290000081062317,-0.12099999934434891,0.035999998450279236,0.057999998331069946,0.0
-0.8640000224113464,-0.8860000371932983,-0.9000000357627869,-0.9220000505447388,-0.9860000014305115,-0.8579999804496765,-0.8009999990463257,-0.7480000257492065,-0.6710000038146973,-0.5649999976158142,-0.4780000150203705,-0.3869999945163727,-0.39800000190734863,-0.6369999647140503,-0.8539999723434448,-0.7509999871253967,-0.2639999985694885,0.19500000774860382,0.36500000953674316,0.289000004529953,0.3319999873638153,0.41499999165534973,0.2770000100135803,0.10700000822544098,0.0,0.04000000283122063,0.003999999724328518,0.0,0.0,0.0,-0.08399999886751175,-0.1119999960064888,-0.2280000001192093,-0.3449999988079071,-0.41600000858306885,-0.5110000371932983,-0.5299999713897705,-0.5379999876022339,-0.5820000171661377,-0.5130000114440918,-0.3840000033378601,-0.22500000894069672,-0.010999999940395355,-0.14100000262260437,0.16899999976158142,0.03800000250339508,0.0,0.0
-0.9570000171661377,-0.9020000100135803,-0.9329999685287476,-0.9939999580383301,-0.9480000138282776,-0.8840000033378601,-0.7859999537467957,-0.7480000257492065,-0.6819999814033508,-0.5830000042915344,-0.44599997997283936,-0.3089999854564667,-0.3229999840259552,-0.5839999914169312,-0.7739999890327454,-0.6290000081062317,-0.23100000619888306,0.13300000131130219,0.23199999332427979,0.16699999570846558,0.17100000381469727,0.26899999380111694,0.17999999225139618,0.08999999612569809,0.10300000011920929,-0.14000000059604645,-0.5230000019073486,0.0,0.0,0.0,-0.005000000353902578,0.10300000011920929,-0.2199999988079071,-0.26100000739097595,-0.43699997663497925,-0.4909999966621399,-0.4729999899864197,-0.5130000114440918,-0.46299999952316284,-0.40199998021125793,-0.30799999833106995,-0.19699999690055847,-0.05400000140070915,0.00699999975040555,0.12299999594688416,0.0,0.0,0.0
-1.0080000162124634,-1.0210000276565552,-0.9670000076293945,-0.9340000152587891,-0.812999963760376,-0.7249999642372131,-0.6539999842643738,-0.6140000224113464,-0.562999963760376,-0.4749999940395355,-0.3610000014305115,-0.23399999737739563,-0.19600000977516174,-0.3240000009536743,-0.5180000066757202,-0.5270000100135803,-0.3889999985694885,-0.08500000834465027,0.12299999594688416,0.0860000029206276,0.06700000166893005,0.13500000536441803,0.2329999953508377,0.3009999990463257,0.2549999952316284,-0.2750000059604645,-0.2019999921321869,0.0,0.0,0.0,0.0,0.0,-0.1459999978542328,-0.3620000183582306,-0.3920000195503235,-0.4780000150203705,-0.4899999797344208,-0.4860000014305115,-0.4620000123977661,-0.375,-0.2639999985694885,-0.2639999985694885,-0.08399999886751175,-0.19300000369548798,0.0,0.0,0.0,0.0
-0.9769999980926514,-0.9629999995231628,-0.9099999666213989,-0.8030000329017639,-0.6549999713897705,-0.5830000042915344,-0.5260000228881836,-0.48500001430511475,-0.4479999840259552,-0.3869999945163727,-0.2930000126361847,-0.164000004529953,-0.04100000113248825,-0.09399999678134918,-0.375,-0.6050000190734863,-0.5590000152587891,-0.28600001335144043,0.010999999940395355,0.06399999558925629,0.07600000500679016,0.19500000774860382,0.34200000762939453,0.3830000162124634,0.3070000112056732,0.2669999897480011,0.06200000271201134,-0.1340000033378601,0.0,0.0,0.0,0.0,-0.04399999976158142,-0.08900000154972076,-0.31199997663497925,-0.3139999806880951,-0.4300000071525574,-0.3790000081062317,-0.3100000023841858,-0.24000000953674316,-0.22100000083446503,-0.34700000286102295,-0.3499999940395355,0.008999999612569809,0.0,0.0,0.0,0.0
-0.746999979019165,-0.7280000448226929,-0.7039999961853027,-0.6610000133514404,-0.6440000534057617,-0.6060000061988831,-0.5350000262260437,-0.4620000123977661,-0.41600000858306885,-0.3779999911785126,-0.29899999499320984,-0.1730000078678131,-0.008999999612569809,-0.01599999889731407,-0.4039999842643738,-0.6949999928474426,-0.6759999990463257,-0.36500000953674316,-0.04399999976158142,0.12400000542402267,0.18799999356269836,0.26499998569488525,0.3020000159740448,0.5139999985694885,0.4870000183582306,0.31199997663497925,0.08399999886751175,-0.02499999850988388,0.0,0.0,0.049000002443790436,0.1420000046491623,0.17899999022483826,0.09300000220537186,-0.012000000104308128,-0.15900000929832458,-0.2239999920129776,-0.22500000894069672,-0.26100000739097595,-0.25,-0.23199999332427979,-0.19600000977516174,-0.03400000184774399,0.015000000596046448,0.0,0.0,0.0,0.0
-0.6140000224113464,-0.6310000419616699,-0.625,-0.6549999713897705,-0.6650000214576721,-0.6470000147819519,-0.5950000286102295,-0.5199999809265137,-0.45899999141693115,-0.41700002551078796,-0.3449999988079071,-0.23900000751018524,-0.10899999737739563,-0.05100000277161598,-0.2849999964237213,-0.5989999771118164,-0.6589999794960022,-0.4259999990463257,-0.0430000014603138,0.2199999988079071,0.20800000429153442,0.23399999737739563,0.3869999945163727,0.46399998664855957,0.4699999690055847,0.28600001335144043,0.08399999886751175,0.0729999989271164,0.0,0.0,0.07400000095367432,0.3089999854564667,0.35500001907348633,0.5049999952316284,0.22500000894069672,-0.06800000369548798,-0.1420000046491623,-0.1770000010728836,-0.203000009059906,-0.1600000113248825,-0.11599999666213989,-0.003000000026077032,-0.003000000026077032,0.11400000005960464,0.0,0.0,0.0,0.0
-0.6819999814033508,-0.6620000600814819,-0.6310000419616699,-0.6480000019073486,-0.6510000228881836,-0.6209999918937683,-0.5839999914169312,-0.5249999761581421,-0.4569999873638153,-0.39900001883506775,-0.3319999873638153,-0.24199999868869781,-0.13600000739097595,-0.0279999990016222,-0.10400000214576721,-0.44699999690055847,-0.5830000042915344,-0.42399999499320984,-0.03700000047683716,0.16499999165534973,0.2329999953508377,0.19099998474121094,0.2529999911785126,0.2370000034570694,0.3540000021457672,0.17499999701976776,0.0430000014603138,0.05400000140070915,0.0,0.0,0.0,0.17800000309944153,0.45399999618530273,-0.2199999988079071,-0.0989999994635582,-0.044999998062849045,-0.07199999690055847,-0.3149999976158142,-0.17899999022483826,-0.11800000071525574,-0.16899999976158142,-0.15399999916553497,-0.18400000035762787,0.2800000011920929,0.0,0.0,0.0,0.0
-0.5329999923706055,-0.6029999852180481,-0.6310000419616699,-0.6129999756813049,-0.5960000157356262,-0.5730000138282776,-0.5429999828338623,-0.4919999837875366,-0.42100000381469727,-0.3579999804496765,-0.3050000071525574,-0.22600001096725464,-0.1340000033378601,-0.023000000044703484,-0.015000000596046448,-0.32099997997283936,-0.4919999837875366,-0.3530000150203705,-0.1730000078678131,0.10899999737739563,0.17599999904632568,0.05299999937415123,0.08999999612569809,0.0689999982714653,0.23900000751018524,0.08500000834465027,-0.20899999141693115,-0.2669999897480011,-0.49300000071525574,-1.6799999475479126,0.0,-1.3179999589920044,-2.4660000801086426,-0.4440000057220459,0.2840000092983246,0.27300000190734863,-0.06000000238418579,-0.1899999976158142,-0.1550000011920929,-0.203000009059906,-0.18299999833106995,-0.21799999475479126,0.003000000026077032,0.07899999618530273,0.0,0.0,0.0,0.0
-0.5839999914169312,-0.6089999675750732,-0.6330000162124634,-0.5730000138282776,-0.5479999780654907,-0.5290000438690186,-0.5130000114440918,-0.4659999907016754,-0.3970000147819519,-0.32999998331069946,-0.2879999876022339,-0.22500000894069672,-0.14000000059604645,-0.023000000044703484,0.04000000283122063,-0.11699999868869781,-0.30300000309944153,-0.3790000081062317,-0.3669999837875366,-0.14900000393390656,0.03500000014901161,-0.06700000166893005,-0.19600000977516174,-0.060999996960163116,0.15299999713897705,0.3409999907016754,0.035999998450279236,-0.6230000257492065,-0.906000018119812,-0.5119999647140503,-1.8760000467300415,-2.312000036239624,-0.4410000145435333,-0.48500001430511475,0.16300000250339508,-0.03700000047683716,-0.001999999862164259,-0.07699999958276749,-0.13699999451637268,-0.12199999392032623,-0.28299999237060547,-0.2619999945163727,0.11500000208616257,0.026000000536441803,0.0,0.0,0.0,0.0
-0.6260000467300415,-0.5540000200271606,-0.4899999797344208,-0.49400001764297485,-0.5160000324249268,-0.5119999647140503,-0.48399999737739563,-0.4190000295639038,-0.35999998450279236,-0.29500001668930054,-0.2529999911785126,-0.20099999010562897,-0.09399999678134918,0.030000001192092896,0.12299999594688416,0.04699999839067459,-0.30300000309944153,-0.421999990940094,-0.4560000002384186,-0.36400002241134644,-0.15599998831748962,-0.17499999701976776,-0.26600000262260437,-0.24000000953674316,0.020999999716877937,0.18200001120567322,0.19099998474121094,0.21799999475479126,-0.5479999780654907,-1.156000018119812,-0.3659999966621399,0.2540000081062317,-0.22100000083446503,0.04000000283122063,0.16899999976158142,0.1340000033378601,0.005000000353902578,0.0949999988079071,0.03400000184774399,-0.20999999344348907,-0.28600001335144043,-0.15699999034404755,0.038999997079372406,0.0,0.0,0.0,0.0,0.0
