static/data/wind.json
{"header": { "parameterNumberName":"northward_wind", "parameterUnit":"m.s-1", "parameterNumber":3, "parameterCategory":2, "nx":161, "ny":261, "numberPoints":42021, "dx":0.004999999999999982, "dy":0.004999999999999989, "la1":-31.5, "lo1":115.2, "la2":-32.8, "lo2":116.0 }, "data":
[rows 168 to 191 of 261, columns 0 to 53 of 161]
0.0,0.0,0.0,0.0,0.0,0.0,0.0,0.0,0.0,0.0,0.0,0.0,0.0,0.0,0.0,0.0,0.0,0.0,0.0,0.0,0.0,0.0,0.0,0.0,0.0,-0.3630000054836273,-0.6889999508857727,-1.8830000162124634,-2.1110000610351562,-1.8240000009536743,-0.8730000257492065,-0.2759999930858612,-0.6299999952316284,-0.5669999718666077,-0.19699999690055847,-0.210999995470047,-0.12400000542402267,0.19600000977516174,0.3089999854564667,0.37599998712539673,0.4749999940395355,0.6389999985694885,0.859000027179718,1.1420000791549683,1.343999981880188,1.4499999284744263,1.3339998722076416,1.3989999294281006,1.5189999341964722,1.6320000886917114,1.680999994277954,1.7299998998641968,1.7990000247955322,1.9359999895095825
0.0,0.0,0.0,0.0,0.0,0.0,0.0,0.0,0.0,0.0,0.0,0.0,0.0,0.0,0.0,0.0,0.0,0.0,0.0,0.0,0.0,0.0,0.0,0.0,0.0,-0.09999999403953552,-0.6369999647140503,-1.6230000257492065,-1.7659999132156372,-1.4759999513626099,-0.6200000047683716,-0.06000000238418579,-0.3830000162124634,-0.3100000023841858,-0.06700000166893005,-0.08100000023841858,0.012000000104308128,0.31199997663497925,0.41700002551078796,0.47600001096725464,0.5720000267028809,0.7339999675750732,0.9449999928474426,1.2160000801086426,1.38100004196167,1.4550000429153442,1.3910000324249268,1.465999960899353,1.5809999704360962,1.6979999542236328,1.7569999694824219,1.815999984741211,1.8930000066757202,2.0399999618530273
0.0,0.0,0.0,0.0,0.0,0.0,0.0,0.0,0.0,0.0,0.0,0.0,0.0,0.0,0.0,0.0,0.0,0.0,0.0,0.0,0.0,0.0,0.0,0.0,0.0,0.16100001335144043,-0.4490000009536743,-1.3480000495910645,-1.4530000686645508,-1.1859999895095825,-0.33899998664855957,0.02199999988079071,-0.2630000114440918,-0.20800000429153442,0.020000001415610313,0.03199999779462814,0.09300000220537186,0.38100001215934753,0.48099997639656067,0.5839999914169312,0.6830000281333923,0.8700000047683716,1.0870000123977661,1.2860000133514404,1.409000039100647,1.4800000190734863,1.4589999914169312,1.553999900817871,1.6670000553131104,1.784999966621399,1.850000023841858,1.8910000324249268,1.9200000762939453,2.000999927520752
0.0,0.0,0.0,0.0,0.0,0.0,0.0,0.0,0.0,0.0,0.0,0.0,0.0,0.0,0.0,0.0,0.0,0.0,0.0,0.0,0.0,0.0,0.0,0.0,0.0,0.42100000381469727,-0.30300000309944153,-1.0779999494552612,-1.1510000228881836,-0.9020000100135803,-0.289000004529953,0.07499999552965164,-0.13600000739097595,-0.07000000029802322,0.15699999034404755,0.2459999918937683,0.30799999833106995,0.4010000228881836,0.5590000152587891,0.7069999575614929,0.8020000457763672,0.9579999446868896,1.1360000371932983,1.2989999055862427,1.4279999732971191,1.4929999113082886,1.5729999542236328,1.6649999618530273,1.7419999837875366,1.815999984741211,1.8359999656677246,1.8589999675750732,1.8930000066757202,1.99399995803833
0.0,0.0,0.0,0.0,0.0,0.0,0.0,0.0,0.0,0.0,0.0,0.0,0.0,0.0,0.0,0.0,0.0,0.0,0.0,0.0,0.0,0.0,0.0,0.0,0.0,0.6449999809265137,-0.060999996960163116,-0.7989999651908875,-0.8980000019073486,-0.6889999508857727,-0.11599999666213989,0.06399999558925629,-0.11800000071525574,0.005000000353902578,0.30300000309944153,0.31599998474121094,0.45399999618530273,0.5740000009536743,0.7209999561309814,0.7450000047683716,0.8030000329017639,0.9319999814033508,1.0989999771118164,1.3799999952316284,1.5119999647140503,1.5920000076293945,1.6540000438690186,1.6689999103546143,1.7149999141693115,1.781000018119812,1.812999963760376,1.8589999675750732,1.9179999828338623,2.0250000953674316
0.0,0.0,0.0,0.0,0.0,0.0,0.0,0.0,0.0,0.0,0.0,0.0,0.0,0.0,0.0,0.0,0.0,0.0,0.0,0.0,0.0,0.0,0.0,0.0,0.0,0.7890000343322754,0.1119999960064888,-0.5540000200271606,-0.6510000228881836,-0.4870000183582306,-0.13899999856948853,0.052000001072883606,-0.09200000017881393,0.15399999916553497,0.6069999933242798,0.37700000405311584,0.414000004529953,0.7410000562667847,0.7569999694824219,0.7410000562667847,0.8039999604225159,0.9399999380111694,1.13100004196167,1.4290000200271606,1.6009999513626099,1.6850000619888306,1.6299999952316284,1.6540000438690186,1.7209999561309814,1.8040000200271606,1.8389999866485596,1.8809999227523804,1.9529999494552612,2.0759999752044678
0.0,0.0,0.0,0.0,0.0,0.0,0.0,0.0,0.0,0.0,0.0,0.0,0.0,0.0,0.0,0.0,0.0,0.0,0.0,0.0,0.0,0.0,0.0,0.0,0.0,0.8250000476837158,0.2459999918937683,-0.39000001549720764,-0.5059999823570251,-0.406000018119812,-0.09600000083446503,-0.027000000700354576,-0.14399999380111694,0.14000000059604645,0.5519999861717224,0.35500001907348633,0.4309999942779541,0.753000020980835,0.7739999890327454,0.784000039100647,0.8429999351501465,0.9740000367164612,1.159000039100647,1.4639999866485596,1.6390000581741333,1.7209999561309814,1.6729999780654907,1.7009999752044678,1.7630000114440918,1.843000054359436,1.8840000629425049,1.9329999685287476,2.002000093460083,2.126999855041504
0.0,0.0,0.0,0.0,0.0,0.0,0.0,0.0,0.0,0.0,0.0,0.0,0.0,0.0,0.0,0.0,0.0,0.0,0.0,0.0,0.0,0.0,0.0,0.0,0.0,0.6230000257492065,0.15699999034404755,-0.3109999895095825,-0.42399999499320984,-0.34200000762939453,-0.1720000058412552,-0.08799999952316284,-0.18200001120567322,0.07400000095367432,0.4780000150203705,0.38600000739097595,0.4650000035762787,0.7739999890327454,0.8240000009536743,0.8380000591278076,0.8990000486373901,1.0440000295639038,1.2369999885559082,1.5170000791549683,1.6779999732971191,1.7640000581741333,1.7269999980926514,1.7620000839233398,1.8229999542236328,1.9010000228881836,1.941999912261963,1.9850001335144043,2.049999952316284,2.1710000038146973
0.0,0.0,0.0,0.0,0.0,0.0,0.0,0.0,0.0,0.0,0.0,0.0,0.0,0.0,0.0,0.0,0.0,0.0,0.0,0.0,0.0,0.0,0.0,0.0,0.0,0.3840000033378601,0.044999998062849045,-0.35600000619888306,-0.4179999828338623,-0.3720000088214874,-0.2409999966621399,-0.19999998807907104,-0.19999998807907104,0.052000001072883606,0.3830000162124634,0.3319999873638153,0.4690000116825104,0.7630000114440918,0.8299999833106995,0.9049999713897705,0.9709999561309814,1.1139999628067017,1.3050000667572021,1.5579999685287476,1.7120001316070557,1.7990000247955322,1.790000081062317,1.8279999494552612,1.8840000629425049,1.9509999752044678,1.99399995803833,2.0350000858306885,2.0980000495910645,2.2170000076293945
0.0,0.0,0.0,0.0,0.0,0.0,0.0,0.0,0.0,0.0,0.0,0.0,0.0,0.0,0.0,0.0,0.0,0.0,0.0,0.0,0.0,0.0,0.0,0.0,0.0,0.06000000238418579,-0.18299999833106995,-0.44200000166893005,-0.5,-0.41099998354911804,-0.3799999952316284,-0.32999998331069946,-0.27000001072883606,-0.027000000700354576,0.29500001668930054,0.3319999873638153,0.48000001907348633,0.7599999904632568,0.8789999485015869,0.9700000286102295,1.0399999618530273,1.1770000457763672,1.3639999628067017,1.6009999513626099,1.753000020980835,1.8369998931884766,1.8389999866485596,1.8690000772476196,1.9169999361038208,1.9900000095367432,2.0379998683929443,2.0839998722076416,2.1480000019073486,2.26200008392334
0.0,0.0,0.0,0.0,0.0,0.0,0.0,0.0,0.0,0.0,0.0,0.0,0.0,0.0,0.0,0.0,0.0,0.0,0.0,0.0,0.0,0.0,0.0,0.0,0.0,-0.2070000022649765,-0.390999972820282,-0.5979999899864197,-0.5759999752044678,-0.4819999933242798,-0.4870000183582306,-0.4729999899864197,-0.28299999237060547,-0.04800000041723251,0.2199999988079071,0.2980000078678131,0.48099997639656067,0.7549999952316284,0.8919999599456787,1.0080000162124634,1.1029999256134033,1.2450000047683716,1.4200000762939453,1.6490000486373901,1.7829999923706055,1.8669999837875366,1.8899999856948853,1.9190000295639038,1.9539999961853027,2.0320000648498535,2.0859999656677246,2.128999948501587,2.1740000247955322,2.257999897003174
0.0,0.0,0.0,0.0,0.0,0.0,0.0,0.0,0.0,0.0,0.0,0.0,0.0,0.0,0.0,0.0,0.0,0.0,0.0,0.0,0.0,0.0,0.0,0.0,0.0,-0.3540000021457672,-0.527999997138977,-0.7129999995231628,-0.6949999928474426,-0.5429999828338623,-0.6169999837875366,-0.6019999980926514,-0.35899999737739563,-0.09999999403953552,0.1550000011920929,0.28999999165534973,0.48799997568130493,0.7599999904632568,0.9210000038146973,1.0479999780654907,1.152999997138977,1.2999999523162842,1.4789999723434448,1.680999994277954,1.8179999589920044,1.8870000839233398,1.9200000762939453,1.965000033378601,1.996999979019165,2.065999984741211,2.1029999256134033,2.128000020980835,2.177000045776367,2.250999927520752
0.0,0.0,0.0,0.0,0.0,0.0,0.0,0.0,0.0,0.0,0.0,0.0,0.0,0.0,0.0,0.0,0.0,0.0,0.0,0.0,0.0,0.0,0.0,0.0,0.0,-0.48900002241134644,-0.6069999933242798,-0.7789999842643738,-0.7440000176429749,-0.5680000185966492,-0.6549999713897705,-0.684999942779541,-0.35100001096725464,-0.09700000286102295,0.11500000208616257,0.2879999876022339,0.5119999647140503,0.7710000276565552,0.9459999799728394,1.084999918937683,1.1959999799728394,1.3310000896453857,1.496999979019165,1.690999984741211,1.8350000381469727,1.9019999504089355,1.9630000591278076,1.994999885559082,2.003999948501587,2.062000036239624,2.1029999256134033,2.123000144958496,2.169999837875366,2.236999988555908
0.0,0.0,0.0,0.0,0.0,0.0,0.0,0.0,0.0,0.0,0.0,0.0,0.0,0.0,0.0,0.0,0.0,0.0,0.0,0.0,0.0,0.0,0.0,0.0,0.0,-0.6029999852180481,-0.6779999732971191,-0.7490000128746033,-0.7269999980926514,-0.5509999990463257,-0.6610000133514404,-0.7300000190734863,-0.3779999911785126,-0.09200000017881393,0.12299999594688416,0.3330000042915344,0.546999990940094,0.7999999523162842,0.9850000143051147,1.1139999628067017,1.2160000801086426,1.3450000286102295,1.500999927520752,1.7020000219345093,1.8589999675750732,1.9329999685287476,1.9840000867843628,2.0139999389648438,2.006999969482422,2.052000045776367,2.0939998626708984,2.111999988555908,2.1579999923706055,2.2149999141693115
0.0,0.0,0.0,0.0,0.0,0.0,0.0,0.0,0.0,0.0,0.0,0.0,0.0,0.0,0.0,0.0,0.0,0.0,0.0,0.0,0.0,0.0,0.0,0.0,0.0,-0.7010000348091125,-0.6940000057220459,-0.7350000143051147,-0.6419999599456787,-0.4410000145435333,-0.550000011920929,-0.684999942779541,-0.35100001096725464,-0.060999996960163116,0.1889999955892563,0.3970000147819519,0.6089999675750732,0.8399999737739563,1.0180000066757202,1.1389999389648438,1.2409999370574951,1.369999885559082,1.5329999923706055,1.722999930381775,1.8529999256134033,1.968999981880188,2.0239999294281006,2.0309998989105225,2.0119998455047607,2.0440001487731934,2.0829999446868896,2.0999999046325684,2.1389999389648438,2.191999912261963
0.0,0.0,0.0,0.0,0.0,0.0,0.0,0.0,0.0,0.0,0.0,0.0,0.0,0.0,0.0,0.0,0.0,0.0,0.0,0.0,0.0,0.0,0.0,0.0,0.0,-0.7609999775886536,-0.7100000381469727,-0.6349999904632568,-0.5519999861717224,-0.3050000071525574,-0.39800000190734863,-0.5999999642372131,-0.26899999380111694,0.023000000044703484,0.2720000147819519,0.4870000183582306,0.6759999990463257,0.8579999804496765,1.034000039100647,1.1640000343322754,1.2690000534057617,1.3899999856948853,1.5549999475479126,1.7030000686645508,1.8510000705718994,1.9739999771118164,2.0360000133514404,2.052999973297119,2.0280001163482666,2.0399999618530273,2.0820000171661377,2.0900001525878906,2.11299991607666,2.1529998779296875
0.0,0.0,0.0,0.0,0.0,0.0,0.0,0.0,0.0,0.0,0.0,0.0,0.0,0.0,0.0,0.0,0.0,0.0,0.0,0.0,0.0,0.0,0.0,0.0,0.0,-0.8020000457763672,-0.6979999542236328,-0.6169999837875366,-0.39000001549720764,-0.0820000022649765,-0.14999999105930328,-0.4399999976158142,-0.125,0.17499999701976776,0.3830000162124634,0.5740000009536743,0.7639999389648438,0.9110000133514404,1.0549999475479126,1.190000057220459,1.281999945640564,1.3730000257492065,1.5189999341964722,1.6699999570846558,1.8320000171661377,1.9550000429153442,2.0339999198913574,2.0739998817443848,2.0490000247955322,2.049999952316284,2.0799999237060547,2.0759999752044678,2.0880000591278076,2.1089999675750732
0.0,0.0,0.0,0.0,0.0,0.0,0.0,0.0,0.0,0.0,0.0,0.0,0.0,0.0,0.0,0.0,0.0,0.0,0.0,0.0,0.0,0.0,0.0,0.0,0.0,0.0,-0.640999972820282,-0.5070000290870667,-0.2770000100135803,0.06599999964237213,0.03100000135600567,-0.25999999046325684,0.05700000002980232,0.28700000047683716,0.47699999809265137,0.656000018119812,0.7879999876022339,0.925000011920929,1.0609999895095825,1.184000015258789,1.2699999809265137,1.3450000286102295,1.49399995803833,1.6500000953674316,1.8050000667572021,1.934000015258789,2.0329999923706055,2.0839998722076416,2.05400013923645,2.0309998989105225,2.072000026702881,2.069999933242798,2.055000066757202,2.05400013923645
0.0,0.0,0.0,0.0,0.0,0.0,0.0,0.0,0.0,0.0,0.0,0.0,0.0,0.0,0.0,0.0,0.0,0.0,0.0,0.0,0.0,0.0,0.0,0.0,0.0,0.0,-0.574999988079071,-0.3999999761581421,-0.1889999955892563,0.1679999977350235,0.20400001108646393,-0.07499999552965164,0.16300000250339508,0.3959999978542328,0.5370000004768372,0.6620000600814819,0.7960000038146973,0.9300000071525574,1.059999942779541,1.1729999780654907,1.2710000276565552,1.3459999561309814,1.4810000658035278,1.6329998970031738,1.7739999294281006,1.906999945640564,2.0260000228881836,2.0789999961853027,2.055999994277954,2.0,2.0490000247955322,2.058000087738037,2.0350000858306885,1.9930000305175781
0.0,0.0,0.0,0.0,0.0,0.0,0.0,0.0,0.0,0.0,0.0,0.0,0.0,0.0,0.0,0.0,0.0,0.0,0.0,0.0,0.0,0.0,0.0,0.0,0.0,0.0,-0.48900002241134644,-0.3190000057220459,-0.1340000033378601,0.22299998998641968,0.37300002574920654,0.13500000536441803,0.21799999475479126,0.414000004529953,0.5400000214576721,0.6620000600814819,0.7879999876022339,0.9179999828338623,1.0450000762939453,1.1640000343322754,1.2739999294281006,1.3510000705718994,1.4910000562667847,1.6519999504089355,1.7839999198913574,1.8889999389648438,2.0190000534057617,2.072000026702881,2.05400013923645,1.9830000400543213,2.0209999084472656,2.0390000343322754,1.9660000801086426,1.8940000534057617
0.0,0.0,0.0,0.0,0.0,0.0,0.0,0.0,0.0,0.0,0.0,0.0,0.0,0.0,0.0,0.0,0.0,0.0,0.0,0.0,0.0,0.0,0.0,0.0,0.0,0.0,-0.4359999895095825,-0.30400002002716064,-0.1119999960064888,0.23399999737739563,0.4659999907016754,0.23900000751018524,0.20600000023841858,0.40199998021125793,0.5339999794960022,0.6459999680519104,0.7749999761581421,0.9149999618530273,1.0440000295639038,1.159999966621399,1.2960000038146973,1.3919999599456787,1.5199999809265137,1.685999870300293,1.7790000438690186,1.875,1.9879999160766602,2.0139999389648438,2.0239999294281006,1.9620000123977661,1.930999994277954,1.9570000171661377,1.8889999389648438,1.843000054359436
0.0,0.0,0.0,0.0,0.0,0.0,0.0,0.0,0.0,0.0,0.0,0.0,0.0,0.0,0.0,0.0,0.0,0.0,0.0,0.0,0.0,0.0,0.0,0.0,0.0,0.0,-0.4449999928474426,-0.35199999809265137,-0.1080000028014183,0.21700000762939453,0.5260000228881836,0.29999998211860657,0.19600000977516174,0.37700000405311584,0.5170000195503235,0.6290000081062317,0.796999990940094,0.9549999833106995,1.0509999990463257,1.1629999876022339,1.3209999799728394,1.4259999990463257,1.5530000925064087,1.7339999675750732,1.812999963760376,1.8739999532699585,1.8949999809265137,1.9190000295639038,1.9390000104904175,1.9140000343322754,1.877000093460083,1.8889999389648438,1.8799998760223389,1.8510000705718994
0.0,0.0,0.0,0.0,0.0,0.0,0.0,0.0,0.0,0.0,0.0,0.0,0.0,0.0,0.0,0.0,0.0,0.0,0.0,0.0,0.0,0.0,0.0,0.0,0.0,0.0,-0.45399999618530273,-0.3999999761581421,-0.164000004529953,0.1459999978542328,0.4789999723434448,0.3400000333786011,0.15799999237060547,0.34299999475479126,0.49800002574920654,0.6069999933242798,0.7649999856948853,1.0010000467300415,1.0880000591278076,1.1699999570846558,1.3339998722076416,1.465999960899353,1.5729999542236328,1.7690000534057617,1.7739999294281006,1.5859999656677246,1.5989999771118164,1.8369998931884766,1.8489999771118164,1.9089999198913574,1.8889999389648438,1.8830000162124634,1.9019999504089355,1.7380000352859497
0.0,0.0,0.0,0.0,0.0,0.0,0.0,0.0,0.0,0.0,0.0,0.0,0.0,0.0,0.0,0.0,0.0,0.0,0.0,0.0,0.0,0.0,0.0,0.0,0.0,0.0,-0.4610000252723694,-0.5009999871253967,-0.24300000071525574,0.05299999937415123,0.39900001883506775,0.3840000033378601,0.15699999034404755,0.2720000147819519,0.4230000078678131,0.5950000286102295,0.9110000133514404,1.0429999828338623,1.1339999437332153,1.1689999103546143,1.3539999723434448,1.4779999256134033,1.5209999084472656,1.5920000076293945,1.6699999570846558,1.562999963760376,1.6159999370574951,1.7489999532699585,1.8680000305175781,1.9809999465942383,1.9220000505447388,1.8790000677108765,1.7640000581741333,1.565999984741211
