static/data/wind4.json
{"header": { "parameterNumberName": "northward_wind", "parameterUnit": "m.s-1", "parameterNumber": 3, "parameterCategory": 2, "nx": 121, "ny": 221, "numberPoints": 26741, "dx": 0.005000000000000071, "dy": 0.005000000000000006, "la1": -31.6, "lo1": 115.3, "la2": -32.7, "lo2": 115.9, "refTime": "2022-11-25 04:00:00" }, "data":
[rows 84 to 104 of 221, columns 0 to 48 of 121]
0.0,0.0,0.0,0.0,0.0,0.0,0.0,0.0,-2.8610000610351562,-2.878999948501587,-2.822999954223633,-2.88100004196167,-2.7939999103546143,-2.5789999961853027,-2.433000087738037,-2.24399995803833,-1.965000033378601,-1.7610000371932983,-1.6649999618530273,-1.8619999885559082,-2.702000141143799,-3.624000072479248,-3.1459999084472656,-3.7310001850128174,-3.7200000286102295,-3.928999900817871,-4.569999694824219,-5.375,-6.029999732971191,-5.928000450134277,-5.511999607086182,0.0,0.0,0.0,0.0,-0.5,-0.17999999225139618,0.12000000476837158,0.20600000023841858,-0.03199999779462814,-0.3290000259876251,0.04600000008940697,0.7699999809265137,1.7319999933242798,1.3279999494552612,0.0,0.0,0.34700000286102295,0.1550000011920929
0.0,0.0,0.0,0.0,0.0,0.0,0.0,0.0,-2.9840002059936523,-2.9179999828338623,-2.867000102996826,-2.9139997959136963,-2.80400013923645,-2.555999994277954,-2.3910000324249268,-2.197999954223633,-1.9149999618530273,-1.715999960899353,-1.6100000143051147,-1.7929999828338623,-2.734999895095825,-3.2060000896453857,-3.0149998664855957,-3.5229997634887695,-3.48799991607666,-3.943000078201294,-4.624000072479248,-5.181999683380127,-6.261000156402588,-5.638999938964844,-4.492000102996826,0.0,0.0,-1.0729999542236328,-1.1859999895095825,-0.7240000367164612,-0.23000000417232513,0.08699999749660492,0.18200001120567322,0.18400000035762787,0.032999999821186066,0.31300002336502075,0.9629999995231628,1.8550000190734863,3.0480000972747803,2.0299999713897705,0.12600000202655792,0.21899999678134918,-0.4440000057220459
0.0,0.0,0.0,0.0,0.0,0.0,0.0,0.0,-3.05400013923645,-2.9579999446868896,-2.8889999389648438,-2.937999963760376,-2.7919998168945312,-2.5220000743865967,-2.3600001335144043,-2.1559998989105225,-1.875,-1.678999900817871,-1.5820000171661377,-1.7299998998641968,-2.4779999256134033,-3.184000015258789,-3.0169999599456787,-3.055000066757202,-3.190999984741211,-3.9210000038146973,-4.395999908447266,-4.947000026702881,-5.522000312805176,-4.7820000648498535,-3.253000020980835,-3.8969998359680176,-1.152999997138977,-0.8030000329017639,-0.8330000042915344,-0.42500001192092896,-0.0860000029206276,0.19699999690055847,0.28999999165534973,0.3139999806880951,0.33399999141693115,0.5730000138282776,0.9810000061988831,1.684000015258789,1.7720000743865967,1.065999984741211,-0.18799999356269836,0.006000000052154064,-0.7100000381469727
0.0,0.0,0.0,0.0,0.0,0.0,0.0,0.0,-3.0950000286102295,-2.9739999771118164,-2.9079999923706055,-2.942999839782715,-2.7790000438690186,-2.493000030517578,-2.3309998512268066,-2.123000144958496,-1.8359999656677246,-1.6329998970031738,-1.5240000486373901,-1.6359999179840088,-2.3569998741149902,-3.178999900817871,-3.0239999294281006,-2.8349997997283936,-2.930999994277954,-3.6399998664855957,-4.078000068664551,-4.461999893188477,-4.97599983215332,-4.558000087738037,-3.368000030517578,-2.703000068664551,-0.6710000038146973,-0.4610000252723694,-0.5320000052452087,-0.32499998807907104,0.09999999403953552,0.3290000259876251,0.4269999861717224,0.4650000035762787,0.5809999704360962,0.784000039100647,1.1410000324249268,1.4170000553131104,1.4579999446868896,0.4580000042915344,-0.27300000190734863,-0.2449999898672104,-0.781000018119812
0.0,0.0,0.0,0.0,0.0,0.0,0.0,0.0,-3.129999876022339,-3.003000020980835,-2.9130001068115234,-2.942999839782715,-2.755999803543091,-2.4679999351501465,-2.306999921798706,-2.0889999866485596,-1.7939999103546143,-1.5870000123977661,-1.4839999675750732,-1.6119999885559082,-2.128999948501587,-2.9809999465942383,-2.9699997901916504,-2.7990002632141113,-2.5909998416900635,-3.1500000953674316,-3.5960001945495605,-3.9109997749328613,-4.460999965667725,-4.503000259399414,-3.431000232696533,-2.4619998931884766,-0.4870000183582306,-0.9399999380111694,-0.35500001907348633,-0.11300000548362732,0.3449999988079071,0.5530000329017639,0.656000018119812,0.7139999866485596,0.8230000138282776,0.9240000247955322,0.9600000381469727,1.287000060081482,1.156000018119812,0.07400000095367432,-0.5649999976158142,-0.2290000021457672,-0.24199999868869781
0.0,0.0,0.0,0.0,0.0,0.0,0.0,0.0,-3.1630001068115234,-3.006999969482422,-2.9210000038146973,-2.944000005722046,-2.748000144958496,-2.444000005722046,-2.2849998474121094,-2.064000129699707,-1.7960000038146973,-1.6740000247955322,-1.6100000143051147,-1.656000018119812,-2.055000066757202,-2.811000108718872,-2.8480000495910645,-2.763000011444092,-2.684000015258789,-2.6480002403259277,-3.127999782562256,-3.573000192642212,-4.0,-4.046000003814697,-3.052999973297119,-2.121000051498413,-1.24399995803833,-1.0440000295639038,-0.38499999046325684,0.13199999928474426,0.5180000066757202,0.6740000247955322,0.7680000066757202,0.8149999976158142,0.8730000257492065,0.9929999709129333,1.0679999589920044,1.2369999885559082,0.6930000185966492,-0.33100003004074097,-0.847000002861023,-0.5680000185966492,-0.24700000882148743
0.0,0.0,0.0,0.0,0.0,0.0,0.0,0.0,-3.197999954223633,-3.0279998779296875,-2.9130001068115234,-2.940999984741211,-2.7279999256134033,-2.427999973297119,-2.305999994277954,-2.121999979019165,-1.8619999885559082,-1.75600004196167,-1.6410000324249268,-1.5080000162124634,-2.1670000553131104,-2.697000026702881,-2.7820000648498535,-2.927999973297119,-2.992000102996826,-2.6100001335144043,-2.74399995803833,-3.3959999084472656,-3.559000015258789,-3.3439998626708984,-2.992999792098999,-2.2910001277923584,-1.7659999132156372,-1.1209999322891235,-0.46700000762939453,0.052000001072883606,0.4520000219345093,0.6510000228881836,0.8050000071525574,0.8519999980926514,0.9359999895095825,0.9929999709129333,1.1380000114440918,1.0679999589920044,-0.03700000047683716,-0.6790000200271606,-1.0379999876022339,-0.968999981880188,-0.5360000133514404
0.0,0.0,0.0,0.0,0.0,0.0,0.0,0.0,-3.2269999980926514,-3.013000011444092,-2.9019999504089355,-2.927999973297119,-2.7340002059936523,-2.447999954223633,-2.3510000705718994,-2.183000087738037,-1.9410001039505005,-1.934999942779541,-1.812999963760376,-1.5889999866485596,-2.1760001182556152,-2.638000011444092,-2.7849998474121094,-2.881999969482422,-2.8600001335144043,-2.750999927520752,-2.7730000019073486,-2.9690001010894775,-3.0299999713897705,-2.802000045776367,-2.5,-2.2179999351501465,-2.171999931335449,-1.3680000305175781,-0.7280000448226929,-0.210999995470047,0.16899999976158142,0.4899999797344208,0.7209999561309814,0.8889999985694885,0.9979999661445618,1.0410000085830688,1.1469999551773071,0.21899999678134918,-0.5080000162124634,-0.6539999842643738,-1.0789999961853027,-1.0499999523162842,-0.781999945640564
0.0,0.0,0.0,0.0,0.0,0.0,0.0,-3.113999843597412,-3.260999917984009,-3.0299999713897705,-2.8909997940063477,-2.9159998893737793,-2.7230000495910645,-2.4760000705718994,-2.4119999408721924,-2.263000011444092,-2.0309998989105225,-2.055999994277954,-1.8410000801086426,-1.472000002861023,-1.8849999904632568,-2.2980000972747803,-2.878000259399414,-2.930999994277954,-2.8400001525878906,-2.8320000171661377,-2.930000066757202,-2.75,-2.5250000953674316,-2.3469998836517334,-2.0959999561309814,-1.9879999160766602,-1.9609999656677246,-1.8170000314712524,-1.0800000429153442,-0.5600000023841858,-0.0949999988079071,0.28999999165534973,0.6029999852180481,0.8399999737739563,0.9979999661445618,1.125,0.8160000443458557,-0.3440000116825104,-0.3830000162124634,-0.8730000257492065,-1.1749999523162842,-1.0709999799728394,-1.065999984741211
0.0,0.0,0.0,0.0,0.0,0.0,0.0,-3.1349997520446777,-3.2809998989105225,-3.01200008392334,-2.885999917984009,-2.924999952316284,-2.739000082015991,-2.504000186920166,-2.4660000801086426,-2.3350000381469727,-2.1009998321533203,-2.2209999561309814,-2.0160000324249268,-1.3429999351501465,-1.6869999170303345,-2.133000135421753,-2.815999984741211,-3.063000202178955,-2.7909998893737793,-2.7860000133514404,-2.8380000591278076,-2.552000045776367,-2.197999954223633,-1.9140000343322754,-1.9019999504089355,-1.8709999322891235,-1.9079999923706055,-1.8410000801086426,-1.3989999294281006,-0.8500000238418579,-0.3460000157356262,0.09999999403953552,0.4919999837875366,0.7519999742507935,0.9390000104904175,1.0899999141693115,0.5400000214576721,-0.11100000143051147,-0.08799999952316284,-0.75,-1.5299999713897705,-1.0049999952316284,-0.8759999871253967
0.0,0.0,0.0,0.0,0.0,0.0,0.0,-3.1570000648498535,-3.3000001907348633,-2.996000051498413,-2.879999876022339,-2.933000087738037,-2.745000123977661,-2.5339999198913574,-2.5199999809265137,-2.3910000324249268,-2.1640000343322754,-2.240999937057495,-2.0950000286102295,-1.5870000123977661,-1.7239999771118164,-2.244999885559082,-3.0139999389648438,-2.942999839782715,-2.6989998817443848,-2.7880001068115234,-2.736999988555908,-2.5099997520446777,-2.0450000762939453,-1.7000000476837158,-1.7079999446868896,-1.7680000066757202,-1.8359999656677246,-1.7699999809265137,-1.4749999046325684,-0.9810000061988831,-0.5019999742507935,-0.0430000014603138,0.37400001287460327,0.6499999761581421,0.8630000352859497,0.8250000476837158,0.2370000034570694,0.08900000154972076,-0.14100000262260437,-0.8100000023841858,-1.5600000619888306,-1.187999963760376,-0.6140000224113464
0.0,0.0,0.0,0.0,0.0,0.0,0.0,-3.178999900817871,-3.319000005722046,-3.003000020980835,-2.8889999389648438,-2.9640002250671387,-2.761000156402588,-2.552000045776367,-2.546999931335449,-2.3889999389648438,-2.121999979019165,-2.2070000171661377,-2.1529998779296875,-1.8880000114440918,-2.0329999923706055,-2.4700000286102295,-2.7779998779296875,-2.74399995803833,-2.818000078201294,-2.8259997367858887,-2.700000047683716,-2.565000057220459,-2.0219998359680176,-1.685999870300293,-1.6640000343322754,-1.7369999885559082,-1.7610000371932983,-1.694000005722046,-1.371999979019165,-0.9220000505447388,-0.4269999861717224,-0.026000000536441803,0.30400002002716064,0.5400000214576721,0.7590000629425049,0.5379999876022339,0.11800000071525574,0.06399999558925629,-0.33100003004074097,-0.9200000166893005,-1.5850000381469727,-1.1100000143051147,-0.5209999680519104
0.0,0.0,0.0,0.0,0.0,0.0,0.0,-3.1999998092651367,-3.322999954223633,-2.9809999465942383,-2.881999969482422,-2.98799991607666,-2.7779998779296875,-2.553999900817871,-2.4830000400543213,-2.3559999465942383,-2.13700008392334,-2.3980000019073486,-2.255000114440918,-1.812000036239624,-2.0939998626708984,-2.382999897003174,-2.5850000381469727,-2.7699999809265137,-2.863999843597412,-2.759000062942505,-2.694999933242798,-2.7100000381469727,-2.1710000038146973,-1.7860000133514404,-1.7369999885559082,-1.7860000133514404,-1.7309999465942383,-1.6130000352859497,-1.2319999933242798,-0.8669999837875366,-0.36899998784065247,0.0279999990016222,0.34299999475479126,0.5419999957084656,0.7540000081062317,0.3819999694824219,0.10999999940395355,0.013000000268220901,-0.26600000262260437,-0.9369999766349792,-1.5019999742507935,-1.2599999904632568,-0.6159999966621399
0.0,0.0,0.0,0.0,0.0,0.0,0.0,-3.2210001945495605,-3.3259999752044678,-2.9730000495910645,-2.8940000534057617,-3.0219998359680176,-2.7929999828338623,-2.565999984741211,-2.3999998569488525,-2.3510000705718994,-2.309000015258789,-2.6059999465942383,-2.435999870300293,-1.8529999256134033,-2.0269999504089355,-2.312000036239624,-2.5250000953674316,-2.7139999866485596,-2.615000009536743,-2.743000030517578,-2.813000202178955,-2.73799991607666,-2.2120001316070557,-1.7939999103546143,-1.850000023841858,-1.8529999256134033,-1.7400000095367432,-1.4869999885559082,-1.1089999675750732,-0.8690000176429749,-0.35999998450279236,0.0279999990016222,0.33500000834465027,0.5260000228881836,0.6060000061988831,0.328000009059906,0.3100000023841858,0.22100000083446503,-0.08500000834465027,-0.7919999957084656,-1.2039999961853027,-1.4880000352859497,-0.9259999990463257
0.0,0.0,0.0,0.0,0.0,0.0,0.0,-3.242000102996826,-3.315999984741211,-2.935999870300293,-2.875,-3.0410001277923584,-2.813000202178955,-2.5390000343322754,-2.3489999771118164,-2.3899998664855957,-2.4040000438690186,-2.506999969482422,-2.502000093460083,-2.169999837875366,-2.2639999389648438,-2.3289999961853027,-2.437000036239624,-2.3959999084472656,-2.4679999351501465,-2.9820001125335693,-2.6510000228881836,-2.560999870300293,-2.251999855041504,-1.8140000104904175,-1.8440001010894775,-1.812999963760376,-1.7170000076293945,-1.3289999961853027,-1.0090000629425049,-0.7639999389648438,-0.35899999737739563,0.006000000052154064,0.3009999990463257,0.4780000150203705,0.35899999737739563,0.2759999930858612,0.2549999952316284,0.27300000190734863,-0.14000000059604645,-0.7699999809265137,-1.1410000324249268,-1.3220000267028809,-1.2669999599456787
0.0,0.0,0.0,0.0,0.0,0.0,0.0,-3.263000011444092,-3.305999994277954,-2.9139997959136963,-2.876000165939331,-3.055000066757202,-2.816999912261963,-2.5209999084472656,-2.5290000438690186,-2.499000072479248,-2.4200000762939453,-2.500999927520752,-2.453000068664551,-2.310999870300293,-2.493000030517578,-2.567999839782715,-2.5900001525878906,-2.2249999046325684,-2.4730000495910645,-2.7110002040863037,-2.5180001258850098,-2.3630001544952393,-1.9159998893737793,-1.712999939918518,-1.790000081062317,-1.7260000705718994,-1.5490000247955322,-1.1729999780654907,-0.9210000038146973,-0.6270000338554382,-0.22500000894069672,0.07799999415874481,0.28200000524520874,0.34299999475479126,0.1379999965429306,0.04999999701976776,0.020999999716877937,0.07100000232458115,-0.6729999780654907,-0.9160000085830688,-1.2080000638961792,-1.399999976158142,-1.4059998989105225
0.0,0.0,0.0,0.0,0.0,0.0,0.0,-3.2839999198913574,-3.2749998569488525,-2.867000102996826,-2.8499999046325684,-3.061000108718872,-2.680999994277954,-2.4240000247955322,-2.502000093460083,-2.6550002098083496,-2.5429999828338623,-2.437000036239624,-2.4250001907348633,-2.322999954223633,-2.5160000324249268,-2.6660001277923584,-2.755999803543091,-2.4590001106262207,-2.57099986076355,-2.6530001163482666,-2.4749999046325684,-2.0999999046325684,-1.6030000448226929,-1.650999903678894,-1.690000057220459,-1.6150000095367432,-1.347000002861023,-1.0220000743865967,-0.8109999895095825,-0.6040000319480896,-0.2370000034570694,0.01599999889731407,0.16599999368190765,0.17000001668930054,-0.060999996960163116,-0.24000000953674316,-0.3269999921321869,-0.453000009059906,-1.2639999389648438,-1.0859999656677246,-1.3040000200271606,-1.4700000286102295,-1.5839999914169312
0.0,0.0,0.0,0.0,0.0,0.0,0.0,-3.305000066757202,-3.244999885559082,-2.8289999961853027,-2.8450000286102295,-3.06499981880188,-2.6740000247955322,-2.4160001277923584,-2.4639999866485596,-2.630000114440918,-2.753000020980835,-2.4760000705718994,-2.3340001106262207,-2.2319998741149902,-2.495999813079834,-2.6710000038146973,-2.7320001125335693,-2.513000011444092,-2.621999979019165,-2.8340001106262207,-2.5369999408721924,-2.0360000133514404,-1.5379999876022339,-1.6180000305175781,-1.555999994277954,-1.4730000495910645,-1.1349999904632568,-0.8880000114440918,-0.7120000123977661,-0.6380000114440918,-0.3620000183582306,-0.17000001668930054,-0.04699999839067459,-0.07699999958276749,-0.23900000751018524,-0.5530000329017639,-0.6310000419616699,-0.9240000247955322,-1.4820001125335693,-1.3230000734329224,-1.3489999771118164,-1.5279998779296875,-1.680999994277954
0.0,0.0,0.0,0.0,0.0,0.0,0.0,-3.325000047683716,-3.194999933242798,-2.7829999923706055,-2.799999952316284,-3.072000026702881,-2.683000087738037,-2.437999963760376,-2.5119998455047607,-2.6440000534057617,-2.824000120162964,-2.623000144958496,-2.4019999504089355,-2.13700008392334,-2.4060001373291016,-2.5920000076293945,-2.6620001792907715,-2.4809999465942383,-2.5920000076293945,-2.802000045776367,-2.5360000133514404,-1.965000033378601,-1.4950000047683716,-1.5829999446868896,-1.4329999685287476,-1.4190000295639038,-1.0880000591278076,-0.8560000658035278,-0.699999988079071,-0.7249999642372131,-0.6080000400543213,-0.39500001072883606,-0.27799999713897705,-0.2409999966621399,-0.24199999868869781,-0.5389999747276306,-0.7350000143051147,-0.8140000104904175,-1.3590000867843628,-1.4910000562667847,-1.4600000381469727,-1.6570000648498535,-1.777999997138977
0.0,0.0,0.0,0.0,0.0,0.0,0.0,-3.3459999561309814,-3.1470000743865967,-2.73799991607666,-2.797999858856201,-3.0809998512268066,-2.7170000076293945,-2.496999979019165,-2.572999954223633,-2.6589999198913574,-2.7639999389648438,-2.746999740600586,-2.5940001010894775,-2.3289999961853027,-2.4779999256134033,-2.515000104904175,-2.5380001068115234,-2.3519999980926514,-2.499000072479248,-2.74399995803833,-2.504999876022339,-1.9509999752044678,-1.496999979019165,-1.472000002861023,-1.4219999313354492,-1.4679999351501465,-1.2179999351501465,-0.9210000038146973,-0.7859999537467957,-0.781999945640564,-0.8160000443458557,-0.5989999771118164,-0.4129999876022339,-0.27399998903274536,-0.2449999898672104,-0.5080000162124634,-0.7760000228881836,-0.8349999785423279,-1.3289999961853027,-1.5829999446868896,-1.6030000448226929,-1.7769999504089355,-1.8600000143051147
0.0,0.0,0.0,0.0,0.0,0.0,0.0,-3.366000175476074,-3.107999801635742,-2.7049999237060547,-2.7849998474121094,-3.052000045776367,-2.7219998836517334,-2.559000015258789,-2.638000011444092,-2.6550002098083496,-2.63700008392334,-2.635999917984009,-2.5429999828338623,-2.425999879837036,-2.574000120162964,-2.6010000705718994,-2.5299999713897705,-2.2790000438690186,-2.3929998874664307,-2.628000020980835,-2.3959999084472656,-1.937999963760376,-1.409000039100647,-1.3300000429153442,-1.4679999351501465,-1.5170000791549683,-1.347000002861023,-0.996999979019165,-0.8700000047683716,-0.8479999899864197,-0.9179999828338623,-0.6449999809265137,-0.41600000858306885,-0.21400001645088196,-0.24300000071525574,-0.48099997639656067,-0.7949999570846558,-0.8730000257492065,-1.3709999322891235,-1.6100000143051147,-1.680999994277954,-1.8440001010894775,-1.9159998893737793
