static/data/wind5.json
{"header": { "parameterNumberName": "eastward_wind", "parameterUnit": "m.s-1", "parameterNumber": 2, "parameterCategory": 2, "nx": 121, "ny": 221, "numberPoints": 26741, "dx": 0.005000000000000071, "dy": 0.005000000000000006, "la1": -31.6, "lo1": 115.3, "la2": -32.7, "lo2": 115.9, "refTime": "2022-11-25 06:00:00" }, "data":
[rows 84 to 104 of 221, columns 48 to 95 of 121]
0.34700000286102295,-0.1080000028014183,-0.5839999914169312,-1.0469999313354492,-0.9520000219345093,-0.6629999876022339,-0.32200002670288086,-0.21199999749660492,-0.28200000524520874,-0.4269999861717224,-0.39900001883506775,-0.414000004529953,-0.3920000195503235,-0.33799999952316284,-0.17000001668930054,-0.0689999982714653,-0.06300000101327896,-0.012000000104308128,0.05700000002980232,0.12299999594688416,0.1420000046491623,0.12600000202655792,0.12400000542402267,0.1459999978542328,0.15799999237060547,0.14499999582767487,0.13199999928474426,0.14000000059604645,0.07000000029802322,0.04100000113248825,0.06000000238418579,-0.028999999165534973,-0.04600000008940697,0.07600000500679016,-0.057999998331069946,-0.15799999237060547,-0.125,-0.1080000028014183,-0.12999999523162842,-0.0989999994635582,-0.10300000011920929,0.08900000154972076,-0.07600000500679016,0.0,0.0,0.0,0.0,0.0
-0.7329999804496765,-1.1979999542236328,-1.6570000648498535,-1.7339999675750732,-1.3799999952316284,-0.7010000348091125,-0.6270000338554382,-0.5569999814033508,-0.6010000109672546,-0.6029999852180481,-0.562999963760376,-0.5550000071525574,-0.5460000038146973,-0.5160000324249268,-0.32200002670288086,-0.27000001072883606,-0.25,-0.2239999920129776,-0.1720000058412552,-0.060999996960163116,-0.01599999889731407,-0.03400000184774399,0.017000000923871994,0.06800000369548798,0.09600000083446503,0.07699999958276749,0.10200000554323196,0.12600000202655792,0.125,0.18400000035762787,0.12099999934434891,-0.02499999850988388,0.04600000008940697,0.017999999225139618,-0.027000000700354576,-0.07100000232458115,-0.05400000140070915,-0.1420000046491623,-0.05700000002980232,-0.06300000101327896,-0.07799999415874481,0.0279999990016222,0.0,0.0,-0.9049999713897705,-0.9589999914169312,-0.5900000333786011,-0.737000048160553
-1.3359999656677246,-1.685999870300293,-1.7760000228881836,-1.7710000276565552,-0.9600000381469727,-0.8690000176429749,-0.8959999680519104,-0.7879999876022339,-0.7209999561309814,-0.6899999976158142,-0.7199999690055847,-0.6809999942779541,-0.6700000166893005,-0.6790000200271606,-0.5270000100135803,-0.527999997138977,-0.4919999837875366,-0.39000001549720764,-0.28700000047683716,-0.17000001668930054,-0.14300000667572021,-0.1379999965429306,-0.05100000277161598,0.012000000104308128,0.026000000536441803,0.023000000044703484,0.06300000101327896,0.0860000029206276,0.1420000046491623,0.16699999570846558,0.10899999737739563,0.07400000095367432,-0.003999999724328518,0.003000000026077032,-0.0009999999310821295,-0.03100000135600567,-0.09200000017881393,-0.17100000381469727,-0.08799999952316284,-0.10899999737739563,-0.04399999976158142,0.28299999237060547,0.0,0.0,0.7190000414848328,0.0,0.0,0.0
-1.6490000486373901,-1.124000072479248,-0.843999981880188,-0.8410000205039978,-1.0460000038146973,-1.0759999752044678,-0.9929999709129333,-0.902999997138977,-0.7850000262260437,-0.7139999866485596,-0.7350000143051147,-0.6470000147819519,-0.7249999642372131,-0.7230000495910645,-0.9049999713897705,-0.8930000066757202,-0.7900000214576721,-0.6629999876022339,-0.5149999856948853,-0.32600000500679016,-0.3610000014305115,-0.22600001096725464,-0.09700000286102295,-0.05100000277161598,-0.0430000014603138,-0.015000000596046448,0.02499999850988388,0.04000000283122063,0.10099999606609344,0.05700000002980232,0.0139999995008111,0.02199999988079071,0.05100000277161598,-0.020000001415610313,-0.0989999994635582,-0.1119999960064888,-0.20099999010562897,-0.2770000100135803,-0.23000000417232513,-0.08900000154972076,-0.08299999684095383,0.0,0.0,0.0,-1.218999981880188,0.0,0.0,0.0
-0.44699999690055847,-0.4309999942779541,-0.6349999904632568,-0.9009999632835388,-1.0520000457763672,-1.059000015258789,-1.058000087738037,-1.062999963760376,-0.8919999599456787,-0.7129999995231628,-0.527999997138977,-0.5239999890327454,-0.7080000042915344,-0.8680000305175781,-1.246999979019165,-1.2620000839233398,-1.1050000190734863,-0.9179999828338623,-0.7440000176429749,-0.6200000047683716,-0.5699999928474426,-0.3089999854564667,-0.16200000047683716,-0.1080000028014183,-0.09999999403953552,-0.05900000035762787,-0.02499999850988388,-0.0009999999310821295,0.024000000208616257,0.005000000353902578,0.003999999724328518,-0.027000000700354576,-0.13500000536441803,-0.12400000542402267,-0.10400000214576721,-0.11800000071525574,-0.26100000739097595,-0.4410000145435333,-0.4699999690055847,-0.3460000157356262,-0.5950000286102295,0.0,0.0,-0.9670000076293945,0.054999999701976776,0.0,0.0,0.0
-0.49800002574920654,-0.5849999785423279,-0.6459999680519104,-0.7850000262260437,-0.8980000019073486,-1.1710000038146973,-1.369999885559082,-1.221000075340271,-0.9639999866485596,-0.640999972820282,-0.47200000286102295,-0.49300000071525574,-0.6279999613761902,-0.8820000290870667,-1.1549999713897705,-1.2660000324249268,-1.247999906539917,-1.0080000162124634,-0.8799999952316284,-0.8340000510215759,-0.6639999747276306,-0.4039999842643738,-0.2370000034570694,-0.19999998807907104,-0.1889999955892563,-0.15599998831748962,-0.10599999874830246,-0.06399999558925629,-0.04600000008940697,-0.027000000700354576,-0.032999999821186066,-0.00699999975040555,-0.010999999940395355,-0.07499999552965164,-0.1119999960064888,-0.24000000953674316,-0.3819999694824219,-0.2549999952316284,-0.18700000643730164,-0.2459999918937683,0.0,-0.1469999998807907,-0.028999999165534973,0.0,0.0,0.0,0.0,0.0
-0.45100000500679016,-0.5559999942779541,-0.6019999980926514,-0.8179999589920044,-1.1230000257492065,-1.4709999561309814,-1.4259999990463257,-1.284999966621399,-1.0299999713897705,-0.8739999532699585,-0.6840000152587891,-0.5360000133514404,-0.6140000224113464,-0.746999979019165,-0.7910000085830688,-0.9049999713897705,-0.9790000319480896,-0.9830000400543213,-1.0059999227523804,-1.034999966621399,-0.7699999809265137,-0.46399998664855957,-0.3460000157356262,-0.32200002670288086,-0.2800000011920929,-0.25599998235702515,-0.21299999952316284,-0.18400000035762787,-0.1459999978542328,-0.12799999117851257,-0.07699999958276749,-0.0430000014603138,-0.028999999165534973,-0.003000000026077032,-0.026000000536441803,-0.16499999165534973,-0.2019999921321869,-0.31800001859664917,-0.16100001335144043,0.0,0.0,0.0,0.0,0.0,0.0,0.0,0.0,0.0
-0.35500001907348633,-0.6369999647140503,-0.7029999494552612,-0.8140000104904175,-0.9319999814033508,-1.027000069618225,-1.1469999551773071,-1.2100000381469727,-1.0390000343322754,-0.9240000247955322,-0.8109999895095825,-0.671999990940094,-0.5699999928474426,-0.5049999952316284,-0.5110000371932983,-0.5789999961853027,-0.6970000267028809,-0.9120000004768372,-1.1380000114440918,-1.1579999923706055,-0.9319999814033508,-0.6669999361038208,-0.5400000214576721,-0.42500001192092896,-0.34200000762939453,-0.3709999918937683,-0.3100000023841858,-0.22299998998641968,-0.20600000023841858,-0.17800000309944153,-0.12400000542402267,-0.07499999552965164,-0.06800000369548798,-0.012000000104308128,-0.0430000014603138,-0.04999999701976776,0.005000000353902578,0.29100000858306885,-0.23600000143051147,-0.23800000548362732,0.0,0.0,0.0,0.0,0.0,0.0,0.0,0.0
-0.3620000183582306,-0.5139999985694885,-0.6029999852180481,-0.4870000183582306,-0.32200002670288086,-0.07699999958276749,-0.640999972820282,-1.0570000410079956,-1.0390000343322754,-0.8990000486373901,-0.7929999828338623,-0.7580000162124634,-0.5180000066757202,-0.3290000259876251,-0.20899999141693115,-0.25599998235702515,-0.4399999976158142,-0.8050000071525574,-1.1510000228881836,-1.2559999227523804,-1.2319999933242798,-0.9749999642372131,-0.7680000066757202,-0.562999963760376,-0.4580000042915344,-0.47699999809265137,-0.48399999737739563,-0.35500001907348633,-0.29899999499320984,-0.21400001645088196,-0.1080000028014183,-0.0139999995008111,0.032999999821186066,0.052000001072883606,-0.07699999958276749,-0.0139999995008111,0.07100000232458115,0.03199999779462814,0.027000000700354576,0.09100000560283661,0.0,-0.026000000536441803,0.0,0.0,0.0,0.0,0.0,0.0
0.10400000214576721,0.11800000071525574,0.2070000022649765,0.5350000262260437,0.8500000238418579,0.6430000066757202,0.32099997997283936,-0.28600001335144043,-0.8659999966621399,-0.8190000057220459,-0.7660000324249268,-0.5440000295639038,-0.33799999952316284,-0.13500000536441803,-0.07199999690055847,-0.11500000208616257,-0.281000018119812,-0.6639999747276306,-0.8460000157356262,-1.1519999504089355,-1.221000075340271,-1.1110000610351562,-0.9290000200271606,-0.7339999675750732,-0.562000036239624,-0.5400000214576721,-0.5360000133514404,-0.39000001549720764,-0.27300000190734863,-0.2239999920129776,-0.07100000232458115,0.0989999994635582,0.08799999952316284,0.020999999716877937,-0.027000000700354576,-0.035999998450279236,0.054999999701976776,0.2329999953508377,0.3579999804496765,0.31700000166893005,0.0820000022649765,0.0,0.0,0.0,0.0,0.0,0.0,0.0
1.0440000295639038,1.2120000123977661,1.3310000896453857,1.1180000305175781,0.9629999995231628,0.8160000443458557,0.46000000834465027,-0.5189999938011169,-0.7410000562667847,-0.7230000495910645,-0.3290000259876251,0.0279999990016222,0.19900000095367432,0.12199999392032623,0.07100000232458115,-0.05900000035762787,-0.2759999930858612,-0.3929999768733978,-0.5600000023841858,-0.8160000443458557,-0.8910000324249268,-0.902999997138977,-0.812999963760376,-0.6239999532699585,-0.5550000071525574,-0.5870000123977661,-0.5410000085830688,-0.38100001215934753,-0.1889999955892563,0.08999999612569809,0.05900000035762787,0.060999996960163116,0.05299999937415123,0.005000000353902578,-0.03500000014901161,-0.006000000052154064,0.06499999761581421,0.29100000858306885,0.4269999861717224,0.4230000078678131,0.35500001907348633,0.1850000023841858,0.0,0.0,0.0,0.0,0.0,0.0
1.2200000286102295,0.9570000171661377,0.5830000042915344,0.5400000214576721,0.39500001072883606,-0.11400000005960464,-0.328000009059906,-0.38499999046325684,-0.3400000333786011,-0.12000000476837158,0.11300000548362732,0.29500001668930054,0.25099998712539673,0.28200000524520874,0.08500000834465027,-0.07000000029802322,-0.12000000476837158,-0.14000000059604645,-0.2639999985694885,-0.3190000057220459,-0.5299999713897705,-0.5379999876022339,-0.527999997138977,-0.7480000257492065,-0.6279999613761902,-0.41999998688697815,-0.3830000162124634,-0.37700000405311584,-0.3100000023841858,-0.08299999684095383,0.13699999451637268,0.024000000208616257,0.012000000104308128,-0.09300000220537186,-0.2680000066757202,0.01900000125169754,0.2290000021457672,0.35100001096725464,0.6970000267028809,0.7919999957084656,0.578000009059906,0.23800000548362732,0.0949999988079071,0.0,0.0,0.0,0.0,0.0
0.9810000061988831,1.0090000629425049,0.9549999833106995,0.6260000467300415,0.32600000500679016,0.13600000739097595,-0.2449999898672104,-0.12000000476837158,0.16100001335144043,0.30400002002716064,0.34200000762939453,0.07799999415874481,-0.0689999982714653,-0.010000000707805157,0.12099999934434891,0.09300000220537186,0.1720000058412552,0.17100000381469727,-0.12299999594688416,-0.3659999966621399,-0.4320000112056732,-0.375,-0.3799999952316284,-0.4989999830722809,-0.4269999861717224,-0.2549999952316284,-0.289000004529953,-0.3440000116825104,-0.21299999952316284,-0.23000000417232513,-0.13600000739097595,0.052000001072883606,0.006000000052154064,-0.10700000822544098,-0.2019999921321869,0.054999999701976776,0.39500001072883606,0.5920000076293945,0.3779999911785126,0.31800001859664917,0.3109999895095825,0.21899999678134918,0.08299999684095383,0.0,0.0,0.0,0.0,0.0
1.625,1.465999960899353,0.8919999599456787,0.30300000309944153,0.45000001788139343,0.4699999690055847,0.4230000078678131,0.22100000083446503,0.4740000069141388,0.4390000104904175,0.08900000154972076,-0.1459999978542328,-0.24000000953674316,-0.21299999952316284,-0.04000000283122063,0.22600001096725464,0.24900001287460327,0.13899999856948853,-0.14999999105930328,-0.3889999985694885,-0.4580000042915344,-0.35899999737739563,-0.36800000071525574,-0.41200000047683716,-0.320000022649765,-0.320000022649765,-0.3700000047683716,-0.3959999978542328,-0.414000004529953,-0.4449999928474426,-0.41999998688697815,-0.03199999779462814,0.03700000047683716,-0.013000000268220901,0.27799999713897705,0.20899999141693115,0.20600000023841858,0.3489999771118164,0.4569999873638153,0.41200000047683716,0.546999990940094,0.40299999713897705,0.18200001120567322,0.0,0.0,0.0,0.0,0.0
2.184000015258789,1.690999984741211,0.9810000061988831,0.5429999828338623,0.6990000009536743,0.6909999847412109,0.593999981880188,0.5119999647140503,0.6949999928474426,0.3070000112056732,-0.024000000208616257,-0.27300000190734863,-0.3290000259876251,-0.18299999833106995,-0.04999999701976776,0.010000000707805157,0.0689999982714653,-0.04600000008940697,-0.20400001108646393,-0.3959999978542328,-0.48799997568130493,-0.414000004529953,-0.3959999978542328,-0.42500001192092896,-0.5370000004768372,-0.6710000038146973,-0.6970000267028809,-0.5490000247955322,-0.5419999957084656,-0.6159999966621399,-0.453000009059906,-0.2630000114440918,-0.001999999862164259,0.28600001335144043,0.5040000081062317,0.4190000295639038,0.48000001907348633,0.5299999713897705,0.6330000162124634,0.5370000004768372,0.0989999994635582,0.0279999990016222,0.16899999976158142,0.04000000283122063,0.0,0.0,0.0,0.0
1.7400000095367432,1.4900000095367432,1.369999885559082,0.9170000553131104,0.7199999690055847,0.6629999876022339,0.675000011920929,0.7699999809265137,0.5600000023841858,0.4490000009536743,0.08799999952316284,-0.20800000429153442,-0.09800000488758087,-0.04800000041723251,-0.03500000014901161,-0.08799999952316284,-0.12400000542402267,-0.1730000078678131,-0.29899999499320984,-0.4789999723434448,-0.5659999847412109,-0.42899999022483826,-0.597000002861023,-0.5860000252723694,-0.6940000057220459,-0.906000018119812,-0.8389999866485596,-0.5710000395774841,-0.406000018119812,-0.4870000183582306,-0.44200000166893005,-0.1080000028014183,0.11100000143051147,0.13300000131130219,0.13699999451637268,-0.10999999940395355,-0.07100000232458115,-0.04000000283122063,0.12600000202655792,0.10400000214576721,0.010999999940395355,-0.0139999995008111,0.1379999965429306,0.05900000035762787,0.0,0.0,0.0,0.0
1.4480000734329224,1.3569999933242798,1.212999939918518,1.0399999618530273,0.7689999938011169,0.7490000128746033,0.7129999995231628,0.7199999690055847,0.08000000566244125,0.10300000011920929,0.41200000047683716,0.24399998784065247,0.10899999737739563,-0.02199999988079071,-0.12000000476837158,-0.18299999833106995,-0.20899999141693115,-0.2290000021457672,-0.2919999957084656,-0.5220000147819519,-0.7789999842643738,-1.0390000343322754,-1.1440000534057617,-1.0720000267028809,-1.1089999675750732,-1.2899999618530273,-1.375,-0.8489999771118164,-0.9430000185966492,-0.8250000476837158,-0.34200000762939453,-0.04100000113248825,0.07699999958276749,0.10200000554323196,0.1469999998807907,-0.08000000566244125,-0.12999999523162842,-0.10700000822544098,-0.012000000104308128,0.003999999724328518,0.09300000220537186,0.08399999886751175,0.12600000202655792,0.25599998235702515,0.07799999415874481,0.0,0.0,0.0
1.128000020980835,1.0770000219345093,0.9709999561309814,0.8829999566078186,0.7559999823570251,0.6729999780654907,0.6459999680519104,0.6440000534057617,0.5659999847412109,0.24399998784065247,0.320000022649765,0.15799999237060547,-0.04000000283122063,-0.1720000058412552,-0.24000000953674316,-0.25999999046325684,-0.3819999694824219,-0.43299999833106995,-0.5090000033378601,-0.7249999642372131,-1.1410000324249268,-1.6159999370574951,-1.659999966621399,-1.597999930381775,-1.496999979019165,-1.3140000104904175,-0.9900000095367432,-1.0609999895095825,-1.159999966621399,-0.9430000185966492,-0.6299999952316284,-0.4620000123977661,-0.30799999833106995,-0.09300000220537186,-0.024000000208616257,-0.10999999940395355,-0.37300002574920654,-0.09100000560283661,0.13699999451637268,0.12700000405311584,0.09700000286102295,0.060999996960163116,0.04100000113248825,0.2070000022649765,0.0279999990016222,0.0,0.0,0.0
0.8420000076293945,0.8659999966621399,0.8420000076293945,0.7620000243186951,0.6440000534057617,0.562000036239624,0.5410000085830688,0.5479999780654907,0.44699999690055847,0.23000000417232513,0.12199999392032623,0.03400000184774399,-0.48900002241134644,-0.36899998784065247,-0.3070000112056732,-0.4320000112056732,-0.46399998664855957,-0.39399999380111694,-0.48500001430511475,-0.593999981880188,-0.9939999580383301,-1.6140000820159912,-1.9879999160766602,-1.7360000610351562,-1.6069998741149902,-1.2880001068115234,-1.1010000705718994,-1.1480000019073486,-1.0149999856948853,-0.7580000162124634,-0.590999960899353,-0.49300000071525574,-0.35500001907348633,-0.2669999897480011,-0.05400000140070915,-0.17100000381469727,-0.2019999921321869,-0.03500000014901161,-0.203000009059906,-0.10899999737739563,-0.003999999724328518,0.06300000101327896,0.0559999980032444,0.17499999701976776,0.04999999701976776,0.0,0.0,0.0
0.7410000562667847,0.7609999775886536,0.7300000190734863,0.640999972820282,0.5080000162124634,0.4560000002384186,0.43400001525878906,0.4399999976158142,0.35199999809265137,0.23600000143051147,0.2669999897480011,0.1940000057220459,-0.2930000126361847,-0.5950000286102295,-0.4950000047683716,-0.3799999952316284,-0.3929999768733978,-0.3970000147819519,-0.45100000500679016,-0.6110000014305115,-0.8090000152587891,-1.5069999694824219,-2.065999984741211,-1.8440001010894775,-1.9449999332427979,-1.7829999923706055,-1.568000078201294,-1.378999948501587,-1.1510000228881836,-0.9440000057220459,-0.8039999604225159,-0.7050000429153442,-0.5209999680519104,-0.4479999840259552,-0.11699999868869781,-0.008999999612569809,-0.038999997079372406,-0.16499999165534973,-0.1770000010728836,-0.31700000166893005,-0.12199999392032623,-0.03199999779462814,-0.03400000184774399,0.057999998331069946,0.09100000560283661,0.0,0.0,0.0
0.656000018119812,0.6660000085830688,0.6389999985694885,0.5519999861717224,0.37599998712539673,0.3330000042915344,0.3059999942779541,0.3889999985694885,0.45000001788139343,0.2980000078678131,-0.003999999724328518,-0.03500000014901161,-0.4650000035762787,-0.7760000228881836,-0.6459999680519104,-0.41600000858306885,-0.36500000953674316,-0.3489999771118164,-0.39399999380111694,-0.590999960899353,-1.0119999647140503,-1.2660000324249268,-1.3580000400543213,-1.6040000915527344,-2.009999990463257,-2.815000057220459,-1.5449999570846558,-1.2929999828338623,-1.2730000019073486,-1.2139999866485596,-1.281999945640564,-0.9799999594688416,-0.6470000147819519,-0.777999997138977,-0.871999979019165,-0.5509999990463257,-0.4129999876022339,-0.11900000274181366,-0.22299998998641968,-0.16699999570846558,-0.15799999237060547,-0.13699999451637268,-0.10899999737739563,0.1290000081062317,0.05400000140070915,0.0,0.0,0.0
