static/data/wind.json
{"header": { "parameterNumberName":"northward_wind", "parameterUnit":"m.s-1", "parameterNumber":3, "parameterCategory":2, "nx":161, "ny":261, "numberPoints":42021, "dx":0.004999999999999982, "dy":0.004999999999999989, "la1":-31.5, "lo1":115.2, "la2":-32.8, "lo2":116.0 }, "data":
[rows 192 to 215 of 261, columns 54 to 107 of 161]
1.2359999418258667,1.1749999523162842,1.309999942779541,1.3590000867843628,1.4100000858306885,1.4609999656677246,1.49399995803833,1.4830000400543213,1.1850000619888306,1.2590000629425049,1.3819999694824219,1.4160000085830688,0.8190000057220459,0.6150000095367432,0.5059999823570251,-0.0559999980032444,0.1899999976158142,0.07000000029802322,-0.20400001108646393,-0.07499999552965164,-0.13300000131130219,-0.5070000290870667,-1.2970000505447388,-1.2829999923706055,-1.3619999885559082,-1.1850000619888306,-1.378999948501587,-1.4609999656677246,0.0,0.0,-1.0059999227523804,-0.8030000329017639,-0.6380000114440918,-0.6880000233650208,-1.069000005722046,-1.3199999332427979,-1.1490000486373901,-0.3790000081062317,-0.4129999876022339,-0.5509999990463257,-0.7440000176429749,-0.06800000369548798,0.31800001859664917,-0.19099998474121094,-0.5220000147819519,-0.5440000295639038,-0.4909999966621399,-0.4479999840259552,-0.421999990940094,-0.6150000095367432,-0.715999960899353,-0.5379999876022339,-0.5110000371932983,-0.5640000104904175
1.1370000839233398,1.2080000638961792,1.3020000457763672,1.3220000267028809,1.1800000667572021,1.3179999589920044,1.4749999046325684,1.4450000524520874,1.121999979019165,1.2620000839233398,1.3760000467300415,1.3050000667572021,0.8950000405311584,0.7289999723434448,0.5699999928474426,0.21899999678134918,0.27799999713897705,0.05299999937415123,-0.16300000250339508,-0.049000002443790436,-0.18799999356269836,-0.6660000085830688,-1.2350000143051147,-1.309000015258789,-1.2690000534057617,-1.2960000038146973,-1.4380000829696655,-1.412000060081482,0.0,0.0,-0.737000048160553,-0.6380000114440918,-0.7389999628067017,-0.8169999718666077,-1.1829999685287476,-1.4079999923706055,-1.2239999771118164,-0.3959999978542328,-0.4010000228881836,-0.5699999928474426,-0.6700000166893005,0.10300000011920929,0.10400000214576721,-0.08500000834465027,-0.27399998903274536,-0.4359999895095825,-0.406000018119812,-0.38100001215934753,-0.40700000524520874,-0.6449999809265137,-0.6580000519752502,-0.5139999985694885,-0.531000018119812,-0.546999990940094
1.2739999294281006,1.3480000495910645,1.252000093460083,1.2259999513626099,1.1010000705718994,1.2350000143051147,1.4219999313354492,1.4530000686645508,1.274999976158142,1.3050000667572021,1.4520000219345093,1.2319999933242798,0.7760000228881836,0.8919999599456787,0.7389999628067017,0.45499998331069946,0.35100001096725464,-0.005000000353902578,-0.14300000667572021,-0.06499999761581421,-0.20600000023841858,-0.7760000228881836,-1.180999994277954,-1.152999997138977,-1.0899999141693115,-1.309999942779541,-1.434000015258789,-1.3650000095367432,0.0,0.0,-0.6580000519752502,-0.4560000002384186,-0.5569999814033508,-0.8910000324249268,-1.3539999723434448,-1.474000096321106,-1.190999984741211,-0.3409999907016754,-0.5040000081062317,-0.5740000009536743,-0.574999988079071,-0.057999998331069946,-0.04000000283122063,-0.06800000369548798,-0.11699999868869781,-0.19600000977516174,-0.24700000882148743,-0.320000022649765,-0.42100000381469727,-0.6539999842643738,-0.6340000033378601,-0.4729999899864197,-0.5530000329017639,-0.5160000324249268
1.1970000267028809,1.3480000495910645,1.25,1.156999945640564,1.0750000476837158,1.125,1.3760000467300415,1.4600000381469727,1.3709999322891235,1.3009999990463257,1.439000129699707,1.2960000038146973,0.7450000047683716,1.0169999599456787,0.8460000157356262,0.527999997138977,0.33899998664855957,-0.024000000208616257,-0.11900000274181366,-0.07899999618530273,-0.25,-0.8609999418258667,-1.1759999990463257,-1.0520000457763672,-0.8560000658035278,-1.190999984741211,-1.343999981880188,-1.3590000867843628,0.0,-0.8829999566078186,-0.6809999942779541,-0.5249999761581421,-0.5839999914169312,-0.9390000104904175,-1.5920000076293945,-1.5509999990463257,-1.0899999141693115,-0.35100001096725464,-0.6899999976158142,-0.5789999961853027,-0.4309999942779541,-0.3050000071525574,-0.17800000309944153,-0.09200000017881393,-0.007999999448657036,0.003999999724328518,-0.08000000566244125,-0.2199999988079071,-0.39900001883506775,-0.6510000228881836,-0.5809999704360962,-0.4729999899864197,-0.574999988079071,-0.4729999899864197
1.1970000267028809,1.305999994277954,1.2059999704360962,1.0880000591278076,1.0160000324249268,1.0829999446868896,1.3380000591278076,1.347000002861023,1.3050000667572021,1.2380000352859497,1.3629999160766602,1.2450000047683716,1.0379999876022339,0.9749999642372131,0.8149999976158142,0.4909999966621399,0.2290000021457672,-0.008999999612569809,-0.20500001311302185,-0.1979999989271164,-0.3819999694824219,-0.7730000019073486,-0.9350000619888306,-0.9869999885559082,-0.7429999709129333,-1.0440000295639038,-1.3050000667572021,-1.3680000305175781,0.0,-0.9619999527931213,-0.781999945640564,-0.6830000281333923,-0.8450000286102295,-1.2839999198913574,-1.5880000591278076,-1.4300000667572021,-0.8919999599456787,-0.45499998331069946,-0.75,-0.5649999976158142,-0.4989999830722809,-0.4740000069141388,-0.45399999618530273,-0.2459999918937683,0.035999998450279236,0.15900000929832458,-0.0279999990016222,-0.19099998474121094,-0.3569999933242798,-0.5590000152587891,-0.531000018119812,-0.5249999761581421,-0.6389999985694885,-0.3970000147819519
1.3310000896453857,1.28000009059906,1.1330000162124634,1.0230000019073486,0.9589999914169312,0.9340000152587891,1.124000072479248,1.2280000448226929,1.28000009059906,1.1929999589920044,1.284999966621399,1.2669999599456787,1.4489998817443848,1.100000023841858,0.6430000066757202,0.2529999911785126,0.028999999165534973,-0.07499999552965164,-0.16599999368190765,-0.28200000524520874,-0.4129999876022339,-0.5879999995231628,-0.7039999961853027,-0.7730000019073486,-0.7989999651908875,-0.9799999594688416,-1.2300000190734863,-1.3619999885559082,0.0,-0.9869999885559082,-0.9149999618530273,-0.902999997138977,-0.9160000085830688,-1.3140000104904175,-1.4749999046325684,-1.2919999361038208,-0.6549999713897705,-0.5320000052452087,-0.7850000262260437,-0.6459999680519104,-0.6089999675750732,-0.6899999976158142,-0.7590000629425049,-0.3819999694824219,-0.01900000125169754,0.23199999332427979,0.06000000238418579,-0.11599999666213989,-0.26600000262260437,-0.38499999046325684,-0.4580000042915344,-0.5799999833106995,-0.6899999976158142,-0.33500000834465027
1.3300000429153442,1.2330000400543213,1.1389999389648438,1.0329999923706055,0.9420000314712524,0.9099999666213989,1.0880000591278076,1.2100000381469727,1.1660000085830688,1.0899999141693115,1.1999999284744263,1.2909998893737793,1.2200000286102295,0.7980000376701355,0.3569999933242798,0.09999999403953552,-0.010000000707805157,-0.07199999690055847,-0.12400000542402267,-0.27000001072883606,-0.390999972820282,-0.4560000002384186,-0.4560000002384186,-0.5090000033378601,-0.796999990940094,-0.8579999804496765,-1.1159999370574951,-0.7609999775886536,0.0,-0.9660000205039978,-0.9149999618530273,-0.9120000004768372,-1.0529999732971191,-1.399999976158142,-1.4589999914169312,-1.093000054359436,-0.5,-0.6029999852180481,-0.7480000257492065,-0.7870000004768372,-0.8039999604225159,-0.8739999532699585,-0.9170000553131104,-0.39000001549720764,-0.010999999940395355,0.1469999998807907,0.1510000079870224,-0.024000000208616257,-0.18200001120567322,-0.3790000081062317,-0.5350000262260437,-0.7289999723434448,-0.7360000014305115,-0.31199997663497925
1.3040000200271606,1.24399995803833,1.1640000343322754,1.0419999361038208,1.059999942779541,1.0180000066757202,1.0709999799728394,1.0679999589920044,0.9619999527931213,1.0220000743865967,1.1410000324249268,1.252000093460083,1.027000069618225,0.6539999842643738,0.3149999976158142,0.03400000184774399,-0.020000001415610313,-0.028999999165534973,-0.09800000488758087,-0.1770000010728836,-0.23100000619888306,-0.2540000081062317,-0.0949999988079071,-0.43400001525878906,-0.8039999604225159,-0.9220000505447388,-0.9929999709129333,-0.6899999976158142,0.6340000033378601,-0.7020000219345093,-0.7660000324249268,-1.156000018119812,-1.2430000305175781,-1.3450000286102295,-1.2919999361038208,-0.9960000514984131,-0.48399999737739563,-0.6710000038146973,-0.7460000514984131,-0.7960000038146973,-0.9070000052452087,-0.9380000233650208,-0.9700000286102295,-0.5040000081062317,-0.05900000035762787,0.04100000113248825,0.0729999989271164,0.05299999937415123,-0.10499999672174454,-0.30799999833106995,-0.5759999752044678,-0.8200000524520874,-0.6290000081062317,-0.14399999380111694
1.2359999418258667,1.2369999885559082,1.1349999904632568,1.0099999904632568,1.156000018119812,1.0299999713897705,0.7670000195503235,0.7480000257492065,0.8240000009536743,0.9329999685287476,1.0570000410079956,1.184000015258789,0.9539999961853027,0.6380000114440918,0.3400000333786011,0.16599999368190765,0.060999996960163116,0.008999999612569809,-0.05900000035762787,-0.04699999839067459,-0.10899999737739563,-0.16599999368190765,-0.10999999940395355,-0.3149999976158142,-0.7109999656677246,-1.1949999332427979,-1.3230000734329224,0.017999999225139618,0.49300000071525574,-0.2879999876022339,-0.7389999628067017,-1.2720000743865967,-1.3459999561309814,-1.1420000791549683,-1.0450000762939453,-0.8569999933242798,-0.7639999389648438,-0.8860000371932983,-0.7630000114440918,-0.7540000081062317,-0.8330000042915344,-0.9089999794960022,-1.0090000629425049,-0.6010000109672546,-0.07400000095367432,-0.044999998062849045,0.024000000208616257,0.08500000834465027,-0.08999999612569809,-0.29999998211860657,-0.6010000109672546,-0.8340000510215759,-0.3959999978542328,0.04000000283122063
1.1670000553131104,1.149999976158142,1.0640000104904175,0.9709999561309814,1.084999918937683,0.9869999885559082,0.7360000014305115,0.5730000138282776,0.7249999642372131,0.8330000042915344,0.9679999947547913,1.1449999809265137,0.9639999866485596,0.7540000081062317,0.5249999761581421,0.3440000116825104,0.15699999034404755,0.01900000125169754,-0.041999999433755875,-0.06700000166893005,-0.09700000286102295,-0.1459999978542328,-0.1459999978542328,-0.2019999921321869,-0.574999988079071,-0.8759999871253967,-1.2829999923706055,0.2720000147819519,-0.25099998712539673,-0.3050000071525574,-0.8700000047683716,-1.0779999494552612,-0.7649999856948853,-0.8560000658035278,-0.9639999866485596,-0.9509999752044678,-0.9420000314712524,-0.8860000371932983,-0.7940000295639038,-0.7680000066757202,-0.8090000152587891,-0.8539999723434448,-0.8820000290870667,-0.42500001192092896,-0.12199999392032623,-0.1290000081062317,-0.13600000739097595,-0.06000000238418579,-0.12700000405311584,-0.34299999475479126,-0.5530000329017639,-0.5720000267028809,-0.19099998474121094,0.22699999809265137
1.1339999437332153,1.0609999895095825,1.0049999952316284,0.9409999847412109,0.9049999713897705,0.8550000190734863,0.7710000276565552,0.5479999780654907,0.6759999990463257,0.8569999933242798,0.8709999918937683,1.0570000410079956,1.0880000591278076,0.9420000314712524,0.6819999814033508,0.4089999794960022,0.17100000381469727,0.05100000277161598,-0.03400000184774399,-0.09200000017881393,-0.11300000548362732,-0.14999999105930328,-0.21400001645088196,-0.2800000011920929,-0.3999999761581421,-0.6200000047683716,-0.7190000414848328,-0.6100000143051147,-0.5410000085830688,-0.2160000056028366,-0.652999997138977,-0.7329999804496765,-0.7850000262260437,-0.8009999990463257,-0.8299999833106995,-0.8759999871253967,-0.9149999618530273,-0.8519999980926514,-0.7900000214576721,-0.796999990940094,-0.8560000658035278,-0.8450000286102295,-0.6470000147819519,-0.3530000150203705,-0.23499998450279236,-0.2919999957084656,-0.32099997997283936,-0.19699999690055847,-0.052000001072883606,-0.18400000035762787,-0.2919999957084656,-0.26499998569488525,0.07400000095367432,0.0
1.1050000190734863,1.0379999876022339,0.9740000367164612,0.9020000100135803,0.8039999604225159,0.7129999995231628,0.7020000219345093,0.7329999804496765,0.7739999890327454,0.8219999670982361,0.8250000476837158,1.0049999952316284,1.0839999914169312,1.0130000114440918,0.7760000228881836,0.5019999742507935,0.2549999952316284,0.10400000214576721,-0.026000000536441803,-0.09600000083446503,-0.1340000033378601,-0.125,-0.16699999570846558,-0.203000009059906,-0.26899999380111694,-0.453000009059906,-0.6080000400543213,-0.6440000534057617,-0.6660000085830688,-0.4190000295639038,-0.48399999737739563,-0.6679999828338623,-0.8020000457763672,-0.7129999995231628,-0.7190000414848328,-0.9380000233650208,-0.9020000100135803,-0.812999963760376,-0.7789999842643738,-0.8190000057220459,-0.847000002861023,-0.6940000057220459,-0.5699999928474426,-0.4659999907016754,-0.4560000002384186,-0.41099998354911804,-0.3709999918937683,-0.19099998474121094,0.05900000035762787,0.010000000707805157,-0.11900000274181366,0.00699999975040555,0.0,0.0
1.069000005722046,1.062999963760376,1.0520000457763672,0.8759999871253967,0.7389999628067017,0.7089999914169312,0.722000002861023,0.7139999866485596,0.6110000014305115,0.64000004529953,0.847000002861023,0.7139999866485596,1.0899999141693115,1.0149999856948853,0.8690000176429749,0.6129999756813049,0.3669999837875366,0.1720000058412552,0.049000002443790436,-0.035999998450279236,-0.08399999886751175,-0.01900000125169754,-0.05900000035762787,-0.15900000929832458,-0.23399999737739563,-0.390999972820282,-0.5270000100135803,-0.7120000123977661,-0.7209999561309814,-0.6520000100135803,-0.5449999570846558,-0.5389999747276306,-0.7050000429153442,-0.6290000081062317,-0.8609999418258667,-0.9810000061988831,-0.8429999351501465,-0.7949999570846558,-0.8039999604225159,-0.8420000076293945,-0.7100000381469727,-0.6069999933242798,-0.6299999952316284,-0.5889999866485596,-0.4729999899864197,-0.3229999840259552,-0.15399999916553497,0.0,0.0,-0.27300000190734863,-0.057999998331069946,0.0,0.0,0.0
1.0529999732971191,1.0720000267028809,1.0499999523162842,0.8969999551773071,0.7999999523162842,0.7660000324249268,0.7260000109672546,0.6010000109672546,0.47699999809265137,0.7699999809265137,0.8380000591278076,0.5220000147819519,0.9369999766349792,1.0299999713897705,0.9290000200271606,0.7050000429153442,0.48799997568130493,0.29500001668930054,0.15900000929832458,0.028999999165534973,-0.04800000041723251,0.00699999975040555,-0.09399999678134918,-0.20400001108646393,-0.25,-0.3709999918937683,-0.5379999876022339,-0.7190000414848328,-0.7490000128746033,-0.7389999628067017,-0.6159999966621399,-0.5730000138282776,-0.6299999952316284,-0.7109999656677246,-0.8889999985694885,-0.8519999980926514,-0.753000020980835,-0.7680000066757202,-0.8169999718666077,-0.7670000195503235,-0.6310000419616699,-0.6089999675750732,-0.64000004529953,-0.5590000152587891,-0.37400001287460327,-0.22299998998641968,0.0,0.0,0.0,0.0,0.0,0.0,0.0,0.0
1.003999948501587,1.0049999952316284,0.9409999847412109,0.8880000114440918,0.9359999895095825,0.8840000033378601,0.6539999842643738,0.48500001430511475,0.44699999690055847,0.9380000233650208,0.8109999895095825,0.5680000185966492,0.8860000371932983,0.6830000281333923,0.6830000281333923,0.7910000085830688,0.6040000319480896,0.42399999499320984,0.24399998784065247,0.10700000822544098,-0.012000000104308128,-0.020000001415610313,-0.13300000131130219,-0.2019999921321869,-0.2680000066757202,-0.43799999356269836,-0.6110000014305115,-0.7999999523162842,-0.7900000214576721,-0.8030000329017639,-0.737000048160553,-0.6549999713897705,-0.7419999837875366,-0.8669999837875366,-0.878000020980835,-0.7269999980926514,-0.7069999575614929,-0.7800000309944153,-0.7989999651908875,-0.6909999847412109,-0.6299999952316284,-0.64000004529953,-0.5789999961853027,-0.4129999876022339,-0.28299999237060547,0.0,0.0,0.0,0.0,0.0,0.0,0.0,0.0,0.0
0.918999969959259,0.9120000004768372,0.8810000419616699,0.8680000305175781,0.9459999799728394,0.9290000200271606,0.7209999561309814,0.46399998664855957,0.3799999952316284,0.9509999752044678,0.7749999761581421,0.7559999823570251,0.6470000147819519,0.5530000329017639,0.6119999885559082,0.781999945640564,0.6840000152587891,0.5429999828338623,0.3579999804496765,0.12799999117851257,-0.030000001192092896,-0.09600000083446503,-0.12000000476837158,-0.20400001108646393,-0.32600000500679016,-0.5049999952316284,-0.6959999799728394,-0.8869999647140503,-0.7829999923706055,-0.8340000510215759,-0.8690000176429749,-0.8510000109672546,-0.9309999942779541,-0.9549999833106995,-0.7689999938011169,-0.6239999532699585,-0.7050000429153442,-0.7910000085830688,-0.7559999823570251,-0.6669999361038208,-0.652999997138977,-0.6380000114440918,-0.4789999723434448,-0.32200002670288086,0.0,0.0,0.0,0.0,0.0,0.0,0.0,0.0,0.0,0.0
0.8209999799728394,0.8730000257492065,0.8939999938011169,0.8640000224113464,0.7710000276565552,0.687000036239624,0.7100000381469727,0.5929999947547913,0.6660000085830688,0.8649999499320984,0.7580000162124634,0.6769999861717224,0.5040000081062317,0.45899999141693115,0.4960000216960907,0.6190000176429749,0.7710000276565552,0.5490000247955322,0.3319999873638153,0.1080000028014183,-0.054999999701976776,-0.12000000476837158,-0.10599999874830246,-0.13300000131130219,-0.29999998211860657,-0.5609999895095825,-1.378999948501587,-0.9390000104904175,-0.7989999651908875,-0.8829999566078186,-0.972000002861023,-1.0390000343322754,-1.0429999828338623,-0.8510000109672546,-0.6769999861717224,-0.6669999361038208,-0.6979999542236328,-0.7879999876022339,-0.7460000514984131,-0.7269999980926514,-0.7269999980926514,-0.5460000038146973,-0.36500000953674316,-0.2630000114440918,0.0,0.0,0.0,0.0,0.0,0.0,0.0,0.0,0.0,0.0
0.8270000219345093,0.8789999485015869,0.8560000658035278,0.7300000190734863,0.5730000138282776,0.5170000195503235,0.5929999947547913,0.5130000114440918,0.5579999685287476,0.7450000047683716,0.6899999976158142,0.6140000224113464,0.5789999961853027,0.5339999794960022,0.5090000033378601,0.590999960899353,0.6080000400543213,0.46700000762939453,0.25200000405311584,0.1379999965429306,-0.030000001192092896,-0.13099999725818634,-0.12700000405311584,-0.04800000041723251,-0.390999972820282,-0.7429999709129333,-1.375,-0.9749999642372131,-0.9570000171661377,-0.9610000252723694,-0.9670000076293945,-0.9650000333786011,-0.9049999713897705,-0.7660000324249268,-0.6880000233650208,-0.6679999828338623,-0.6909999847412109,-0.7760000228881836,-0.8219999670982361,-0.8359999656677246,-0.715999960899353,-0.4780000150203705,-0.3409999907016754,0.0,0.0,0.0,0.0,0.0,0.0,0.0,0.0,0.0,0.0,0.0
0.8399999737739563,0.7260000109672546,0.6200000047683716,0.5149999856948853,0.4870000183582306,0.4520000219345093,0.4819999933242798,0.4230000078678131,0.4830000102519989,0.6629999876022339,0.64000004529953,0.6019999980926514,0.5730000138282776,0.5519999861717224,0.5429999828338623,0.4520000219345093,0.3720000088214874,0.27300000190734863,0.23800000548362732,0.1550000011920929,0.0729999989271164,-0.03400000184774399,0.04000000283122063,-0.11599999666213989,-0.3779999911785126,-0.8919999599456787,-1.1710000038146973,-1.1039999723434448,-1.0010000467300415,-0.9759999513626099,-0.9399999380111694,-0.7999999523162842,-0.7440000176429749,-0.7590000629425049,-0.6889999508857727,-0.6690000295639038,-0.7050000429153442,-0.812999963760376,-1.003000020980835,-0.9810000061988831,-0.6669999361038208,-0.4179999828338623,-0.4989999830722809,0.0,0.0,0.0,0.0,0.0,0.0,0.0,0.0,0.0,0.0,0.0
0.8380000591278076,0.6129999756813049,0.4440000057220459,0.37300002574920654,0.3700000047683716,0.40800002217292786,0.3630000054836273,0.3229999840259552,0.36500000953674316,0.5759999752044678,0.5849999785423279,0.562000036239624,0.5440000295639038,0.5530000329017639,0.5740000009536743,0.4089999794960022,0.22600001096725464,0.0949999988079071,0.12600000202655792,0.17000001668930054,0.09700000286102295,0.03700000047683716,-0.052000001072883606,-0.25999999046325684,-0.5979999899864197,-0.9639999866485596,-1.0140000581741333,-1.0069999694824219,-0.972000002861023,-0.9369999766349792,-0.8209999799728394,-0.6800000667572021,-0.6809999942779541,-0.706000030040741,-0.6830000281333923,-0.6449999809265137,-0.75,-0.956000030040741,-1.0980000495910645,-0.878000020980835,-0.5669999718666077,-0.5139999985694885,0.0,0.0,0.0,0.0,0.0,0.0,0.0,0.0,0.0,0.0,0.0,0.0
0.7289999723434448,0.5009999871253967,0.38499999046325684,0.2930000126361847,0.35899999737739563,0.37700000405311584,0.34200000762939453,0.24399998784065247,0.2239999920129776,0.42100000381469727,0.46700000762939453,0.49400001764297485,0.49800002574920654,0.5119999647140503,0.5550000071525574,0.3920000195503235,0.1889999955892563,0.06000000238418579,0.06399999558925629,0.11800000071525574,0.057999998331069946,0.04600000008940697,-0.06300000101327896,-0.43299999833106995,-0.8149999976158142,-0.9509999752044678,-1.031000018119812,-0.9549999833106995,-0.9049999713897705,-0.8079999685287476,-0.7190000414848328,-0.6819999814033508,-0.6599999666213989,-0.6589999794960022,-0.6419999599456787,-0.671999990940094,-0.8479999899864197,-1.062000036239624,-0.8690000176429749,-0.6729999780654907,-0.527999997138977,0.0,0.0,0.0,0.0,0.0,0.0,0.0,0.0,0.0,0.0,0.0,0.0,0.0
0.6360000371932983,0.4300000071525574,0.328000009059906,0.2879999876022339,0.34200000762939453,0.3489999771118164,0.33399999141693115,0.2280000001192093,0.19699999690055847,0.33100003004074097,0.3409999907016754,0.36800000071525574,0.38100001215934753,0.43400001525878906,0.5189999938011169,0.36800000071525574,0.19600000977516174,0.08500000834465027,0.09399999678134918,0.07699999958276749,0.08299999684095383,0.07400000095367432,-0.2370000034570694,-0.6029999852180481,-0.8889999985694885,-1.1679999828338623,-1.0239999294281006,-0.8939999938011169,-0.7870000004768372,-0.715999960899353,-0.7410000562667847,-0.7209999561309814,-0.597000002861023,-0.5559999942779541,-0.6520000100135803,-0.7660000324249268,-0.8930000066757202,-0.7069999575614929,-0.5199999809265137,-0.5429999828338623,0.0,0.0,0.0,0.0,0.0,0.0,0.0,0.0,0.0,0.0,0.0,0.0,0.0,0.0
0.5530000329017639,0.37400001287460327,0.28600001335144043,0.2680000066757202,0.320000022649765,0.3319999873638153,0.320000022649765,0.22100000083446503,0.20800000429153442,0.31300002336502075,0.3290000259876251,0.31199997663497925,0.28200000524520874,0.3109999895095825,0.40299999713897705,0.3620000183582306,0.29899999499320984,0.04000000283122063,0.06200000271201134,0.08000000566244125,0.11500000208616257,-0.04399999976158142,-0.3779999911785126,-0.7080000042915344,-1.0069999694824219,-1.128000020980835,-1.0920000076293945,-0.8389999866485596,-0.7179999947547913,-0.7020000219345093,-0.737000048160553,-0.6930000185966492,-0.5449999570846558,-0.5649999976158142,-0.7230000495910645,-0.8289999961853027,-0.6299999952316284,-0.43299999833106995,-0.46000000834465027,0.0,0.0,0.0,0.0,0.0,0.0,0.0,0.0,0.0,0.0,0.0,0.0,0.0,0.0,0.0
0.4960000216960907,0.33799999952316284,0.2540000081062317,0.24800001084804535,0.2980000078678131,0.3089999854564667,0.3020000159740448,0.22500000894069672,0.2160000056028366,0.3009999990463257,0.31300002336502075,0.29899999499320984,0.26600000262260437,0.27000001072883606,0.328000009059906,0.3790000081062317,0.4010000228881836,-0.00699999975040555,0.027000000700354576,0.14100000262260437,0.14999999105930328,-0.22600001096725464,-0.527999997138977,-0.8510000109672546,-1.0529999732971191,-1.1380000114440918,-1.0509999990463257,-0.7949999570846558,-0.7540000081062317,-0.7109999656677246,-0.6570000052452087,-0.5809999704360962,-0.5519999861717224,-0.6369999647140503,-0.7620000243186951,-0.5710000395774841,-0.37599998712539673,-0.30400002002716064,0.0,0.0,0.0,0.0,0.0,0.0,0.0,0.0,0.0,0.0,0.0,0.0,0.0,0.0,0.0,0.0
