static/data/wind.json
{"header": { "parameterNumberName":"eastward_wind", "parameterUnit":"m.s-1", "parameterNumber":2, "parameterCategory":2, "nx":161, "ny":261, "numberPoints":42021, "dx":0.004999999999999982, "dy":0.004999999999999989, "la1":-31.5, "lo1":115.2, "la2":-32.8, "lo2":116.0 }, "data":
[rows 48 to 71 of 261, columns 54 to 107 of 161]
0.0,0.0,0.0,0.0,0.0,0.0,0.0,0.0,1.5870000123977661,1.5209999084472656,1.4539999961853027,1.38100004196167,1.312000036239624,1.2450000047683716,1.184000015258789,1.1740000247955322,1.1859999895095825,1.1949999332427979,1.2160000801086426,1.2330000400543213,1.2300000190734863,1.2259999513626099,1.221000075340271,1.2080000638961792,1.1859999895095825,1.149999976158142,1.1019999980926514,1.0360000133514404,0.8990000486373901,0.9950000047683716,1.218999981880188,1.253000020980835,1.2699999809265137,1.274999976158142,1.2070000171661377,1.1330000162124634,1.0329999923706055,0.8569999933242798,0.6650000214576721,0.6620000600814819,0.7069999575614929,0.19300000369548798,0.20800000429153442,0.2939999997615814,0.29100000858306885,0.24199999868869781,-0.013000000268220901,-0.296999990940094,-0.28200000524520874,0.044999998062849045,0.0,0.0,0.0,0.0
0.0,0.0,0.0,0.0,0.0,0.0,1.5789999961853027,1.5299999713897705,1.4779999256134033,1.4129998683929443,1.3429999351501465,1.2630000114440918,1.2120000123977661,1.1959999799728394,1.1929999589920044,1.1959999799728394,1.2020000219345093,1.1949999332427979,1.1920000314712524,1.187000036239624,1.1859999895095825,1.181999921798706,1.1710000038146973,1.1510000228881836,1.125,1.0870000123977661,1.034999966621399,0.9759999513626099,0.9290000200271606,0.6909999847412109,0.7419999837875366,0.9880000352859497,1.2680000066757202,1.2289999723434448,1.246999979019165,1.0959999561309814,0.9790000319480896,0.9309999942779541,0.8579999804496765,0.6330000162124634,0.4100000262260437,0.4259999990463257,0.6800000667572021,0.3269999921321869,0.11400000005960464,-0.20800000429153442,-0.12799999117851257,-0.06399999558925629,0.00699999975040555,-0.08900000154972076,0.10099999606609344,0.0,0.0,0.0
0.0,0.0,0.0,0.0,1.559000015258789,1.5209999084472656,1.4789999723434448,1.4279999732971191,1.375,1.305999994277954,1.2710000276565552,1.2350000143051147,1.2170000076293945,1.2030000686645508,1.1829999685287476,1.1610000133514404,1.1469999551773071,1.1399999856948853,1.1370000839233398,1.1339999437332153,1.128000020980835,1.11899995803833,1.1089999675750732,1.0839999914169312,1.0469999313354492,0.9990000128746033,0.956000030040741,0.9440000057220459,0.8219999670982361,0.5809999704360962,0.4650000035762787,0.37300002574920654,0.75,0.6899999976158142,0.8370000123977661,1.1859999895095825,1.0829999446868896,0.9089999794960022,0.7739999890327454,0.6369999647140503,0.43699997663497925,0.2529999911785126,0.1810000091791153,0.0729999989271164,0.19600000977516174,0.20899999141693115,0.19300000369548798,0.22299998998641968,0.0949999988079071,-0.04999999701976776,0.05700000002980232,0.0,0.0,0.0
0.0,0.0,1.5320000648498535,1.49399995803833,1.4589999914169312,1.4219999313354492,1.3819999694824219,1.3320000171661377,1.3109999895095825,1.281999945640564,1.2649999856948853,1.2409999370574951,1.1920000314712524,1.152999997138977,1.1150000095367432,1.0959999561309814,1.0820000171661377,1.0740000009536743,1.069000005722046,1.065999984741211,1.0609999895095825,1.0479999780654907,1.031000018119812,0.996999979019165,0.956000030040741,0.9070000052452087,0.8299999833106995,0.7480000257492065,0.6019999980926514,0.5029999613761902,0.41600000858306885,0.3330000042915344,0.37700000405311584,0.35500001907348633,0.5029999613761902,0.7760000228881836,0.9810000061988831,0.902999997138977,0.6669999361038208,0.5119999647140503,0.453000009059906,0.39399999380111694,0.06000000238418579,0.3139999806880951,0.40800002217292786,0.5360000133514404,0.32999998331069946,0.22100000083446503,0.23199999332427979,0.07100000232458115,0.015000000596046448,0.0,0.0,0.0
1.4859999418258667,1.4700000286102295,1.437000036239624,1.4010000228881836,1.3609999418258667,1.3269999027252197,1.315000057220459,1.2950000762939453,1.281999945640564,1.2610000371932983,1.2139999866485596,1.1670000553131104,1.1159999370574951,1.0779999494552612,1.0450000762939453,1.027000069618225,1.0109999179840088,1.003999948501587,0.9979999661445618,0.9929999709129333,0.9830000400543213,0.9709999561309814,0.9509999752044678,0.9130000472068787,0.8690000176429749,0.812999963760376,0.7300000190734863,0.6290000081062317,0.5090000033378601,0.41600000858306885,0.31800001859664917,0.21799999475479126,0.21799999475479126,0.1889999955892563,0.11900000274181366,0.28600001335144043,0.5360000133514404,0.6620000600814819,0.6330000162124634,0.5149999856948853,0.38600000739097595,0.5320000052452087,0.562000036239624,0.6129999756813049,0.6260000467300415,0.390999972820282,0.2449999898672104,0.25,0.7170000076293945,0.5849999785423279,0.013000000268220901,0.060999996960163116,0.0,0.0
1.3860000371932983,1.3670001029968262,1.3410000801086426,1.309000015258789,1.2940000295639038,1.281999945640564,1.2710000276565552,1.252000093460083,1.2160000801086426,1.1759999990463257,1.1299999952316284,1.0839999914169312,1.0399999618530273,1.0059999227523804,0.9740000367164612,0.9549999833106995,0.9369999766349792,0.9269999861717224,0.9210000038146973,0.9170000553131104,0.9139999747276306,0.9009999632835388,0.8759999871253967,0.8349999785423279,0.7870000004768372,0.7339999675750732,0.6360000371932983,0.5199999809265137,0.40199998021125793,0.2980000078678131,0.19699999690055847,0.08999999612569809,0.11699999868869781,0.07699999958276749,0.024000000208616257,-0.0,0.23900000751018524,0.4569999873638153,0.6330000162124634,0.49300000071525574,0.4179999828338623,0.6520000100135803,0.7989999651908875,0.6710000038146973,0.46399998664855957,0.44300001859664917,0.35600000619888306,0.21899999678134918,0.22600001096725464,0.3059999942779541,0.14900000393390656,0.06000000238418579,0.0,0.0
1.3009999990463257,1.2630000114440918,1.2649999856948853,1.2610000371932983,1.246999979019165,1.2309999465942383,1.2020000219345093,1.1729999780654907,1.1339999437332153,1.0920000076293945,1.0460000038146973,1.0019999742507935,0.9629999995231628,0.9279999732971191,0.8950000405311584,0.875,0.8569999933242798,0.8519999980926514,0.8569999933242798,0.8640000224113464,0.8569999933242798,0.8399999737739563,0.8059999942779541,0.7609999775886536,0.7120000123977661,0.6549999713897705,0.5360000133514404,0.40700000524520874,0.29100000858306885,0.18799999356269836,0.08500000834465027,-0.02499999850988388,0.23399999737739563,0.2980000078678131,0.08999999612569809,0.05400000140070915,0.13500000536441803,0.24800001084804535,0.33500000834465027,0.5649999976158142,0.7260000109672546,0.9459999799728394,0.6599999666213989,0.5029999613761902,0.5550000071525574,0.453000009059906,0.3460000157356262,0.22600001096725464,0.21199999749660492,0.2160000056028366,0.15599998831748962,0.03500000014901161,0.0,0.0
1.2419999837875366,1.222000002861023,1.2179999351501465,1.2059999704360962,1.181999921798706,1.156000018119812,1.125999927520752,1.0899999141693115,1.0469999313354492,1.003999948501587,0.9600000381469727,0.9170000553131104,0.8770000338554382,0.8420000076293945,0.812000036239624,0.7940000295639038,0.781000018119812,0.7879999876022339,0.7940000295639038,0.8059999942779541,0.7949999570846558,0.7769999504089355,0.737000048160553,0.684999942779541,0.6299999952316284,0.5699999928474426,0.45000001788139343,0.28700000047683716,0.18299999833106995,0.09300000220537186,0.13500000536441803,0.16100001335144043,0.37300002574920654,0.6089999675750732,0.4259999990463257,0.09300000220537186,-0.010000000707805157,-0.023000000044703484,0.18200001120567322,0.41499999165534973,0.5410000085830688,0.562999963760376,0.6260000467300415,0.6019999980926514,0.5460000038146973,0.4740000069141388,0.4390000104904175,0.3400000333786011,0.2930000126361847,0.27799999713897705,0.1850000023841858,0.07400000095367432,0.0,0.0
1.2070000171661377,1.1890000104904175,1.1540000438690186,1.13100004196167,1.1080000400543213,1.0770000219345093,1.0410000085830688,1.0019999742507935,0.9600000381469727,0.9139999747276306,0.8700000047683716,0.8270000219345093,0.7900000214576721,0.7590000629425049,0.7329999804496765,0.7139999866485596,0.7039999961853027,0.7199999690055847,0.7339999675750732,0.7440000176429749,0.7350000143051147,0.7129999995231628,0.6580000519752502,0.6060000061988831,0.5339999794960022,0.4659999907016754,0.3409999907016754,0.20099999010562897,0.23399999737739563,0.37300002574920654,0.35500001907348633,0.29100000858306885,0.2580000162124634,0.3569999933242798,0.5029999613761902,0.289000004529953,0.06800000369548798,0.06200000271201134,0.18200001120567322,0.3779999911785126,0.46000000834465027,0.5839999914169312,0.7329999804496765,0.6310000419616699,0.4699999690055847,0.4960000216960907,0.5199999809265137,0.30799999833106995,0.21199999749660492,0.22500000894069672,0.0729999989271164,0.057999998331069946,0.0,0.0
1.156000018119812,1.1180000305175781,1.0800000429153442,1.0540000200271606,1.024999976158142,0.9909999966621399,0.956000030040741,0.9110000133514404,0.8659999966621399,0.8209999799728394,0.7800000309944153,0.7440000176429749,0.7089999914169312,0.6779999732971191,0.6599999666213989,0.6490000486373901,0.640999972820282,0.6570000052452087,0.6819999814033508,0.6940000057220459,0.6830000281333923,0.6499999761581421,0.5659999847412109,0.4860000014305115,0.41099998354911804,0.406000018119812,0.4280000329017639,0.38600000739097595,0.4129999876022339,0.43400001525878906,0.43400001525878906,0.3569999933242798,0.2639999985694885,0.1860000044107437,0.25,0.4729999899864197,0.6019999980926514,0.5070000290870667,0.421999990940094,0.30300000309944153,0.2669999897480011,0.2239999920129776,0.453000009059906,0.2449999898672104,0.04399999976158142,-0.08000000566244125,-0.14499999582767487,0.19699999690055847,0.17000001668930054,0.14100000262260437,0.05100000277161598,0.015000000596046448,0.10400000214576721,0.0
1.0789999961853027,1.0390000343322754,0.9990000128746033,0.9670000076293945,0.9390000104904175,0.8990000486373901,0.8569999933242798,0.812999963760376,0.7739999890327454,0.7400000095367432,0.7039999961853027,0.6660000085830688,0.6430000066757202,0.6230000257492065,0.6050000190734863,0.597000002861023,0.6110000014305115,0.6299999952316284,0.656000018119812,0.6459999680519104,0.5989999771118164,0.5320000052452087,0.4479999840259552,0.45399999618530273,0.48000001907348633,0.5199999809265137,0.574999988079071,0.4780000150203705,0.3869999945163727,0.3460000157356262,0.4129999876022339,0.4039999842643738,0.3089999854564667,0.2549999952316284,0.2580000162124634,0.4350000023841858,0.7269999980926514,0.8919999599456787,0.6340000033378601,0.25999999046325684,0.17899999022483826,0.07400000095367432,-0.10400000214576721,-0.06700000166893005,-0.04100000113248825,-0.11900000274181366,-0.4350000023841858,-0.21899999678134918,-0.07000000029802322,0.023000000044703484,-0.1290000081062317,-0.11699999868869781,0.07799999415874481,0.0
1.0049999952316284,0.9570000171661377,0.9160000085830688,0.8739999532699585,0.8370000123977661,0.796999990940094,0.7599999904632568,0.7289999723434448,0.6970000267028809,0.6629999876022339,0.6430000066757202,0.6200000047683716,0.597000002861023,0.5839999914169312,0.5879999995231628,0.593999981880188,0.6060000061988831,0.5979999899864197,0.5900000333786011,0.5550000071525574,0.5220000147819519,0.5350000262260437,0.5530000329017639,0.5699999928474426,0.5410000085830688,0.7910000085830688,0.902999997138977,0.6490000486373901,0.4580000042915344,0.42399999499320984,0.3779999911785126,0.34700000286102295,0.31800001859664917,0.35199999809265137,0.43400001525878906,0.5609999895095825,0.5809999704360962,0.6200000047683716,0.6340000033378601,0.4490000009536743,0.3569999933242798,0.27799999713897705,0.10200000554323196,0.14300000667572021,0.1940000057220459,0.1379999965429306,-0.020000001415610313,-0.024000000208616257,0.08100000023841858,0.05900000035762787,-0.05700000002980232,-0.09800000488758087,-0.005000000353902578,0.0
0.9329999685287476,0.8770000338554382,0.8209999799728394,0.7699999809265137,0.7329999804496765,0.7069999575614929,0.6779999732971191,0.6490000486373901,0.6340000033378601,0.6169999837875366,0.5979999899864197,0.5870000123977661,0.5849999785423279,0.5839999914169312,0.5830000042915344,0.5479999780654907,0.5049999952316284,0.4789999723434448,0.4870000183582306,0.4449999928474426,0.5720000267028809,0.6200000047683716,0.6060000061988831,0.5680000185966492,0.5960000157356262,0.9269999861717224,0.7480000257492065,0.6019999980926514,0.4960000216960907,0.39900001883506775,0.335999995470047,0.3709999918937683,0.4259999990463257,0.48099997639656067,0.43400001525878906,0.44599997997283936,0.4179999828338623,0.36400002241134644,0.5149999856948853,0.5059999823570251,0.36400002241134644,0.35600000619888306,0.3440000116825104,0.32200002670288086,0.3290000259876251,0.2150000035762787,0.16599999368190765,0.12700000405311584,0.1459999978542328,0.07899999618530273,0.05100000277161598,0.06499999761581421,0.06700000166893005,0.0
0.859000027179718,0.7859999537467957,0.7249999642372131,0.671999990940094,0.6480000019073486,0.621999979019165,0.6080000400543213,0.5979999899864197,0.5860000252723694,0.5820000171661377,0.5839999914169312,0.5839999914169312,0.5770000219345093,0.5449999570846558,0.5090000033378601,0.4650000035762787,0.4300000071525574,0.3920000195503235,0.35999998450279236,0.4039999842643738,0.41499999165534973,0.6110000014305115,0.5999999642372131,0.5960000157356262,0.5460000038146973,0.5830000042915344,0.5799999833106995,0.5410000085830688,0.4560000002384186,0.41200000047683716,0.42399999499320984,0.48399999737739563,0.6029999852180481,0.6430000066757202,0.4569999873638153,0.22600001096725464,0.2199999988079071,0.2759999930858612,0.25,0.3370000123977661,0.2160000056028366,0.21700000762939453,0.1510000079870224,0.08500000834465027,0.11800000071525574,0.22200000286102295,0.20999999344348907,0.1679999977350235,0.1850000023841858,0.0729999989271164,0.09700000286102295,0.0820000022649765,0.2409999966621399,0.0
0.781000018119812,0.7039999961853027,0.6360000371932983,0.5830000042915344,0.5590000152587891,0.562999963760376,0.5569999814033508,0.5579999685287476,0.5680000185966492,0.5759999752044678,0.5789999961853027,0.562000036239624,0.5449999570846558,0.5070000290870667,0.4740000069141388,0.43799999356269836,0.3869999945163727,0.39399999380111694,0.45000001788139343,0.5449999570846558,0.6050000190734863,0.6290000081062317,0.6459999680519104,0.64000004529953,0.5699999928474426,0.5590000152587891,0.5490000247955322,0.5540000200271606,0.5170000195503235,0.49800002574920654,0.531000018119812,0.7080000042915344,0.6759999990463257,0.550000011920929,0.37599998712539673,0.21899999678134918,0.2160000056028366,0.41700002551078796,0.35500001907348633,0.3290000259876251,0.21400001645088196,0.22200000286102295,0.1469999998807907,0.02199999988079071,0.06700000166893005,0.24900001287460327,0.2239999920129776,0.18200001120567322,0.2070000022649765,0.08900000154972076,0.0860000029206276,0.08299999684095383,0.16599999368190765,0.0
0.7170000076293945,0.6310000419616699,0.5519999861717224,0.5170000195503235,0.49699997901916504,0.5029999613761902,0.5329999923706055,0.5530000329017639,0.5640000104904175,0.5830000042915344,0.5720000267028809,0.562000036239624,0.5540000200271606,0.5249999761581421,0.4860000014305115,0.4749999940395355,0.5189999938011169,0.562000036239624,0.6119999885559082,0.6330000162124634,0.6599999666213989,0.6779999732971191,0.6830000281333923,0.6520000100135803,0.5519999861717224,0.562000036239624,0.5860000252723694,0.6100000143051147,0.6290000081062317,0.6710000038146973,0.6270000338554382,0.5350000262260437,0.4699999690055847,0.41200000047683716,0.31700000166893005,0.3659999966621399,0.48799997568130493,0.5879999995231628,0.5449999570846558,0.4520000219345093,0.3489999771118164,0.32099997997283936,0.28700000047683716,0.21799999475479126,0.1550000011920929,0.23499998450279236,0.19699999690055847,0.1810000091791153,0.13899999856948853,-0.12999999523162842,0.10099999606609344,0.1420000046491623,0.08299999684095383,0.04999999701976776
0.6589999794960022,0.5950000286102295,0.5119999647140503,0.46700000762939453,0.45399999618530273,0.4919999837875366,0.5270000100135803,0.5659999847412109,0.597000002861023,0.6060000061988831,0.6140000224113464,0.6140000224113464,0.593999981880188,0.5849999785423279,0.5900000333786011,0.6190000176429749,0.6419999599456787,0.6610000133514404,0.684999942779541,0.7029999494552612,0.7089999914169312,0.7190000414848328,0.722000002861023,0.6940000057220459,0.593999981880188,0.6010000109672546,0.6589999794960022,0.7199999690055847,0.6779999732971191,0.5149999856948853,0.37400001287460327,0.3499999940395355,0.3319999873638153,0.4100000262260437,0.5220000147819519,0.5900000333786011,0.6019999980926514,0.6639999747276306,0.6940000057220459,0.5710000395774841,0.47600001096725464,0.39800000190734863,0.41200000047683716,0.39800000190734863,0.3540000021457672,0.328000009059906,0.2639999985694885,0.2150000035762787,0.1340000033378601,0.17000001668930054,0.1290000081062317,0.20600000023841858,0.16899999976158142,-0.020999999716877937
0.6209999918937683,0.5920000076293945,0.5019999742507935,0.45899999141693115,0.46000000834465027,0.4989999830722809,0.5710000395774841,0.6169999837875366,0.6589999794960022,0.6800000667572021,0.6830000281333923,0.675000011920929,0.6660000085830688,0.6660000085830688,0.684999942779541,0.7039999961853027,0.722000002861023,0.7350000143051147,0.7559999823570251,0.7649999856948853,0.7559999823570251,0.7660000324249268,0.7680000066757202,0.7620000243186951,0.6990000009536743,0.7089999914169312,0.7379999756813049,0.7639999389648438,0.5540000200271606,0.37400001287460327,0.29999998211860657,0.3139999806880951,0.48399999737739563,0.6140000224113464,0.6510000228881836,0.6790000200271606,0.6899999976158142,0.6859999895095825,0.8450000286102295,0.7010000348091125,0.625,0.4729999899864197,0.5220000147819519,0.5139999985694885,0.5090000033378601,0.44699999690055847,0.4699999690055847,0.44599997997283936,0.3569999933242798,0.2669999897480011,0.15299999713897705,0.23199999332427979,0.17999999225139618,-0.0139999995008111
0.5950000286102295,0.593999981880188,0.5329999923706055,0.46799999475479126,0.48900002241134644,0.5249999761581421,0.6040000319480896,0.6880000233650208,0.7339999675750732,0.7410000562667847,0.722000002861023,0.7050000429153442,0.7129999995231628,0.7460000514984131,0.7730000019073486,0.7900000214576721,0.8020000457763672,0.8079999685287476,0.8240000009536743,0.8289999961853027,0.812000036239624,0.8240000009536743,0.8479999899864197,0.8619999885559082,0.8160000443458557,0.7389999628067017,0.8250000476837158,0.7910000085830688,0.7129999995231628,0.48900002241134644,0.4919999837875366,0.6190000176429749,0.6539999842643738,0.6840000152587891,0.7389999628067017,0.7919999957084656,0.8389999866485596,0.7379999756813049,0.8950000405311584,0.8529999852180481,0.753000020980835,0.6080000400543213,0.5860000252723694,0.5879999995231628,0.574999988079071,0.4989999830722809,0.5209999680519104,0.49400001764297485,0.4860000014305115,0.3460000157356262,0.1940000057220459,0.20600000023841858,0.2280000001192093,0.0729999989271164
0.578000009059906,0.5889999866485596,0.5699999928474426,0.5410000085830688,0.5429999828338623,0.5849999785423279,0.6310000419616699,0.7150000333786011,0.7379999756813049,0.7190000414848328,0.7100000381469727,0.7580000162124634,0.796999990940094,0.8299999833106995,0.8609999418258667,0.878000020980835,0.8810000419616699,0.875,0.8820000290870667,0.9009999632835388,0.9040000438690186,0.9210000038146973,0.9670000076293945,0.9790000319480896,0.8039999604225159,0.5080000162124634,0.5960000157356262,0.7569999694824219,0.746999979019165,0.7039999961853027,0.7080000042915344,0.6990000009536743,0.7010000348091125,0.7360000014305115,0.7789999842643738,0.7929999828338623,0.8600000143051147,0.8609999418258667,0.8309999704360962,0.9319999814033508,0.812000036239624,0.7069999575614929,0.5809999704360962,0.5950000286102295,0.5509999990463257,0.5059999823570251,0.4749999940395355,0.32099997997283936,0.25099998712539673,0.26899999380111694,0.24300000071525574,0.1730000078678131,0.21199999749660492,0.06800000369548798
0.562999963760376,0.6549999713897705,0.7980000376701355,0.7440000176429749,0.6880000233650208,0.6840000152587891,0.687000036239624,0.6629999876022339,0.6710000038146973,0.7319999933242798,0.8009999990463257,0.8460000157356262,0.8869999647140503,0.9240000247955322,0.9480000138282776,0.949999988079071,0.9420000314712524,0.9440000057220459,0.9679999947547913,1.0010000467300415,1.0410000085830688,1.0410000085830688,1.1469999551773071,1.1100000143051147,0.9799999594688416,0.7710000276565552,0.5889999866485596,0.7980000376701355,0.8140000104904175,0.8100000023841858,0.7620000243186951,0.7440000176429749,0.7029999494552612,0.7109999656677246,0.7150000333786011,0.7590000629425049,0.8140000104904175,0.859000027179718,0.7300000190734863,0.8880000114440918,0.7710000276565552,0.7069999575614929,0.5260000228881836,0.5220000147819519,0.4390000104904175,0.4179999828338623,0.4039999842643738,0.4399999976158142,0.44300001859664917,0.43699997663497925,0.414000004529953,0.3579999804496765,0.17899999022483826,0.1080000028014183
0.652999997138977,0.7389999628067017,0.8709999918937683,0.9610000252723694,0.9650000333786011,0.7929999828338623,0.6790000200271606,0.6650000214576721,0.7419999837875366,0.8230000138282776,0.8950000405311584,0.9449999928474426,0.9880000352859497,0.9979999661445618,1.0049999952316284,1.0140000581741333,1.0299999713897705,1.0479999780654907,1.0950000286102295,1.190000057220459,1.2620000839233398,1.1790000200271606,1.1480000019073486,1.1699999570846558,1.0709999799728394,0.9619999527931213,0.8759999871253967,0.8209999799728394,0.8399999737739563,0.875,0.878000020980835,0.7710000276565552,0.6889999508857727,0.6449999809265137,0.7199999690055847,0.7660000324249268,0.7859999537467957,0.7900000214576721,0.6909999847412109,0.7170000076293945,0.7129999995231628,0.6080000400543213,0.5370000004768372,0.44599997997283936,0.4280000329017639,0.39800000190734863,0.44300001859664917,0.6080000400543213,0.6729999780654907,0.6729999780654907,0.5370000004768372,0.13699999451637268,0.032999999821186066,0.02499999850988388
0.7980000376701355,0.7029999494552612,0.8539999723434448,0.9480000138282776,0.9549999833106995,0.7749999761581421,0.7280000448226929,0.7639999389648438,0.8330000042915344,0.9179999828338623,0.9929999709129333,1.031000018119812,1.0469999313354492,1.0570000410079956,1.0859999656677246,1.1130000352859497,1.1540000438690186,1.2369999885559082,1.316999912261963,1.3590000867843628,1.3660000562667847,1.334999918937683,1.1710000038146973,1.156000018119812,1.0950000286102295,1.0199999809265137,0.9259999990463257,0.8770000338554382,0.9259999990463257,0.9650000333786011,0.9629999995231628,0.8190000057220459,0.7490000128746033,0.6920000314712524,0.684999942779541,0.6729999780654907,0.6700000166893005,0.7230000495910645,0.6970000267028809,0.6800000667572021,0.8579999804496765,0.6549999713897705,0.6459999680519104,0.5199999809265137,0.574999988079071,0.5379999876022339,0.593999981880188,0.6089999675750732,0.597000002861023,0.47699999809265137,0.41600000858306885,0.3370000123977661,0.25,0.16599999368190765
0.8179999589920044,0.5999999642372131,0.6930000185966492,0.7850000262260437,0.8289999961853027,0.8619999885559082,0.8289999961853027,0.8619999885559082,0.9210000038146973,1.0010000467300415,1.0440000295639038,1.0770000219345093,1.1150000095367432,1.1519999504089355,1.184000015258789,1.3050000667572021,1.412000060081482,1.444000005722046,1.4249999523162842,1.4110000133514404,1.3650000095367432,1.3109999895095825,1.2200000286102295,1.1410000324249268,1.1050000190734863,1.059999942779541,1.0260000228881836,1.0049999952316284,1.055999994277954,1.0789999961853027,1.0509999990463257,0.972000002861023,0.8569999933242798,0.737000048160553,0.6710000038146973,0.7150000333786011,0.7730000019073486,0.8160000443458557,0.812000036239624,0.7440000176429749,0.7660000324249268,0.7230000495910645,0.64000004529953,0.6610000133514404,0.6100000143051147,0.5519999861717224,0.5139999985694885,0.5659999847412109,0.5879999995231628,0.3929999768733978,0.37300002574920654,0.3139999806880951,0.2549999952316284,0.1850000023841858
