static/data/wind11.json
{"header": { "parameterNumberName": "northward_wind", "parameterUnit": "m.s-1", "parameterNumber": 3, "parameterCategory": 2, "nx": 121, "ny": 221, "numberPoints": 26741, "dx": 0.005000000000000071, "dy": 0.005000000000000006, "la1": -31.6, "lo1": 115.3, "la2": -32.7, "lo2": 115.9, "refTime": "2022-11-25 18:00:00" }, "data":
[rows 66 to 87 of 221, columns 0 to 48 of 121]
0.0,0.0,0.0,0.0,0.0,0.0,0.0,0.0,0.0,1.4730000495910645,1.5350000858306885,1.597999930381775,1.562999963760376,1.4589999914169312,1.1069999933242798,0.7440000176429749,0.414000004529953,0.16100001335144043,0.027000000700354576,-0.1340000033378601,-0.2800000011920929,-0.44699999690055847,-0.5400000214576721,-0.6279999613761902,-1.0889999866485596,-0.7599999904632568,-0.44200000166893005,-0.010999999940395355,0.38499999046325684,0.7249999642372131,0.9679999947547913,1.1339999437332153,1.24399995803833,1.334999918937683,1.3910000324249268,1.3300000429153442,1.1209999322891235,1.1999999284744263,1.252000093460083,1.2620000839233398,1.1699999570846558,1.1430000066757202,1.159999966621399,1.3040000200271606,1.3969999551773071,1.441999912261963,1.4800000190734863,1.4779999256134033,1.4520000219345093
0.0,0.0,0.0,0.0,0.0,0.0,0.0,0.0,0.0,1.4769999980926514,1.5440000295639038,1.6119999885559082,1.5509999990463257,1.4609999656677246,1.121999979019165,0.7730000019073486,0.47200000286102295,0.24900001287460327,0.07699999958276749,-0.09800000488758087,-0.28600001335144043,-0.4699999690055847,-0.5690000057220459,-0.722000002861023,-1.059999942779541,-1.0230000019073486,-0.6740000247955322,-0.2239999920129776,0.27000001072883606,0.7300000190734863,0.9639999866485596,1.1380000114440918,1.2319999933242798,1.3259999752044678,1.4170000553131104,1.3580000400543213,0.9369999766349792,0.9830000400543213,1.0230000019073486,1.0290000438690186,0.9929999709129333,1.003000020980835,1.0290000438690186,1.159999966621399,1.2369999885559082,1.315000057220459,1.3930000066757202,1.439000129699707,1.4509999752044678
0.0,0.0,0.0,0.0,0.0,0.0,0.0,0.0,0.0,1.4830000400543213,1.553999900817871,1.625999927520752,1.563999891281128,1.434999942779541,1.1029999256134033,0.8109999895095825,0.5139999985694885,0.3109999895095825,0.11699999868869781,-0.1080000028014183,-0.31800001859664917,-0.5260000228881836,-0.6179999709129333,-0.7139999866485596,-0.8700000047683716,-0.8389999866485596,-0.687000036239624,-0.3319999873638153,0.16499999165534973,0.6230000257492065,0.9610000252723694,1.1349999904632568,1.2730000019073486,1.3670001029968262,1.3259999752044678,1.1039999723434448,0.7319999933242798,0.7980000376701355,0.878000020980835,0.9449999928474426,0.9279999732971191,0.9040000438690186,0.8789999485015869,0.9790000319480896,1.0509999990463257,1.1399999856948853,1.2720000743865967,1.434000015258789,1.3910000324249268
0.0,0.0,0.0,0.0,0.0,0.0,0.0,0.0,0.0,1.4890000820159912,1.563999891281128,1.63100004196167,1.5479999780654907,1.3849999904632568,1.093999981880188,0.8179999589920044,0.5659999847412109,0.37700000405311584,0.16599999368190765,-0.07400000095367432,-0.3149999976158142,-0.5090000033378601,-0.6040000319480896,-0.6979999542236328,-0.9170000553131104,-0.8030000329017639,-0.5490000247955322,-0.16499999165534973,0.2709999978542328,0.6769999861717224,0.9440000057220459,1.1420000791549683,1.2269999980926514,1.246999979019165,1.1370000839233398,0.9350000619888306,0.6549999713897705,0.7139999866485596,0.8429999351501465,1.0119999647140503,0.9889999628067017,0.871999979019165,0.7850000262260437,0.6819999814033508,0.8230000138282776,0.9490000009536743,1.1710000038146973,1.2839999198913574,1.2720000743865967
0.0,0.0,0.0,0.0,0.0,0.0,0.0,0.0,0.0,1.4950000047683716,1.5729999542236328,1.6089999675750732,1.5109999179840088,1.3450000286102295,1.0950000286102295,0.8869999647140503,0.6610000133514404,0.4659999907016754,0.23900000751018524,-0.0139999995008111,-0.2709999978542328,-0.47600001096725464,-0.5950000286102295,-0.8700000047683716,-1.065000057220459,-0.9700000286102295,-0.5999999642372131,-0.017999999225139618,0.3479999899864197,0.656000018119812,0.9139999747276306,1.0859999656677246,1.1689999103546143,1.1729999780654907,1.156000018119812,0.9929999709129333,0.4309999942779541,0.46299999952316284,0.7379999756813049,1.062999963760376,0.9749999642372131,0.6679999828338623,0.4309999942779541,0.4789999723434448,0.6510000228881836,0.8289999961853027,1.0709999799728394,1.2059999704360962,1.246000051498413
0.0,0.0,0.0,0.0,0.0,0.0,0.0,0.0,0.0,1.5,1.561000108718872,1.569000005722046,1.5080000162124634,1.3619999885559082,1.1410000324249268,0.9480000138282776,0.7620000243186951,0.5690000057220459,0.33100003004074097,0.06800000369548798,-0.2409999966621399,-0.4620000123977661,-0.6209999918937683,-0.9269999861717224,-1.0899999141693115,-1.1039999723434448,-0.6019999980926514,0.017999999225139618,0.335999995470047,0.5879999995231628,0.8519999980926514,1.0460000038146973,1.2170000076293945,1.2109999656677246,0.9409999847412109,0.5830000042915344,-0.008999999612569809,0.328000009059906,0.8079999685287476,1.0889999866485596,0.8230000138282776,0.44599997997283936,0.19999998807907104,0.38600000739097595,0.593999981880188,0.7989999651908875,0.9960000514984131,1.1510000228881836,1.2899999618530273
0.0,0.0,0.0,0.0,0.0,0.0,0.0,0.0,1.4560000896453857,1.5049999952316284,1.555999994277954,1.562000036239624,1.5219999551773071,1.3680000305175781,1.1699999570846558,1.027000069618225,0.8550000190734863,0.6899999976158142,0.4410000145435333,0.164000004529953,-0.16899999976158142,-0.4410000145435333,-0.6700000166893005,-1.0450000762939453,-1.1629999876022339,-1.13100004196167,-0.6110000014305115,-0.003999999724328518,0.2160000056028366,0.4610000252723694,0.8160000443458557,1.1119999885559082,1.2489999532699585,0.722000002861023,0.20099999010562897,-0.015000000596046448,-0.42100000381469727,0.2619999945163727,0.7509999871253967,1.034000039100647,0.39500001072883606,0.21199999749660492,0.17800000309944153,0.4259999990463257,0.6610000133514404,0.8190000057220459,0.9839999675750732,1.1089999675750732,1.2080000638961792
0.0,0.0,0.0,0.0,0.0,0.0,0.0,0.0,1.468999981880188,1.5109999179840088,1.5520000457763672,1.5479999780654907,1.5149999856948853,1.3639999628067017,1.194000005722046,1.0729999542236328,0.9459999799728394,0.7960000038146973,0.5830000042915344,0.28999999165534973,-0.06599999964237213,-0.3709999918937683,-0.7050000429153442,-1.2039999961853027,-1.1890000104904175,-1.247999906539917,-0.652999997138977,-0.26499998569488525,0.1119999960064888,0.5019999742507935,0.8919999599456787,0.875,0.46000000834465027,0.044999998062849045,-0.15900000929832458,-0.45899999141693115,-0.6510000228881836,-0.03400000184774399,0.49800002574920654,0.7339999675750732,0.7519999742507935,0.6279999613761902,0.5830000042915344,0.6800000667572021,0.9040000438690186,0.9929999709129333,1.0740000009536743,1.1510000228881836,1.11899995803833
0.0,0.0,0.0,0.0,0.0,0.0,0.0,0.0,1.4830000400543213,1.5170000791549683,1.5530000925064087,1.5410000085830688,1.5109999179840088,1.3650000095367432,1.2309999465942383,1.1480000019073486,1.0299999713897705,0.8980000019073486,0.6979999542236328,0.4179999828338623,0.041999999433755875,-0.47699999809265137,-0.8579999804496765,-0.9830000400543213,-1.315000057220459,-1.7110000848770142,-0.9459999799728394,-0.23600000143051147,0.25,0.5199999809265137,0.5230000019073486,0.3659999966621399,0.19500000774860382,-0.003000000026077032,-0.3460000157356262,-0.4580000042915344,-0.6729999780654907,-0.5139999985694885,0.05100000277161598,0.4300000071525574,0.7150000333786011,0.687000036239624,0.7139999866485596,1.0069999694824219,0.972000002861023,0.9889999628067017,1.0410000085830688,1.0419999361038208,0.968999981880188
0.0,0.0,0.0,0.0,0.0,0.0,0.0,0.0,1.496000051498413,1.5209999084472656,1.5469999313354492,1.534000039100647,1.5099999904632568,1.36899995803833,1.2580000162124634,1.1949999332427979,1.1010000705718994,0.9729999899864197,0.796999990940094,0.5059999823570251,0.11800000071525574,-0.9979999661445618,-0.5649999976158142,-0.5759999752044678,-1.2400000095367432,-1.7980000972747803,-0.8359999656677246,0.07499999552965164,-0.027000000700354576,-0.01900000125169754,0.12199999392032623,0.10700000822544098,0.13199999928474426,0.11100000143051147,-0.1420000046491623,-0.2789999842643738,-0.2449999898672104,-0.5429999828338623,-0.28700000047683716,0.16200000047683716,0.3479999899864197,0.5540000200271606,0.8420000076293945,1.2049999237060547,0.9700000286102295,0.7769999504089355,0.8259999752044678,0.6949999928474426,0.6660000085830688
0.0,0.0,0.0,0.0,0.0,0.0,0.0,0.0,1.4920001029968262,1.5170000791549683,1.5440000295639038,1.5139999389648438,1.4900000095367432,1.3639999628067017,1.2769999504089355,1.2400000095367432,1.149999976158142,1.0290000438690186,0.812999963760376,0.49300000071525574,-0.0139999995008111,-1.2660000324249268,-0.597000002861023,-0.5809999704360962,-1.1230000257492065,-1.0299999713897705,-0.5710000395774841,0.032999999821186066,-0.31599998474121094,0.041999999433755875,0.39399999380111694,0.24800001084804535,-0.024000000208616257,-0.03100000135600567,0.057999998331069946,0.1899999976158142,0.2239999920129776,0.08799999952316284,-0.13300000131130219,-0.003000000026077032,0.7310000061988831,0.8299999833106995,0.8959999680519104,1.2239999771118164,1.0199999809265137,0.6100000143051147,0.5659999847412109,0.19500000774860382,0.08299999684095383
0.0,0.0,0.0,0.0,0.0,0.0,0.0,0.0,1.4869999885559082,1.5160000324249268,1.5460000038146973,1.4859999418258667,1.434999942779541,1.334999918937683,1.2419999837875366,1.1729999780654907,1.069000005722046,0.9040000438690186,0.6700000166893005,0.35100001096725464,-0.12199999392032623,-1.2569999694824219,-1.3330000638961792,-0.781999945640564,-0.39399999380111694,-0.19900000095367432,-0.23399999737739563,0.11800000071525574,0.20500001311302185,0.3400000333786011,0.4749999940395355,0.5180000066757202,0.17899999022483826,-0.038999997079372406,0.18799999356269836,0.562999963760376,0.6209999918937683,0.5690000057220459,0.19699999690055847,0.1550000011920929,0.7360000014305115,1.0010000467300415,0.8460000157356262,0.8359999656677246,0.6110000014305115,0.4909999966621399,0.37599998712539673,0.020000001415610313,-0.035999998450279236
0.0,0.0,0.0,0.0,0.0,0.0,0.0,0.0,1.4639999866485596,1.500999927520752,1.5509999990463257,1.3220000267028809,1.2809998989105225,1.2020000219345093,1.1029999256134033,1.027000069618225,0.9369999766349792,0.8810000419616699,0.7280000448226929,0.5199999809265137,0.0729999989271164,-0.9929999709129333,-1.3020000457763672,-1.0390000343322754,-0.08900000154972076,0.16899999976158142,0.25,0.09700000286102295,0.10999999940395355,0.12099999934434891,0.23100000619888306,0.21799999475479126,0.20600000023841858,0.0729999989271164,0.23100000619888306,0.5699999928474426,0.64000004529953,0.42899999022483826,0.8090000152587891,0.9729999899864197,1.2139999866485596,1.100000023841858,0.0,0.0,0.0,0.0,0.0,0.0,0.0
0.0,0.0,0.0,0.0,0.0,0.0,0.0,0.0,1.441999912261963,1.500999927520752,1.5530000925064087,1.2510000467300415,0.9759999513626099,1.0609999895095825,1.0880000591278076,1.0880000591278076,1.065000057220459,1.0199999809265137,0.9430000185966492,0.7269999980926514,0.23900000751018524,-0.8340000510215759,-1.0770000219345093,-0.812000036239624,-0.39000001549720764,0.2849999964237213,0.5119999647140503,0.3229999840259552,-0.00699999975040555,-0.5149999856948853,-0.6129999756813049,-0.20899999141693115,-0.18200001120567322,-0.19999998807907104,0.24900001287460327,0.26100000739097595,0.2019999921321869,0.8539999723434448,1.6150000095367432,1.4139999151229858,0.0,0.0,0.0,0.0,0.0,0.0,0.0,0.0,0.0
0.0,0.0,0.0,0.0,0.0,0.0,0.0,0.0,1.4010000228881836,1.4730000495910645,1.5180001258850098,1.1549999713897705,1.0059999227523804,1.1949999332427979,1.2170000076293945,1.2139999866485596,1.159000039100647,1.1159999370574951,1.0299999713897705,0.8820000290870667,0.33500000834465027,-0.7029999494552612,-0.8250000476837158,-0.7859999537467957,-0.8420000076293945,-0.28299999237060547,0.0989999994635582,0.25699999928474426,-0.005000000353902578,-0.9139999747276306,-1.1420000791549683,-0.6369999647140503,-0.7929999828338623,-0.3889999985694885,-0.01900000125169754,-0.035999998450279236,0.5410000085830688,1.5499999523162842,1.6390000581741333,0.0,0.0,0.0,0.0,0.0,0.0,0.0,0.0,0.0,0.0
0.0,0.0,0.0,0.0,0.0,0.0,0.0,0.0,1.3619999885559082,1.4470000267028809,1.4730000495910645,1.1360000371932983,1.055999994277954,1.2559999227523804,1.2409999370574951,1.190000057220459,1.156000018119812,1.1180000305175781,1.1019999980926514,0.9950000047683716,0.421999990940094,-0.6190000176429749,-0.6050000190734863,-0.6499999761581421,-0.7749999761581421,-0.5209999680519104,-0.7310000061988831,-0.621999979019165,-0.41700002551078796,-1.3079999685287476,-1.3450000286102295,-1.1829999685287476,-2.056999921798706,-1.252000093460083,-0.13699999451637268,0.3269999921321869,1.2599999904632568,1.5759999752044678,0.0,0.0,0.0,0.0,0.0,0.0,0.0,0.0,0.0,0.0,0.0
0.0,0.0,0.0,0.0,0.0,0.0,0.0,0.0,1.3020000457763672,1.4259999990463257,1.4499999284744263,1.1790000200271606,1.1029999256134033,1.218999981880188,1.1999999284744263,1.1660000085830688,1.1480000019073486,1.1610000133514404,1.159999966621399,1.1330000162124634,0.5099999904632568,-0.42399999499320984,-0.41200000047683716,-0.578000009059906,-0.6050000190734863,-0.3889999985694885,-0.6990000009536743,-1.9239999055862427,-2.374000072479248,-2.0169999599456787,-1.4910000562667847,-0.7949999570846558,-2.624000072479248,-0.7139999866485596,0.23600000143051147,0.7630000114440918,1.0829999446868896,0.0,0.0,0.0,0.0,0.0,0.0,0.0,0.0,0.0,0.0,0.0,0.0
0.0,0.0,0.0,0.0,0.0,0.0,0.0,0.0,1.2430000305175781,1.4079999923706055,1.4190000295639038,1.1540000438690186,1.0880000591278076,1.2020000219345093,1.2009999752044678,1.1779999732971191,1.1660000085830688,1.180999994277954,1.212999939918518,1.2120000123977661,0.4960000216960907,-0.3499999940395355,-0.27000001072883606,-0.5799999833106995,-0.5290000438690186,-0.3869999945163727,-0.5860000252723694,-1.8260000944137573,-2.811999797821045,-3.003000020980835,-2.5310001373291016,-1.431999921798706,-0.9259999990463257,-0.22200000286102295,0.0,0.0,0.0,0.0,0.0,0.0,0.0,0.4740000069141388,0.9589999914169312,0.0,0.0,0.0,0.0,0.0,0.6290000081062317
0.0,0.0,0.0,0.0,0.0,0.0,0.0,0.0,1.1829999685287476,1.3880000114440918,1.4030001163482666,1.1380000114440918,1.0870000123977661,1.2039999961853027,1.2009999752044678,1.1929999589920044,1.1850000619888306,1.2070000171661377,1.2389999628067017,1.2680000066757202,0.550000011920929,-0.33500000834465027,-0.0949999988079071,-0.4089999794960022,-0.3630000054836273,-0.43799999356269836,-0.7329999804496765,-1.7519999742507935,-2.7270002365112305,-3.4749999046325684,-4.142000198364258,0.0,0.0,0.0,0.0,0.12299999594688416,0.41999998688697815,0.6179999709129333,0.6510000228881836,0.37700000405311584,0.04600000008940697,0.32499998807907104,1.0149999856948853,1.8569999933242798,1.5719999074935913,0.0,0.0,0.9579999446868896,0.7389999628067017
0.0,0.0,0.0,0.0,0.0,0.0,0.0,0.0,1.2430000305175781,1.3869999647140503,1.3910000324249268,1.1339999437332153,1.0980000495910645,1.2100000381469727,1.2160000801086426,1.2089999914169312,1.2059999704360962,1.2200000286102295,1.2400000095367432,1.253000020980835,0.5889999866485596,0.08999999612569809,-0.006000000052154064,-0.19500000774860382,-0.05400000140070915,-0.3330000042915344,-0.8460000157356262,-1.4839999675750732,-2.632999897003174,-3.177000045776367,-3.745999813079834,0.0,0.0,-0.17000001668930054,-0.22100000083446503,0.26899999380111694,0.6779999732971191,1.0199999809265137,1.1410000324249268,1.1019999980926514,0.9449999928474426,1.0549999475479126,1.5080000162124634,2.1110000610351562,3.3239998817443848,2.388000011444092,0.7010000348091125,1.1699999570846558,0.8429999351501465
0.0,0.0,0.0,0.0,0.0,0.0,0.0,0.0,1.2590000629425049,1.3709999322891235,1.3849999904632568,1.1349999904632568,1.1080000400543213,1.2170000076293945,1.2160000801086426,1.2080000638961792,1.1979999542236328,1.2089999914169312,1.2280000448226929,1.2489999532699585,0.7429999709129333,0.12299999594688416,-0.0139999995008111,0.0949999988079071,0.3059999942779541,0.01900000125169754,-0.453000009059906,-1.0720000267028809,-1.9809999465942383,-2.4230000972747803,-2.549999952316284,-3.48799991607666,-0.3659999966621399,0.0949999988079071,0.39900001883506775,0.9240000247955322,1.2009999752044678,1.5750000476837158,1.6779999732971191,1.7120001316070557,1.621999979019165,1.6869999170303345,1.656000018119812,2.186000108718872,2.6460001468658447,2.1629998683929443,1.1010000705718994,1.446000099182129,1.0299999713897705
0.0,0.0,0.0,0.0,0.0,0.0,0.0,0.0,1.2400000095367432,1.371999979019165,1.377000093460083,1.1330000162124634,1.1180000305175781,1.2039999961853027,1.194000005722046,1.187000036239624,1.184000015258789,1.2039999961853027,1.2289999723434448,1.2620000839233398,0.7829999923706055,0.19699999690055847,0.012000000104308128,0.19300000369548798,0.4309999942779541,0.48900002241134644,0.035999998450279236,-0.42100000381469727,-1.2409999370574951,-2.0889999866485596,-2.24399995803833,-2.3489999771118164,-0.16699999570846558,0.5209999680519104,0.7509999871253967,1.0950000286102295,1.4190000295639038,1.7170000076293945,1.941999912261963,2.000999927520752,2.047999858856201,2.061000108718872,2.013000011444092,2.24399995803833,2.756999969482422,1.972000002861023,1.274999976158142,1.3940000534057617,1.2280000448226929
