static/data/wind5.json
{"header": { "parameterNumberName": "northward_wind", "parameterUnit": "m.s-1", "parameterNumber": 3, "parameterCategory": 2, "nx": 121, "ny": 221, "numberPoints": 26741, "dx": 0.005000000000000071, "dy": 0.005000000000000006, "la1": -31.6, "lo1": 115.3, "la2": -32.7, "lo2": 115.9, "refTime": "2022-11-25 06:00:00" }, "data":
[rows 105 to 125 of 221, columns 49 to 97 of 121]
-1.972000002861023,-1.8480000495910645,-1.6799999475479126,-1.3259999752044678,-1.2710000276565552,-1.246000051498413,-1.2860000133514404,-1.6400001049041748,-1.937999963760376,-2.380000114440918,-3.6629998683929443,-3.310999870300293,-2.9789998531341553,-1.8170000314712524,-1.5080000162124634,-1.4240000247955322,-1.4849998950958252,-1.5279998779296875,-1.8619999885559082,-2.2279999256134033,-2.7270002365112305,-2.7799999713897705,-2.2079999446868896,-2.114000082015991,-1.2610000371932983,-1.3840000629425049,-1.181999921798706,-1.281999945640564,-1.3480000495910645,-1.9550000429153442,-1.7799999713897705,-1.3020000457763672,-1.0959999561309814,-1.3730000257492065,-1.499000072479248,-1.0189999341964722,-0.6310000419616699,-0.5299999713897705,-0.2590000033378601,-0.03199999779462814,-0.09700000286102295,-0.09800000488758087,-0.012000000104308128,0.0,0.0,0.0,0.0,0.0,0.0
-2.05400013923645,-1.9730000495910645,-1.8179999589920044,-1.468999981880188,-1.2739999294281006,-1.3289999961853027,-1.3550000190734863,-1.7680000066757202,-2.0269999504089355,-2.384000062942505,-3.2260000705718994,-3.325000047683716,-2.741000175476074,-1.8910000324249268,-1.4820001125335693,-1.5600000619888306,-1.5970001220703125,-1.7299998998641968,-1.6570000648498535,-1.9320000410079956,-2.3589999675750732,-2.746000051498413,-1.4579999446868896,-1.0230000019073486,-0.40700000524520874,-0.5,-0.3610000014305115,-0.47699999809265137,-0.8429999351501465,-1.3980000019073486,-1.2160000801086426,-0.9309999942779541,-0.8690000176429749,-0.9490000009536743,-1.0160000324249268,-0.9290000200271606,-0.9810000061988831,-0.8820000290870667,-0.8410000205039978,-0.3020000159740448,-0.023000000044703484,-0.012000000104308128,0.07199999690055847,0.0,0.0,0.0,0.0,0.0,0.0
-2.2100000381469727,-2.1110000610351562,-1.906999945640564,-1.5360000133514404,-1.3220000267028809,-1.4530000686645508,-1.4270000457763672,-1.8009998798370361,-2.2840001583099365,-2.741000175476074,-2.885000228881836,-3.4560000896453857,-2.5450000762939453,-2.1600000858306885,-1.6449999809265137,-1.6619999408721924,-1.819000005722046,-2.055999994277954,-1.6359999179840088,-2.0839998722076416,-2.6440000534057617,-2.2269999980926514,-1.6449999809265137,-0.41999998688697815,-0.2840000092983246,0.03500000014901161,-0.010999999940395355,0.012000000104308128,-0.16300000250339508,-0.6700000166893005,-0.46299999952316284,-0.6069999933242798,-0.6740000247955322,-0.8910000324249268,-0.925000011920929,-0.8939999938011169,-0.5720000267028809,-1.0160000324249268,-0.6650000214576721,-0.26899999380111694,0.0,-0.001999999862164259,0.0,0.0,0.0,0.0,0.0,0.0,0.0
-2.308000087738037,-2.1670000553131104,-1.959999918937683,-1.6490000486373901,-1.3930000066757202,-1.555999994277954,-1.5399999618530273,-1.8589999675750732,-2.303999900817871,-2.552000045776367,-2.7810001373291016,-3.1449999809265137,-2.5369999408721924,-2.2319998741149902,-1.8089998960494995,-1.7299998998641968,-2.3580000400543213,-1.9529999494552612,-1.8690000772476196,-2.496999979019165,-2.251999855041504,-2.4119999408721924,-2.0139999389648438,-0.8200000524520874,-0.12099999934434891,0.39399999380111694,0.6459999680519104,0.46299999952316284,0.01599999889731407,0.020999999716877937,-0.07600000500679016,-0.37700000405311584,-0.3840000033378601,-0.6430000066757202,-0.6949999928474426,-0.41099998354911804,-0.3149999976158142,-0.31700000166893005,-0.2540000081062317,0.06200000271201134,-0.010999999940395355,0.028999999165534973,0.07699999958276749,0.09300000220537186,0.11900000274181366,0.0,0.0,0.0,0.0
-2.2769999504089355,-2.203000068664551,-2.049999952316284,-1.8459999561309814,-1.6180000305175781,-1.5829999446868896,-1.6949999332427979,-1.9270000457763672,-2.256999969482422,-2.309999942779541,-2.6750001907348633,-2.883999824523926,-2.5160000324249268,-2.177000045776367,-1.878000020980835,-1.965000033378601,-2.3910000324249268,-1.9210000038146973,-2.257999897003174,-2.246999979019165,-2.565000057220459,-3.013000011444092,-2.385999917984009,-1.4520000219345093,-0.125,0.5640000104904175,0.8609999418258667,0.8579999804496765,0.6380000114440918,0.3229999840259552,0.20600000023841858,-0.006000000052154064,-0.049000002443790436,-0.48900002241134644,-0.625,-0.5299999713897705,-0.4039999842643738,-0.21199999749660492,-0.005000000353902578,-0.020000001415610313,0.006000000052154064,0.15399999916553497,0.18700000643730164,-0.1379999965429306,0.13899999856948853,0.0,0.0,0.0,0.0
-2.257999897003174,-2.365999937057495,-2.205000162124634,-2.00600004196167,-1.8350000381469727,-1.6710000038146973,-1.6449999809265137,-1.9620000123977661,-2.2100000381469727,-2.123000144958496,-2.5429999828338623,-2.6510000228881836,-2.434999942779541,-2.3350000381469727,-2.1549999713897705,-2.3989999294281006,-2.2849998474121094,-1.9279999732971191,-2.240000009536743,-2.327000141143799,-2.999000072479248,-2.8289999961853027,-2.504999876022339,-1.6850000619888306,0.23900000751018524,0.36899998784065247,0.5929999947547913,0.956000030040741,0.8429999351501465,0.7389999628067017,0.2919999957084656,0.008999999612569809,-0.1420000046491623,-0.29899999499320984,-0.6380000114440918,-0.5460000038146973,-0.2919999957084656,-0.18200001120567322,-0.013000000268220901,-0.052000001072883606,0.05100000277161598,0.14000000059604645,0.20999999344348907,-0.049000002443790436,0.14000000059604645,0.0,0.0,0.0,0.0
-2.239000082015991,-2.325000047683716,-2.3329999446868896,-2.1670000553131104,-1.9859999418258667,-1.7409999370574951,-1.7039999961853027,-1.9920001029968262,-2.1559998989105225,-1.9470000267028809,-2.5260000228881836,-2.453000068664551,-2.502000093460083,-2.7129998207092285,-2.2929999828338623,-2.427000045776367,-2.2100000381469727,-2.1080000400543213,-2.111999988555908,-2.258999824523926,-2.921999931335449,-2.24399995803833,-2.9200000762939453,-2.994999885559082,0.4520000219345093,0.22299998998641968,0.6650000214576721,0.9329999685287476,0.7379999756813049,0.6650000214576721,0.5900000333786011,0.0279999990016222,-0.1469999998807907,-0.22299998998641968,-0.5040000081062317,-0.5950000286102295,-0.3149999976158142,0.03400000184774399,-0.003999999724328518,-0.12400000542402267,0.052000001072883606,0.044999998062849045,0.11100000143051147,0.31800001859664917,0.052000001072883606,0.0,0.0,0.0,0.0
-2.256999969482422,-2.2699999809265137,-2.377000093460083,-2.3399999141693115,-1.99399995803833,-1.7980000972747803,-1.781000018119812,-1.968999981880188,-2.0989999771118164,-1.8330000638961792,-2.449000120162964,-2.318000078201294,-2.5920000076293945,-2.8299999237060547,-2.2740001678466797,-2.4539999961853027,-2.11299991607666,-2.134999990463257,-2.0190000534057617,-2.2750000953674316,-2.6069998741149902,-2.130000114440918,-2.5189998149871826,-1.6619999408721924,0.0,-0.10700000822544098,0.32999998331069946,0.5419999957084656,0.5740000009536743,0.6040000319480896,0.6589999794960022,0.11699999868869781,-0.18400000035762787,-0.2840000092983246,-0.5049999952316284,-0.7999999523162842,-0.3659999966621399,0.12400000542402267,0.03199999779462814,0.125,0.09700000286102295,0.16599999368190765,0.07199999690055847,0.007999999448657036,-0.06300000101327896,0.0,0.0,0.0,0.0
-2.2639999389648438,-2.2690000534057617,-2.4189999103546143,-2.244999885559082,-1.9149999618530273,-1.7620000839233398,-1.7569999694824219,-2.0909998416900635,-2.1080000400543213,-1.74399995803833,-2.305999994277954,-2.2139999866485596,-2.5279998779296875,-2.892000198364258,-2.2130000591278076,-2.4600000381469727,-2.1600000858306885,-2.193000078201294,-1.9730000495910645,-2.1500000953674316,-2.427000045776367,-2.180999994277954,-2.5250000953674316,-0.6669999361038208,0.0,0.0,-0.5669999718666077,0.21199999749660492,0.3840000033378601,0.4729999899864197,0.46000000834465027,0.18400000035762787,-0.27000001072883606,-0.3819999694824219,-0.4899999797344208,-0.812000036239624,-0.2750000059604645,-0.11500000208616257,0.1080000028014183,0.3620000183582306,0.2540000081062317,0.21899999678134918,0.04600000008940697,-0.0949999988079071,-0.06000000238418579,0.0,0.0,0.0,0.0
-2.239000082015991,-2.312999963760376,-2.4730000495910645,-2.121000051498413,-1.9179999828338623,-1.7669999599456787,-1.753000020980835,-2.119999885559082,-2.065000057220459,-1.715999960899353,-2.2319998741149902,-2.1670000553131104,-2.5199999809265137,-3.1999998092651367,-2.684999942779541,-2.495999813079834,-2.1519999504089355,-2.255000114440918,-2.0190000534057617,-1.9920001029968262,-2.1410000324249268,-2.2339999675750732,-2.3910000324249268,-0.5290000438690186,0.0,0.0,0.0,0.024000000208616257,0.23499998450279236,0.32600000500679016,0.26100000739097595,0.15699999034404755,-0.19500000774860382,-0.4100000262260437,-0.5170000195503235,-0.6800000667572021,-0.23600000143051147,-0.14000000059604645,0.11500000208616257,0.320000022649765,0.34200000762939453,0.26899999380111694,0.1459999978542328,-0.15900000929832458,-0.07699999958276749,0.2160000056028366,0.0,0.0,0.0
-2.257999897003174,-2.375,-2.3580000400543213,-2.0,-1.8760000467300415,-1.7419999837875366,-1.7319999933242798,-2.0789999961853027,-2.109999895095825,-1.6959999799728394,-2.1710000038146973,-2.1540000438690186,-2.509000062942505,-3.303999900817871,-2.9260001182556152,-2.546999931335449,-2.128999948501587,-2.310999870300293,-2.0909998416900635,-1.9580000638961792,-2.003999948501587,-1.9010000228881836,-2.13700008392334,-0.6080000400543213,0.0,0.0,0.0,0.0729999989271164,0.11500000208616257,0.25200000405311584,0.20600000023841858,0.11900000274181366,-0.15299999713897705,-0.3440000116825104,-0.41499999165534973,-0.31599998474121094,-0.1979999989271164,-0.12799999117851257,0.041999999433755875,0.45100000500679016,0.25099998712539673,0.27300000190734863,0.2669999897480011,-0.05299999937415123,-0.01599999889731407,0.1860000044107437,0.0,0.0,0.0
-2.2920000553131104,-2.3600001335144043,-2.322000026702881,-1.8819999694824219,-1.8170000314712524,-1.7100000381469727,-1.685999870300293,-1.9480000734329224,-2.125,-1.7699999809265137,-2.064000129699707,-2.0980000495910645,-2.3350000381469727,-3.062000036239624,-2.755000114440918,-2.449000120162964,-2.2090001106262207,-2.302999973297119,-2.246999979019165,-2.003000020980835,-1.9889999628067017,-1.840000033378601,-1.055999994277954,-0.7260000109672546,0.0,0.0,-0.06700000166893005,0.07899999618530273,0.09999999403953552,0.2329999953508377,0.10200000554323196,0.16599999368190765,-0.07400000095367432,-0.27300000190734863,-0.320000022649765,-0.13300000131130219,-0.16599999368190765,-0.10300000011920929,-0.04000000283122063,0.2939999997615814,0.19900000095367432,0.34200000762939453,0.29600000381469727,0.11699999868869781,-0.1940000057220459,0.3659999966621399,0.0,0.0,0.0
-2.1040000915527344,-2.3289999961853027,-2.315000057220459,-1.850000023841858,-1.8229999542236328,-1.7149999141693115,-1.6649999618530273,-1.805999994277954,-1.9859999418258667,-1.652999997138977,-2.068000078201294,-2.0859999656677246,-2.1519999504089355,-2.806999921798706,-2.633999824523926,-2.3340001106262207,-2.2200000286102295,-2.124000072479248,-2.2769999504089355,-2.065000057220459,-1.994999885559082,-1.7839999198913574,-0.4899999797344208,-1.003000020980835,0.0,0.0,0.0,0.052000001072883606,0.06399999558925629,0.09800000488758087,0.09999999403953552,0.10400000214576721,0.054999999701976776,-0.1770000010728836,-0.24700000882148743,0.030000001192092896,-0.06200000271201134,-0.08100000023841858,-0.05100000277161598,0.12799999117851257,0.3499999940395355,0.32099997997283936,0.35600000619888306,0.2329999953508377,-0.16200000047683716,0.4100000262260437,0.2639999985694885,0.0,0.0
-1.8040000200271606,-2.178999900817871,-2.135999917984009,-1.8619999885559082,-1.8140000104904175,-1.7430000305175781,-1.6779999732971191,-1.6640000343322754,-1.7139999866485596,-1.5859999656677246,-1.999000072479248,-2.180999994277954,-2.253000020980835,-2.7839999198913574,-2.6710000038146973,-2.194000005722046,-2.2239999771118164,-2.066999912261963,-2.234999895095825,-2.0789999961853027,-1.937999963760376,-1.7269999980926514,-0.8209999799728394,-0.7609999775886536,-0.4950000047683716,0.0,0.0,0.07000000029802322,0.028999999165534973,-0.04800000041723251,0.0860000029206276,0.11900000274181366,0.125,-0.10200000554323196,-0.1600000113248825,-0.0,-0.04399999976158142,-0.03500000014901161,-0.08100000023841858,0.11699999868869781,0.281000018119812,0.33500000834465027,0.2150000035762787,0.10999999940395355,-0.1720000058412552,0.164000004529953,0.0,0.0,0.0
-1.815999984741211,-1.8340001106262207,-1.9879999160766602,-1.899999976158142,-1.7990000247955322,-1.7730000019073486,-1.7039999961853027,-1.659999966621399,-1.4890000820159912,-1.5189999341964722,-1.7890000343322754,-2.2799999713897705,-2.3630001544952393,-2.694000005722046,-2.6670000553131104,-2.2120001316070557,-2.244999885559082,-2.0399999618530273,-2.0909998416900635,-1.9670000076293945,-1.6369999647140503,-1.7599999904632568,-1.1360000371932983,-0.0559999980032444,-0.7900000214576721,0.0,0.0,0.0,-0.00699999975040555,-0.17800000309944153,0.06800000369548798,0.14100000262260437,0.17000001668930054,0.008999999612569809,-0.0949999988079071,-0.1730000078678131,-0.008999999612569809,0.12199999392032623,0.07199999690055847,0.038999997079372406,0.16100001335144043,0.3109999895095825,0.11699999868869781,0.18799999356269836,-0.1860000044107437,-0.19600000977516174,0.0,0.0,0.0
-1.6339999437332153,-1.6460000276565552,-1.850000023841858,-1.8589999675750732,-1.7769999504089355,-1.7939999103546143,-1.7280000448226929,-1.6699999570846558,-1.5049999952316284,-1.4499999284744263,-1.7430000305175781,-2.316999912261963,-2.3589999675750732,-2.5979998111724854,-2.754000186920166,-2.367000102996826,-2.184999942779541,-1.9980000257492065,-1.8009998798370361,-1.7409999370574951,-1.6159999370574951,-1.9130001068115234,-1.281999945640564,-0.4320000112056732,-0.6629999876022339,0.0,0.0,0.0,0.010000000707805157,-0.0279999990016222,-0.057999998331069946,0.10099999606609344,0.11599999666213989,0.10400000214576721,-0.032999999821186066,-0.125,-0.1119999960064888,0.1679999977350235,0.06200000271201134,0.11900000274181366,0.320000022649765,0.1420000046491623,0.04399999976158142,0.23499998450279236,-0.017000000923871994,-0.4789999723434448,0.0,0.0,0.0
-1.5499999523162842,-1.568000078201294,-1.6769999265670776,-1.75600004196167,-1.7419999837875366,-1.8029999732971191,-1.7330000400543213,-1.6670000553131104,-1.5770000219345093,-1.3629999160766602,-1.652999997138977,-2.2160000801086426,-2.490000009536743,-2.368000030517578,-2.6010000705718994,-2.5440001487731934,-2.0379998683929443,-1.9010000228881836,-1.6200000047683716,-1.6570000648498535,-1.7970000505447388,-1.812999963760376,-1.4229999780654907,-0.6110000014305115,-0.6930000185966492,-0.6650000214576721,0.0,0.0,0.08100000023841858,-0.14300000667572021,-0.08299999684095383,0.03700000047683716,0.020999999716877937,0.0689999982714653,-0.02499999850988388,-0.08900000154972076,-0.0009999999310821295,0.18799999356269836,0.0949999988079071,0.1550000011920929,0.1420000046491623,0.05900000035762787,0.1080000028014183,0.210999995470047,0.2409999966621399,-0.5820000171661377,0.0,0.0,0.0
-1.4789999723434448,-1.4859999418258667,-1.5829999446868896,-1.5700000524520874,-1.5950000286102295,-1.7419999837875366,-1.7190001010894775,-1.6470000743865967,-1.5800000429153442,-1.431999921798706,-1.5399999618530273,-2.0339999198913574,-2.2990000247955322,-2.246000051498413,-2.2799999713897705,-2.202000141143799,-1.84499990940094,-1.906999945640564,-1.75,-1.6119999885559082,-1.7960000038146973,-1.7610000371932983,-1.5549999475479126,-0.7190000414848328,-0.5209999680519104,-1.1209999322891235,0.0,0.0,0.0,-0.10599999874830246,-0.08699999749660492,-0.06399999558925629,0.03100000135600567,0.003000000026077032,0.005000000353902578,-0.0989999994635582,-0.0139999995008111,0.17499999701976776,0.22100000083446503,0.10099999606609344,0.03700000047683716,-0.003000000026077032,-0.16599999368190765,0.4690000116825104,0.052000001072883606,0.0,0.0,0.0,0.0
-1.347000002861023,-1.4589999914169312,-1.527000069618225,-1.5160000324249268,-1.4210000038146973,-1.6760001182556152,-1.7030000686645508,-1.624000072479248,-1.5520000457763672,-1.465000033378601,-1.4639999866485596,-1.8529999256134033,-1.9930000305175781,-2.0900001525878906,-2.0269999504089355,-1.8889999389648438,-1.8949999809265137,-2.0149998664855957,-1.784999966621399,-1.5950000286102295,-1.7409999370574951,-1.7820000648498535,-1.7339999675750732,-1.0329999923706055,-0.19300000369548798,0.11800000071525574,0.0,0.0,0.0,0.020999999716877937,-0.14499999582767487,-0.11900000274181366,-0.09600000083446503,-0.05400000140070915,-0.012000000104308128,-0.0820000022649765,0.0430000014603138,0.27799999713897705,0.2529999911785126,0.07600000500679016,0.010000000707805157,-0.18400000035762787,-0.2669999897480011,0.3229999840259552,0.0,0.0,0.0,0.0,0.0
-1.2289999723434448,-1.4489998817443848,-1.4079999923706055,-1.4200000762939453,-1.2339999675750732,-1.596000075340271,-1.7079999446868896,-1.6419999599456787,-1.5809999704360962,-1.528999924659729,-1.430999994277954,-1.7020000219345093,-1.8680000305175781,-1.8539999723434448,-1.9390000104904175,-1.8220000267028809,-1.975000023841858,-2.0160000324249268,-1.8480000495910645,-1.6400001049041748,-1.6670000553131104,-1.755000114440918,-1.7890000343322754,-1.152999997138977,-0.032999999821186066,0.23000000417232513,0.0,0.0,0.0,0.0,0.0,-0.2290000021457672,-0.11300000548362732,-0.07499999552965164,-0.13699999451637268,-0.044999998062849045,0.18799999356269836,0.3610000014305115,0.29100000858306885,0.10200000554323196,-0.1340000033378601,-0.2540000081062317,-0.16200000047683716,0.0,0.0,0.0,0.0,0.0,0.0
-1.065000057220459,-1.281999945640564,-1.2999999523162842,-1.2170000076293945,-1.13100004196167,-1.4210000038146973,-1.659999966621399,-1.678999900817871,-1.6159999370574951,-1.5789999961853027,-1.468999981880188,-1.6130000352859497,-1.7659999132156372,-1.7120001316070557,-1.8799998760223389,-1.8389999866485596,-1.8830000162124634,-2.0269999504089355,-1.944000005722046,-1.6439999341964722,-1.5870000123977661,-1.6110000610351562,-1.7690000534057617,-1.3459999561309814,-0.5400000214576721,0.44300001859664917,0.5870000123977661,0.0,0.0,0.0,0.0,-0.42500001192092896,-0.19900000095367432,-0.15200001001358032,-0.11599999666213989,-0.017000000923871994,0.3579999804496765,0.3460000157356262,0.2549999952316284,0.030000001192092896,-0.26899999380111694,-0.1979999989271164,0.017000000923871994,0.0,0.0,0.0,0.0,0.0,0.0
