static/data/wind9.json
{"header": { "parameterNumberName": "northward_wind", "parameterUnit": "m.s-1", "parameterNumber": 3, "parameterCategory": 2, "nx": 121, "ny": 221, "numberPoints": 26741, "dx": 0.005000000000000071, "dy": 0.005000000000000006, "la1": -31.6, "lo1": 115.3, "la2": -32.7, "lo2": 115.9, "refTime": "2022-11-25 14:00:00" }, "data":
[rows 168 to 188 of 221, columns 0 to 48 of 121]
0.0,0.0,0.0,0.0,0.0,0.0,-2.0939998626708984,-2.3259999752044678,-2.5209999084472656,-2.3370001316070557,-2.1740000247955322,-2.196000099182129,-2.1440000534057617,-1.9980000257492065,-1.7710000276565552,-1.528999924659729,-1.3940000534057617,-1.2419999837875366,-1.0740000009536743,-0.9459999799728394,-0.8140000104904175,-0.6859999895095825,-0.5449999570846558,-0.38600000739097595,-0.29899999499320984,-0.210999995470047,-0.08799999952316284,0.024000000208616257,0.09999999403953552,0.08699999749660492,0.05700000002980232,0.04699999839067459,0.007999999448657036,0.003000000026077032,0.0009999999310821295,0.032999999821186066,0.0430000014603138,-0.0139999995008111,-0.08500000834465027,-0.15299999713897705,-0.21700000762939453,-0.24399998784065247,-0.25099998712539673,-0.2980000078678131,-0.296999990940094,-0.26899999380111694,-0.1860000044107437,-0.3720000088214874,-0.48900002241134644
0.0,0.0,0.0,0.0,0.0,0.0,-2.0399999618530273,-2.2769999504089355,-2.428999900817871,-2.302000045776367,-2.1070001125335693,-2.1459999084472656,-2.124000072479248,-1.965000033378601,-1.750999927520752,-1.5019999742507935,-1.3489999771118164,-1.2009999752044678,-1.0670000314712524,-0.9409999847412109,-0.8079999685287476,-0.6790000200271606,-0.546999990940094,-0.390999972820282,-0.31199997663497925,-0.2459999918937683,-0.09700000286102295,0.0279999990016222,0.08100000023841858,0.0989999994635582,0.09399999678134918,0.05299999937415123,0.0430000014603138,0.044999998062849045,0.012000000104308128,0.015000000596046448,0.027000000700354576,-0.003999999724328518,-0.07899999618530273,-0.15200001001358032,-0.2459999918937683,-0.25699999928474426,-0.29999998211860657,-0.3370000123977661,-0.31800001859664917,-0.23900000751018524,-0.2459999918937683,-0.44699999690055847,-0.531000018119812
0.0,0.0,0.0,0.0,0.0,0.0,-1.99399995803833,-2.2009999752044678,-2.3540000915527344,-2.2820000648498535,-2.078000068664551,-2.0799999237060547,-2.1019999980926514,-1.9320000410079956,-1.7350000143051147,-1.496999979019165,-1.3070000410079956,-1.1649999618530273,-1.0429999828338623,-0.9420000314712524,-0.812999963760376,-0.687000036239624,-0.562000036239624,-0.40199998021125793,-0.29500001668930054,-0.26499998569488525,-0.16499999165534973,0.017999999225139618,0.05900000035762787,0.10700000822544098,0.125,0.09800000488758087,0.07899999618530273,0.03199999779462814,-0.01900000125169754,-0.00699999975040555,-0.026000000536441803,-0.04100000113248825,-0.05400000140070915,-0.12299999594688416,-0.21299999952316284,-0.24800001084804535,-0.3050000071525574,-0.3269999921321869,-0.320000022649765,-0.21199999749660492,-0.30799999833106995,-0.49800002574920654,-0.5879999995231628
0.0,0.0,0.0,0.0,0.0,0.0,-1.9550000429153442,-2.1430001258850098,-2.2760000228881836,-2.2699999809265137,-2.064000129699707,-2.0180001258850098,-2.064000129699707,-1.9259999990463257,-1.747999906539917,-1.4639999866485596,-1.253000020980835,-1.125,-1.0220000743865967,-0.949999988079071,-0.8230000138282776,-0.6970000267028809,-0.5720000267028809,-0.4320000112056732,-0.28999999165534973,-0.21899999678134918,-0.09399999678134918,0.007999999448657036,0.08399999886751175,0.1469999998807907,0.15299999713897705,0.15299999713897705,0.08799999952316284,0.012000000104308128,-0.06499999761581421,-0.08799999952316284,-0.09100000560283661,-0.11900000274181366,-0.0820000022649765,-0.1340000033378601,-0.1510000079870224,-0.1550000011920929,-0.3070000112056732,-0.3190000057220459,-0.2849999964237213,-0.164000004529953,-0.2709999978542328,-0.4960000216960907,-0.687000036239624
0.0,0.0,0.0,0.0,0.0,0.0,0.0,-2.072000026702881,-2.196000099182129,-2.25,-2.052000045776367,-1.9509999752044678,-2.013000011444092,-1.9329999685287476,-1.7690000534057617,-1.4859999418258667,-1.1929999589920044,-1.0770000219345093,-1.0080000162124634,-0.949999988079071,-0.8370000123977661,-0.7050000429153442,-0.5809999704360962,-0.44699999690055847,-0.3109999895095825,-0.18400000035762787,-0.1080000028014183,-0.005000000353902578,0.10899999737739563,0.17399999499320984,0.20999999344348907,0.20400001108646393,0.09100000560283661,-0.02199999988079071,-0.11300000548362732,-0.16300000250339508,-0.1340000033378601,-0.13500000536441803,-0.09700000286102295,-0.1340000033378601,-0.12600000202655792,-0.13099999725818634,-0.3020000159740448,-0.33399999141693115,-0.2939999997615814,-0.19300000369548798,-0.328000009059906,-0.5239999890327454,-0.6279999613761902
0.0,0.0,0.0,0.0,0.0,0.0,0.0,-1.9920001029968262,-2.0970001220703125,-2.203000068664551,-2.0350000858306885,-1.8870000839233398,-1.9609999656677246,-1.934999942779541,-1.75,-1.499000072479248,-1.1859999895095825,-1.065000057220459,-0.9909999966621399,-0.9390000104904175,-0.8489999771118164,-0.7209999561309814,-0.6010000109672546,-0.4819999933242798,-0.33899998664855957,-0.19500000774860382,-0.13500000536441803,-0.020999999716877937,0.11400000005960464,0.1979999989271164,0.25200000405311584,0.16300000250339508,0.06399999558925629,-0.054999999701976776,-0.1379999965429306,-0.17399999499320984,-0.16699999570846558,-0.14999999105930328,-0.13600000739097595,-0.17599999904632568,-0.09999999403953552,-0.11599999666213989,-0.3400000333786011,-0.35500001907348633,-0.3089999854564667,-0.27399998903274536,-0.3999999761581421,-0.5270000100135803,-0.5530000329017639
0.0,0.0,0.0,0.0,0.0,0.0,0.0,-1.8350000381469727,-1.937000036239624,-2.0839998722076416,-2.0239999294281006,-1.8510000705718994,-1.875,-1.930999994277954,-1.7599999904632568,-1.5019999742507935,-1.2020000219345093,-1.0570000410079956,-0.9839999675750732,-0.9290000200271606,-0.8810000419616699,-0.753000020980835,-0.6279999613761902,-0.5110000371932983,-0.3709999918937683,-0.21799999475479126,-0.12400000542402267,-0.015000000596046448,0.10700000822544098,0.20800000429153442,0.2290000021457672,0.20400001108646393,0.0430000014603138,-0.08399999886751175,-0.12600000202655792,-0.16200000047683716,-0.17899999022483826,-0.15599998831748962,-0.16599999368190765,-0.22299998998641968,-0.21700000762939453,-0.20800000429153442,-0.29500001668930054,-0.35899999737739563,-0.32499998807907104,-0.3449999988079071,-0.48399999737739563,-0.527999997138977,-0.5400000214576721
0.0,0.0,0.0,0.0,0.0,0.0,0.0,-1.659000039100647,-1.790000081062317,-1.959999918937683,-2.0,-1.8309999704360962,-1.7710000276565552,-1.8140000104904175,-1.7290000915527344,-1.5109999179840088,-1.247999906539917,-1.0520000457763672,-0.9810000061988831,-0.9220000505447388,-0.8789999485015869,-0.7870000004768372,-0.6610000133514404,-0.5419999957084656,-0.4100000262260437,-0.2580000162124634,-0.12099999934434891,-0.017999999225139618,0.10200000554323196,0.19300000369548798,0.23000000417232513,0.22100000083446503,0.08500000834465027,-0.08100000023841858,-0.13600000739097595,-0.12600000202655792,-0.14300000667572021,-0.1679999977350235,-0.19699999690055847,-0.23499998450279236,-0.26100000739097595,-0.23100000619888306,-0.21799999475479126,-0.2789999842643738,-0.25200000405311584,-0.35500001907348633,-0.5669999718666077,-0.5299999713897705,-0.49400001764297485
0.0,0.0,0.0,0.0,0.0,0.0,0.0,0.0,-1.597999930381775,-1.7960000038146973,-1.9449999332427979,-1.7949999570846558,-1.6869999170303345,-1.687999963760376,-1.6490000486373901,-1.4700000286102295,-1.25,-1.0570000410079956,-0.968999981880188,-0.9170000553131104,-0.875,-0.8240000009536743,-0.6970000267028809,-0.5720000267028809,-0.4490000009536743,-0.3149999976158142,-0.1730000078678131,-0.049000002443790436,0.08299999684095383,0.1720000058412552,0.23100000619888306,0.21199999749660492,0.15299999713897705,-0.0279999990016222,-0.11900000274181366,-0.10599999874830246,-0.12999999523162842,-0.1940000057220459,-0.2459999918937683,-0.2849999964237213,-0.2580000162124634,-0.20999999344348907,-0.17999999225139618,-0.15900000929832458,-0.09200000017881393,-0.18700000643730164,-0.3610000014305115,-0.41600000858306885,-0.3630000054836273
0.0,0.0,0.0,0.0,0.0,0.0,0.0,0.0,-1.406999945640564,-1.6100000143051147,-1.8019999265670776,-1.7599999904632568,-1.6410000324249268,-1.6230000257492065,-1.5520000457763672,-1.406999945640564,-1.2350000143051147,-1.0800000429153442,-0.9629999995231628,-0.9089999794960022,-0.871999979019165,-0.8349999785423279,-0.7480000257492065,-0.6209999918937683,-0.4960000216960907,-0.3720000088214874,-0.22600001096725464,-0.08799999952316284,0.0430000014603138,0.16899999976158142,0.2160000056028366,0.21400001645088196,0.14800000190734863,0.03100000135600567,-0.041999999433755875,-0.06800000369548798,-0.09800000488758087,-0.164000004529953,-0.2669999897480011,-0.3449999988079071,-0.31199997663497925,-0.21199999749660492,-0.08399999886751175,-0.09100000560283661,-0.057999998331069946,-0.15399999916553497,-0.14900000393390656,-0.21299999952316284,-0.30799999833106995
0.0,0.0,0.0,0.0,0.0,0.0,0.0,0.0,-1.1979999542236328,-1.3919999599456787,-1.596000075340271,-1.6920000314712524,-1.5989999771118164,-1.5490000247955322,-1.4550000429153442,-1.2899999618530273,-1.2009999752044678,-1.0820000171661377,-0.9529999494552612,-0.8939999938011169,-0.8700000047683716,-0.8370000123977661,-0.796999990940094,-0.6620000600814819,-0.5270000100135803,-0.3959999978542328,-0.26499998569488525,-0.13199999928474426,0.0009999999310821295,0.13699999451637268,0.20999999344348907,0.2160000056028366,0.1679999977350235,0.07600000500679016,-0.023000000044703484,-0.030000001192092896,-0.054999999701976776,-0.1340000033378601,-0.2449999898672104,-0.35100001096725464,-0.24800001084804535,-0.10400000214576721,-0.04000000283122063,-0.054999999701976776,-0.08299999684095383,-0.06000000238418579,0.015000000596046448,-0.11400000005960464,-0.22500000894069672
0.0,0.0,0.0,0.0,0.0,0.0,0.0,0.0,0.0,-1.1610000133514404,-1.3709999322891235,-1.5770000219345093,-1.555999994277954,-1.4869999885559082,-1.3619999885559082,-1.1759999990463257,-1.1319999694824219,-1.0870000123977661,-0.956000030040741,-0.8609999418258667,-0.8299999833106995,-0.8079999685287476,-0.7680000066757202,-0.684999942779541,-0.550000011920929,-0.4190000295639038,-0.2919999957084656,-0.16499999165534973,-0.04000000283122063,0.0820000022649765,0.19200000166893005,0.2150000035762787,0.19999998807907104,0.11800000071525574,0.01599999889731407,-0.017999999225139618,-0.020999999716877937,-0.10200000554323196,-0.16300000250339508,-0.281000018119812,-0.16100001335144043,-0.08100000023841858,-0.05400000140070915,-0.010999999940395355,0.015000000596046448,0.07899999618530273,0.14300000667572021,-0.028999999165534973,-0.25699999928474426
0.0,0.0,0.0,0.0,0.0,0.0,0.0,0.0,0.0,-0.9229999780654907,-1.1230000257492065,-1.319000005722046,-1.4190000295639038,-1.4010000228881836,-1.315000057220459,-1.1360000371932983,-1.0320000648498535,-1.0160000324249268,-0.9329999685287476,-0.8240000009536743,-0.777999997138977,-0.7649999856948853,-0.7310000061988831,-0.6880000233650208,-0.5680000185966492,-0.4350000023841858,-0.3100000023841858,-0.1940000057220459,-0.07400000095367432,0.038999997079372406,0.14800000190734863,0.23199999332427979,0.21700000762939453,0.18200001120567322,0.08699999749660492,0.00699999975040555,-0.04600000008940697,-0.08699999749660492,-0.08799999952316284,-0.13600000739097595,-0.1730000078678131,-0.10200000554323196,-0.08699999749660492,-0.03199999779462814,0.032999999821186066,0.11599999666213989,0.12600000202655792,-0.024000000208616257,-0.23199999332427979
0.0,0.0,0.0,0.0,0.0,0.0,0.0,0.0,0.0,0.0,-0.8690000176429749,-1.0640000104904175,-1.2649999856948853,-1.2960000038146973,-1.2989999055862427,-1.11899995803833,-0.9290000200271606,-0.9200000166893005,-0.9120000004768372,-0.7999999523162842,-0.7109999656677246,-0.6970000267028809,-0.687000036239624,-0.6440000534057617,-0.5860000252723694,-0.45399999618530273,-0.3269999921321869,-0.21199999749660492,-0.10499999672174454,0.005000000353902578,0.10400000214576721,0.19099998474121094,0.25,0.20999999344348907,0.15699999034404755,0.06300000101327896,-0.0279999990016222,-0.08699999749660492,-0.08799999952316284,-0.07699999958276749,-0.12299999594688416,-0.17000001668930054,-0.14300000667572021,-0.09100000560283661,-0.012000000104308128,0.08500000834465027,0.10499999672174454,0.038999997079372406,-0.14399999380111694
0.0,0.0,0.0,0.0,0.0,0.0,0.0,0.0,0.0,0.0,-0.6129999756813049,-0.8140000104904175,-1.0169999599456787,-1.1460000276565552,-1.1540000438690186,-1.1150000095367432,-0.9279999732971191,-0.8169999718666077,-0.8179999589920044,-0.7760000228881836,-0.6840000152587891,-0.6299999952316284,-0.621999979019165,-0.5999999642372131,-0.5550000071525574,-0.4740000069141388,-0.34700000286102295,-0.23000000417232513,-0.12600000202655792,-0.03100000135600567,0.06599999964237213,0.14999999105930328,0.20800000429153442,0.24700000882148743,0.19300000369548798,0.11599999666213989,0.020999999716877937,-0.06800000369548798,-0.1080000028014183,-0.09800000488758087,-0.11500000208616257,-0.1940000057220459,-0.12799999117851257,-0.0430000014603138,-0.007999999448657036,0.05299999937415123,0.11300000548362732,0.12999999523162842,-0.05400000140070915
0.0,0.0,0.0,0.0,0.0,0.0,0.0,0.0,0.0,0.0,0.0,-0.5579999685287476,-0.7599999904632568,-0.9529999494552612,-1.0049999952316284,-1.0640000104904175,-0.9319999814033508,-0.7540000081062317,-0.7190000414848328,-0.7240000367164612,-0.656000018119812,-0.5759999752044678,-0.550000011920929,-0.5449999570846558,-0.5119999647140503,-0.46700000762939453,-0.3720000088214874,-0.2540000081062317,-0.14800000190734863,-0.057999998331069946,0.024000000208616257,0.10400000214576721,0.1679999977350235,0.210999995470047,0.2160000056028366,0.12600000202655792,0.05900000035762787,-0.020999999716877937,-0.08999999612569809,-0.12999999523162842,-0.1290000081062317,-0.14900000393390656,-0.0949999988079071,-0.01900000125169754,0.010999999940395355,0.035999998450279236,0.08500000834465027,0.15900000929832458,0.02199999988079071
0.0,0.0,0.0,0.0,0.0,0.0,0.0,0.0,0.0,0.0,0.0,-0.3050000071525574,-0.5019999742507935,-0.6920000314712524,-0.8560000658035278,-0.9120000004768372,-0.9440000057220459,-0.7699999809265137,-0.6200000047683716,-0.6279999613761902,-0.6330000162124634,-0.5559999942779541,-0.48000001907348633,-0.4749999940395355,-0.4699999690055847,-0.4280000329017639,-0.3830000162124634,-0.2840000092983246,-0.17800000309944153,-0.08699999749660492,-0.0139999995008111,0.0559999980032444,0.12000000476837158,0.16100001335144043,0.17000001668930054,0.15299999713897705,0.10899999737739563,0.03700000047683716,-0.032999999821186066,-0.0820000022649765,-0.12099999934434891,-0.13600000739097595,-0.08699999749660492,0.012000000104308128,0.04800000041723251,0.060999996960163116,0.10200000554323196,0.14399999380111694,0.12199999392032623
0.0,0.0,0.0,0.0,0.0,0.0,0.0,0.0,0.0,0.0,0.0,0.0,-0.25099998712539673,-0.44599997997283936,-0.6419999599456787,-0.7620000243186951,-0.8349999785423279,-0.7900000214576721,-0.6270000338554382,-0.5449999570846558,-0.5559999942779541,-0.5389999747276306,-0.46399998664855957,-0.40700000524520874,-0.40299999713897705,-0.39900001883506775,-0.3579999804496765,-0.31599998474121094,-0.2150000035762787,-0.12099999934434891,-0.052000001072883606,0.007999999448657036,0.06499999761581421,0.10899999737739563,0.13199999928474426,0.13899999856948853,0.15900000929832458,0.1119999960064888,0.049000002443790436,-0.00699999975040555,-0.044999998062849045,-0.08100000023841858,-0.0949999988079071,0.03800000250339508,0.07400000095367432,0.08699999749660492,0.1679999977350235,0.2239999920129776,0.2630000114440918
0.0,0.0,0.0,0.0,0.0,0.0,0.0,0.0,0.0,0.0,0.0,0.0,-0.02199999988079071,-0.23900000751018524,-0.4300000071525574,-0.6029999852180481,-0.6859999895095825,-0.7630000114440918,-0.6580000519752502,-0.5070000290870667,-0.4749999940395355,-0.48799997568130493,-0.4520000219345093,-0.3830000162124634,-0.34200000762939453,-0.34299999475479126,-0.335999995470047,-0.29999998211860657,-0.2619999945163727,-0.1730000078678131,-0.09399999678134918,-0.03400000184774399,0.017000000923871994,0.05900000035762787,0.08299999684095383,0.10099999606609344,0.12099999934434891,0.14499999582767487,0.16100001335144043,0.1080000028014183,0.04699999839067459,0.0009999999310821295,-0.0559999980032444,0.0689999982714653,0.09600000083446503,0.11599999666213989,0.2150000035762787,0.19300000369548798,0.2290000021457672
0.0,0.0,0.0,0.0,0.0,0.0,0.0,0.0,0.0,0.0,0.0,0.0,0.0,-0.04999999701976776,-0.23000000417232513,-0.3920000195503235,-0.5379999876022339,-0.6069999933242798,-0.671999990940094,-0.5290000438690186,-0.4100000262260437,-0.4100000262260437,-0.42399999499320984,-0.3790000081062317,-0.31800001859664917,-0.29899999499320984,-0.30400002002716064,-0.2939999997615814,-0.25999999046325684,-0.22500000894069672,-0.1459999978542328,-0.07799999415874481,-0.026000000536441803,0.0139999995008111,0.044999998062849045,0.06399999558925629,0.0729999989271164,0.10200000554323196,0.16100001335144043,0.24000000953674316,0.2019999921321869,0.07699999958276749,-0.013000000268220901,0.1550000011920929,0.203000009059906,0.23199999332427979,0.21799999475479126,0.19200000166893005,0.21400001645088196
0.0,0.0,0.0,0.0,0.0,0.0,0.0,0.0,0.0,0.0,0.0,0.0,0.0,0.0,-0.07100000232458115,-0.2329999953508377,-0.3540000021457672,-0.44699999690055847,-0.5249999761581421,-0.5519999861717224,-0.4320000112056732,-0.3499999940395355,-0.3659999966621399,-0.37599998712539673,-0.32499998807907104,-0.27300000190734863,-0.2619999945163727,-0.26600000262260437,-0.25200000405311584,-0.22500000894069672,-0.19900000095367432,-0.13300000131130219,-0.07199999690055847,-0.026000000536441803,0.005000000353902578,0.03700000047683716,0.054999999701976776,0.07199999690055847,0.0949999988079071,0.16499999165534973,0.2529999911785126,0.23000000417232513,0.19900000095367432,0.23399999737739563,0.2939999997615814,0.2879999876022339,0.26100000739097595,0.21400001645088196,0.15299999713897705
