data/wind10.json
{"header": { "parameterNumberName": "northward_wind", "parameterUnit": "m.s-1", "parameterNumber": 3, "parameterCategory": 2, "nx": 121, "ny": 221, "numberPoints": 26741, "dx": 0.005000000000000071, "dy": 0.005000000000000006, "la1": -31.6, "lo1": 115.3, "la2": -32.7, "lo2": 115.9, "refTime": "2022-11-25 16:00:00" }, "data":
[rows 147 to 167 of 221, columns 49 to 97 of 121]
0.8930000066757202,0.7949999570846558,0.7240000367164612,0.687000036239624,0.6029999852180481,0.4919999837875366,0.3970000147819519,0.320000022649765,0.2770000100135803,0.164000004529953,0.09300000220537186,0.07100000232458115,0.00699999975040555,-0.060999996960163116,-0.024000000208616257,-0.010999999940395355,-0.1730000078678131,-0.2840000092983246,-0.5540000200271606,-0.5889999866485596,-0.48500001430511475,-0.27000001072883606,-0.17599999904632568,-0.010000000707805157,-0.023000000044703484,0.08000000566244125,0.31199997663497925,0.006000000052154064,-0.04399999976158142,-0.4729999899864197,-0.43299999833106995,-0.1420000046491623,0.20099999010562897,0.4989999830722809,0.6459999680519104,0.7039999961853027,0.7080000042915344,0.7900000214576721,0.6759999990463257,0.5339999794960022,0.0,0.0,0.0,0.0,0.0,0.0,0.0,0.0,0.0
0.9130000472068787,0.7749999761581421,0.6940000057220459,0.6310000419616699,0.5849999785423279,0.5110000371932983,0.4410000145435333,0.3720000088214874,0.29500001668930054,0.17899999022483826,0.09800000488758087,0.04000000283122063,-0.026000000536441803,-0.07100000232458115,-0.05100000277161598,-0.027000000700354576,-0.04699999839067459,-0.012000000104308128,-0.2720000147819519,-0.3970000147819519,-0.3569999933242798,-0.2590000033378601,-0.15599998831748962,-0.09999999403953552,0.09600000083446503,0.18299999833106995,0.20899999141693115,0.07899999618530273,-0.2409999966621399,-0.37700000405311584,-0.7109999656677246,-0.2709999978542328,0.1979999989271164,0.4300000071525574,0.5070000290870667,0.5720000267028809,0.6690000295639038,0.7639999389648438,0.715999960899353,0.5929999947547913,0.0,0.0,0.0,0.0,0.0,0.0,0.0,0.0,0.0
0.9319999814033508,0.7760000228881836,0.6949999928474426,0.684999942779541,0.6679999828338623,0.5730000138282776,0.46799999475479126,0.38100001215934753,0.29600000381469727,0.18200001120567322,0.10099999606609344,0.03700000047683716,-0.017999999225139618,-0.06300000101327896,-0.060999996960163116,-0.030000001192092896,-0.10700000822544098,-0.032999999821186066,-0.10700000822544098,-0.16300000250339508,-0.16699999570846558,-0.12999999523162842,-0.04800000041723251,-0.03199999779462814,0.054999999701976776,0.23600000143051147,0.24300000071525574,0.08699999749660492,-0.2720000147819519,-0.64000004529953,-0.7609999775886536,-0.2720000147819519,0.13300000131130219,0.43299999833106995,0.5600000023841858,0.6239999532699585,0.7280000448226929,0.7879999876022339,0.746999979019165,0.6089999675750732,0.0,0.0,0.0,0.0,0.0,0.0,0.0,0.0,0.0
0.9290000200271606,0.8770000338554382,0.7609999775886536,0.7379999756813049,0.6790000200271606,0.5770000219345093,0.4830000102519989,0.4050000011920929,0.32099997997283936,0.20899999141693115,0.125,0.05900000035762787,0.007999999448657036,-0.04000000283122063,-0.05700000002980232,-0.052000001072883606,-0.08799999952316284,-0.06599999964237213,-0.02199999988079071,-0.032999999821186066,-0.015000000596046448,0.006000000052154064,0.02499999850988388,0.06700000166893005,0.11300000548362732,0.1679999977350235,0.2070000022649765,0.1290000081062317,-0.2199999988079071,-0.7660000324249268,-0.7599999904632568,-0.4190000295639038,0.1340000033378601,0.5139999985694885,0.7289999723434448,0.7699999809265137,0.7919999957084656,0.7859999537467957,0.7109999656677246,0.6089999675750732,0.0,0.0,0.0,0.0,0.0,0.0,0.0,0.0,0.0
1.0069999694824219,0.9070000052452087,0.7739999890327454,0.7660000324249268,0.7139999866485596,0.6169999837875366,0.5220000147819519,0.4410000145435333,0.3530000150203705,0.24300000071525574,0.15299999713897705,0.08699999749660492,0.04000000283122063,-0.006000000052154064,-0.030000001192092896,-0.03700000047683716,-0.12400000542402267,-0.1730000078678131,-0.12299999594688416,-0.020999999716877937,0.04100000113248825,0.12000000476837158,0.13600000739097595,0.12099999934434891,0.12199999392032623,0.12799999117851257,0.1379999965429306,0.06300000101327896,-0.2709999978542328,-0.6920000314712524,-0.8039999604225159,-0.48500001430511475,-0.05900000035762787,0.31800001859664917,0.6069999933242798,0.8070000410079956,0.8160000443458557,0.7769999504089355,0.6880000233650208,0.5199999809265137,0.0,0.0,0.0,0.0,0.0,0.0,0.0,0.0,0.0
0.9979999661445618,0.9259999990463257,0.8149999976158142,0.812999963760376,0.7519999742507935,0.6490000486373901,0.5530000329017639,0.4650000035762787,0.36400002241134644,0.2529999911785126,0.17000001668930054,0.11100000143051147,0.07499999552965164,0.04600000008940697,0.01900000125169754,0.01599999889731407,-0.0860000029206276,-0.20600000023841858,-0.2280000001192093,-0.06000000238418579,0.04699999839067459,0.14499999582767487,0.22600001096725464,0.22500000894069672,0.15399999916553497,0.11800000071525574,0.08500000834465027,-0.024000000208616257,-0.30400002002716064,-0.5989999771118164,-0.8030000329017639,-0.4989999830722809,-0.1810000091791153,-0.05100000277161598,0.3709999918937683,0.6620000600814819,0.9170000553131104,0.8090000152587891,0.4860000014305115,0.0,0.0,0.0,0.0,0.0,0.0,0.0,0.0,0.0,0.0
1.027000069618225,0.9839999675750732,0.8919999599456787,0.8090000152587891,0.7540000081062317,0.6620000600814819,0.5519999861717224,0.4610000252723694,0.3540000021457672,0.22500000894069672,0.1679999977350235,0.11900000274181366,0.09399999678134918,0.07600000500679016,0.049000002443790436,0.04000000283122063,0.003000000026077032,-0.07000000029802322,-0.27399998903274536,-0.07600000500679016,0.020999999716877937,0.11900000274181366,0.2459999918937683,0.28700000047683716,0.2409999966621399,0.1469999998807907,0.04699999839067459,-0.15900000929832458,-0.4350000023841858,-0.7029999494552612,-0.9020000100135803,-0.6790000200271606,-0.1600000113248825,-0.1469999998807907,0.3579999804496765,0.4179999828338623,0.5,0.44300001859664917,0.0,0.0,0.0,0.0,0.0,0.0,0.0,0.0,0.0,0.0,0.0
1.062999963760376,1.0069999694824219,0.9529999494552612,0.8500000238418579,0.7569999694824219,0.6610000133514404,0.5540000200271606,0.453000009059906,0.3440000116825104,0.2280000001192093,0.15599998831748962,0.11100000143051147,0.08000000566244125,0.07499999552965164,0.057999998331069946,0.010000000707805157,0.06599999964237213,0.01599999889731407,-0.1860000044107437,-0.164000004529953,0.030000001192092896,0.1119999960064888,0.20899999141693115,0.281000018119812,0.28700000047683716,0.30300000309944153,0.12199999392032623,-0.164000004529953,-0.6129999756813049,-0.6480000019073486,-0.6179999709129333,-0.6340000033378601,-0.3330000042915344,0.020000001415610313,0.0,0.0,0.0,0.0,0.0,0.0,0.0,0.0,0.0,0.0,0.0,0.0,0.0,0.0,0.0
1.0069999694824219,1.0399999618530273,1.0460000038146973,0.8630000352859497,0.7450000047683716,0.6599999666213989,0.593999981880188,0.4780000150203705,0.3400000333786011,0.2150000035762787,0.13300000131130219,0.09100000560283661,0.0729999989271164,0.07400000095367432,0.09300000220537186,0.07100000232458115,0.07699999958276749,0.03500000014901161,-0.10300000011920929,-0.14999999105930328,-0.08100000023841858,0.09700000286102295,0.18200001120567322,0.2800000011920929,0.31700000166893005,0.3100000023841858,0.289000004529953,-0.03199999779462814,-0.5130000114440918,-0.5040000081062317,-0.4789999723434448,-0.5519999861717224,-0.49300000071525574,-0.39800000190734863,-0.31700000166893005,0.0,0.0,0.0,0.0,0.0,0.0,0.0,0.0,0.0,0.0,0.0,0.0,0.0,0.0
1.0670000314712524,1.090999960899353,0.9790000319480896,0.7900000214576721,0.7360000014305115,0.6880000233650208,0.6019999980926514,0.4399999976158142,0.296999990940094,0.21899999678134918,0.15799999237060547,0.12299999594688416,0.1080000028014183,0.10700000822544098,0.0949999988079071,0.08799999952316284,0.08299999684095383,0.05400000140070915,-0.038999997079372406,-0.14999999105930328,-0.10999999940395355,0.05700000002980232,0.18400000035762787,0.2939999997615814,0.3479999899864197,0.3240000009536743,0.2290000021457672,-0.04399999976158142,-0.3659999966621399,-0.3319999873638153,-0.3630000054836273,-0.4960000216960907,-0.4870000183582306,-0.5339999794960022,-0.35999998450279236,-0.3659999966621399,0.0,0.0,0.0,0.0,0.0,0.0,0.0,0.0,0.0,0.0,0.0,0.0,0.0
1.1800000667572021,1.0770000219345093,0.9210000038146973,0.8209999799728394,0.7260000109672546,0.6419999599456787,0.5490000247955322,0.4620000123977661,0.3460000157356262,0.24399998784065247,0.16300000250339508,0.12000000476837158,0.10400000214576721,0.10200000554323196,0.08900000154972076,0.07699999958276749,0.06700000166893005,0.044999998062849045,-0.04100000113248825,-0.16499999165534973,-0.15399999916553497,0.020000001415610313,0.17100000381469727,0.3089999854564667,0.36500000953674316,0.3050000071525574,0.14100000262260437,-0.0689999982714653,-0.10499999672174454,-0.09300000220537186,-0.21899999678134918,-0.3669999837875366,-0.42100000381469727,-0.3999999761581421,-0.29500001668930054,-0.3720000088214874,-0.406000018119812,0.0,0.0,0.0,0.0,0.0,0.0,0.0,0.0,0.0,0.0,0.0,0.0
1.1920000314712524,1.0820000171661377,0.9660000205039978,0.8219999670982361,0.6690000295639038,0.6150000095367432,0.5889999866485596,0.5070000290870667,0.35100001096725464,0.23199999332427979,0.14000000059604645,0.10200000554323196,0.09700000286102295,0.09600000083446503,0.08699999749660492,0.08799999952316284,0.06800000369548798,0.02499999850988388,-0.06200000271201134,-0.16899999976158142,-0.0949999988079071,0.038999997079372406,0.16499999165534973,0.30799999833106995,0.3630000054836273,0.2939999997615814,0.08100000023841858,-0.07699999958276749,0.005000000353902578,0.13199999928474426,-0.008999999612569809,-0.17000001668930054,-0.2449999898672104,-0.20899999141693115,-0.18700000643730164,-0.24399998784065247,-0.3400000333786011,-0.3460000157356262,0.0,0.0,0.0,0.0,0.0,0.0,0.0,0.0,0.0,0.0,0.0
1.2109999656677246,1.1169999837875366,0.9819999933242798,0.8209999799728394,0.7109999656677246,0.6349999904632568,0.5429999828338623,0.4710000157356262,0.3489999771118164,0.24700000882148743,0.1420000046491623,0.08299999684095383,0.06800000369548798,0.06300000101327896,0.06700000166893005,0.0949999988079071,0.08799999952316284,0.03800000250339508,-0.03700000047683716,-0.1080000028014183,-0.03700000047683716,0.05700000002980232,0.17599999904632568,0.30799999833106995,0.36400002241134644,0.3050000071525574,0.12999999523162842,-0.03199999779462814,0.05900000035762787,0.22699999809265137,0.1600000113248825,0.03800000250339508,-0.05100000277161598,-0.05900000035762787,-0.07400000095367432,-0.0989999994635582,-0.1459999978542328,-0.2630000114440918,-0.335999995470047,0.0,0.0,0.0,0.0,0.0,0.0,0.0,0.0,0.0,0.0
1.2070000171661377,1.1440000534057617,1.0239999294281006,0.8690000176429749,0.7329999804496765,0.6029999852180481,0.46000000834465027,0.3929999768733978,0.3610000014305115,0.2709999978542328,0.18200001120567322,0.0989999994635582,0.041999999433755875,0.0559999980032444,0.08399999886751175,0.11699999868869781,0.1119999960064888,0.013000000268220901,-0.006000000052154064,-0.05400000140070915,0.032999999821186066,0.1459999978542328,0.2669999897480011,0.3489999771118164,0.3720000088214874,0.2930000126361847,0.10899999737739563,-0.001999999862164259,0.12700000405311584,0.25699999928474426,0.2919999957084656,0.1899999976158142,0.11100000143051147,0.04000000283122063,0.03700000047683716,0.03199999779462814,0.01599999889731407,-0.0689999982714653,-0.10200000554323196,-0.5029999613761902,0.0,0.0,0.0,0.0,0.0,0.0,0.0,0.0,0.0
1.2450000047683716,1.2760000228881836,1.0119999647140503,0.8399999737739563,0.7170000076293945,0.5979999899864197,0.46700000762939453,0.3449999988079071,0.3020000159740448,0.30799999833106995,0.2580000162124634,0.125,0.027000000700354576,0.0009999999310821295,0.07400000095367432,0.11800000071525574,0.0729999989271164,-0.07499999552965164,-0.0279999990016222,0.015000000596046448,0.10599999874830246,0.2160000056028366,0.3229999840259552,0.3840000033378601,0.38100001215934753,0.25200000405311584,0.10300000011920929,0.10400000214576721,0.16699999570846558,0.25599998235702515,0.3460000157356262,0.30799999833106995,0.21700000762939453,0.12999999523162842,0.07699999958276749,0.10099999606609344,0.10599999874830246,0.13199999928474426,0.01900000125169754,-0.5049999952316284,0.0,0.0,0.0,0.0,0.0,0.0,0.0,0.0,0.0
1.2950000762939453,1.1469999551773071,0.9539999961853027,0.8529999852180481,0.7039999961853027,0.5870000123977661,0.5019999742507935,0.3929999768733978,0.3020000159740448,0.3319999873638153,0.27000001072883606,0.1119999960064888,-0.01900000125169754,-0.024000000208616257,0.032999999821186066,0.0860000029206276,0.005000000353902578,-0.07000000029802322,-0.07600000500679016,0.023000000044703484,0.09999999403953552,0.25999999046325684,0.39500001072883606,0.4560000002384186,0.42500001192092896,0.23199999332427979,0.12799999117851257,0.19200000166893005,0.20999999344348907,0.2759999930858612,0.3530000150203705,0.4010000228881836,0.2980000078678131,0.19200000166893005,0.0860000029206276,0.08000000566244125,0.14000000059604645,0.14000000059604645,-0.03199999779462814,-0.14800000190734863,0.20400001108646393,0.0,0.0,0.0,0.0,0.0,0.0,0.0,0.0
1.2960000038146973,1.0010000467300415,0.9210000038146973,0.871999979019165,0.7190000414848328,0.6239999532699585,0.5460000038146973,0.4830000102519989,0.3889999985694885,0.29999998211860657,0.2239999920129776,0.11400000005960464,-0.044999998062849045,0.02199999988079071,0.06300000101327896,0.05900000035762787,-0.04100000113248825,-0.06499999761581421,-0.041999999433755875,0.04000000283122063,0.16699999570846558,0.3100000023841858,0.4440000057220459,0.43799999356269836,0.46799999475479126,0.38100001215934753,0.21799999475479126,0.2879999876022339,0.3100000023841858,0.32999998331069946,0.3669999837875366,0.4269999861717224,0.35600000619888306,0.1979999989271164,0.05900000035762787,-0.010999999940395355,0.13899999856948853,0.15599998831748962,0.12999999523162842,0.023000000044703484,0.18799999356269836,0.0,0.0,0.0,0.0,0.0,0.0,0.0,0.0
1.221000075340271,1.0010000467300415,0.8609999418258667,0.7919999957084656,0.7789999842643738,0.7020000219345093,0.6369999647140503,0.5579999685287476,0.4320000112056732,0.3089999854564667,0.20800000429153442,0.08500000834465027,-0.04800000041723251,0.12000000476837158,0.04999999701976776,0.041999999433755875,-0.003000000026077032,-0.02499999850988388,0.052000001072883606,0.11800000071525574,0.23800000548362732,0.3499999940395355,0.4190000295639038,0.39900001883506775,0.4899999797344208,0.5569999814033508,0.44699999690055847,0.4179999828338623,0.3819999694824219,0.35500001907348633,0.3819999694824219,0.3709999918937683,0.3139999806880951,0.22500000894069672,0.09399999678134918,0.001999999862164259,0.11900000274181366,0.1899999976158142,0.2160000056028366,0.11699999868869781,0.1720000058412552,0.0,0.0,0.0,0.0,0.0,0.0,0.0,0.0
1.1850000619888306,1.0920000076293945,0.9000000357627869,0.7289999723434448,0.7730000019073486,0.8030000329017639,0.7310000061988831,0.5950000286102295,0.4690000116825104,0.3460000157356262,0.1600000113248825,-0.005000000353902578,0.028999999165534973,0.1679999977350235,0.10200000554323196,0.08299999684095383,0.049000002443790436,-0.003000000026077032,0.10300000011920929,0.18799999356269836,0.30799999833106995,0.43299999833106995,0.47600001096725464,0.4050000011920929,0.49800002574920654,0.527999997138977,0.49800002574920654,0.4490000009536743,0.39399999380111694,0.3449999988079071,0.32099997997283936,0.28600001335144043,0.2630000114440918,0.20400001108646393,0.09800000488758087,-0.012000000104308128,0.09200000017881393,0.17999999225139618,0.2409999966621399,0.15200001001358032,0.15599998831748962,0.0,0.0,0.0,0.0,0.0,0.0,0.0,0.0
1.2139999866485596,1.125,0.9670000076293945,0.8420000076293945,0.7850000262260437,0.8550000190734863,0.784000039100647,0.6419999599456787,0.5170000195503235,0.31700000166893005,0.09100000560283661,0.06300000101327896,0.125,0.3240000009536743,0.20600000023841858,0.15399999916553497,0.10999999940395355,0.07100000232458115,0.15599998831748962,0.24199999868869781,0.38499999046325684,0.562999963760376,0.5209999680519104,0.37300002574920654,0.37300002574920654,0.5180000066757202,0.5099999904632568,0.48099997639656067,0.3569999933242798,0.25999999046325684,0.24700000882148743,0.26100000739097595,0.24900001287460327,0.18700000643730164,0.0949999988079071,-0.030000001192092896,0.05299999937415123,0.1459999978542328,0.2329999953508377,0.20600000023841858,0.14800000190734863,0.0,0.0,0.0,0.0,0.0,0.0,0.0,0.0
1.181999921798706,1.1089999675750732,1.0199999809265137,1.0320000648498535,0.9220000505447388,0.8700000047683716,0.8389999866485596,0.7190000414848328,0.5080000162124634,0.25099998712539673,0.17000001668930054,0.18299999833106995,0.16499999165534973,0.4309999942779541,0.30400002002716064,0.22100000083446503,0.15599998831748962,0.16699999570846558,0.23499998450279236,0.27399998903274536,0.3830000162124634,0.6360000371932983,0.47200000286102295,0.2619999945163727,0.1720000058412552,0.4359999895095825,0.5189999938011169,0.48399999737739563,0.3440000116825104,0.2770000100135803,0.25999999046325684,0.2619999945163727,0.25099998712539673,0.2019999921321869,0.11500000208616257,-0.015000000596046448,0.04699999839067459,0.12600000202655792,0.21299999952316284,0.19900000095367432,0.12999999523162842,0.0,0.0,0.0,0.0,0.0,0.0,0.0,0.0
