data/wind12.json
{"header": { "parameterNumberName": "northward_wind", "parameterUnit": "m.s-1", "parameterNumber": 3, "parameterCategory": 2, "nx": 121, "ny": 221, "numberPoints": 26741, "dx": 0.005000000000000071, "dy": 0.005000000000000006, "la1": -31.6, "lo1": 115.3, "la2": -32.7, "lo2": 115.9, "refTime": "2022-11-25 20:00:00" }, "data":
[rows 66 to 87 of 221, columns 0 to 48 of 121]
0.0,0.0,0.0,0.0,0.0,0.0,0.0,0.0,0.0,1.274999976158142,1.1490000486373901,1.024999976158142,0.8860000371932983,0.7339999675750732,0.43299999833106995,0.13600000739097595,-0.0989999994635582,-0.25200000405311584,-0.2919999957084656,-0.3779999911785126,-0.4610000252723694,-0.5710000395774841,-0.6029999852180481,-0.6310000419616699,-1.0789999961853027,-0.6190000176429749,-0.2459999918937683,0.22299998998641968,0.6779999732971191,1.0540000200271606,1.2649999856948853,1.4139999151229858,1.4849998950958252,1.553999900817871,1.5880000591278076,1.465999960899353,1.1710000038146973,1.2929999828338623,1.3619999885559082,1.3830000162124634,1.2790000438690186,1.2559999227523804,1.284999966621399,1.431999921798706,1.5109999179840088,1.5429999828338623,1.5800000429153442,1.556999921798706,1.503000020980835
0.0,0.0,0.0,0.0,0.0,0.0,0.0,0.0,0.0,1.2599999904632568,1.1399999856948853,1.0220000743865967,0.878000020980835,0.7329999804496765,0.4410000145435333,0.16200000047683716,-0.049000002443790436,-0.1720000058412552,-0.24300000071525574,-0.3449999988079071,-0.4650000035762787,-0.5900000333786011,-0.6200000047683716,-0.7129999995231628,-1.0049999952316284,-0.8820000290870667,-0.45399999618530273,0.044999998062849045,0.550000011920929,1.0299999713897705,1.253000020980835,1.4059998989105225,1.4639999866485596,1.531000018119812,1.6050000190734863,1.5139999389648438,0.9470000267028809,1.0540000200271606,1.1360000371932983,1.1610000133514404,1.1209999322891235,1.1430000066757202,1.1770000457763672,1.3079999685287476,1.3670001029968262,1.434000015258789,1.5130000114440918,1.5369999408721924,1.5149999856948853
0.0,0.0,0.0,0.0,0.0,0.0,0.0,0.0,0.0,1.2350000143051147,1.125,1.0169999599456787,0.8849999904632568,0.7170000076293945,0.4230000078678131,0.19200000166893005,-0.01900000125169754,-0.12000000476837158,-0.21700000762939453,-0.3669999837875366,-0.5049999952316284,-0.6459999680519104,-0.6639999747276306,-0.6880000233650208,-0.7789999842643738,-0.6679999828338623,-0.4520000219345093,-0.038999997079372406,0.45000001788139343,0.8980000019073486,1.2269999980926514,1.3919999599456787,1.5149999856948853,1.5809999704360962,1.468999981880188,1.181999921798706,0.7319999933242798,0.871999979019165,1.027999997138977,1.1420000791549683,1.1060000658035278,1.0779999494552612,1.0529999732971191,1.1440000534057617,1.2160000801086426,1.2989999055862427,1.4429999589920044,1.5770000219345093,1.4800000190734863
0.0,0.0,0.0,0.0,0.0,0.0,0.0,0.0,0.0,1.2109999656677246,1.1100000143051147,1.0090000629425049,0.8649999499320984,0.6679999828338623,0.3999999761581421,0.1899999976158142,0.017000000923871994,-0.06499999761581421,-0.1810000091791153,-0.3409999907016754,-0.5019999742507935,-0.6190000176429749,-0.6299999952316284,-0.6520000100135803,-0.7890000343322754,-0.621999979019165,-0.3139999806880951,0.09600000083446503,0.5139999985694885,0.9110000133514404,1.1990000009536743,1.412000060081482,1.4550000429153442,1.4040000438690186,1.2100000381469727,0.9790000319480896,0.6930000185966492,0.8230000138282776,1.0369999408721924,1.3009999990463257,1.1920000314712524,1.0230000019073486,0.9390000104904175,0.8510000109672546,1.0230000019073486,1.1579999923706055,1.3600001335144043,1.4380000829696655,1.3819999694824219
0.0,0.0,0.0,0.0,0.0,0.0,0.0,0.0,0.0,1.1929999589920044,1.0980000495910645,0.9880000352859497,0.8250000476837158,0.6369999647140503,0.4100000262260437,0.2639999985694885,0.12299999594688416,0.02499999850988388,-0.10999999940395355,-0.2849999964237213,-0.4560000002384186,-0.574999988079071,-0.6100000143051147,-0.7929999828338623,-0.9049999713897705,-0.7590000629425049,-0.3499999940395355,0.19500000774860382,0.5600000023841858,0.8810000419616699,1.1579999923706055,1.3320000171661377,1.374000072479248,1.2950000762939453,1.2350000143051147,1.0540000200271606,0.45899999141693115,0.5979999899864197,1.0099999904632568,1.3680000305175781,1.055999994277954,0.7209999561309814,0.4620000123977661,0.6270000338554382,0.8560000658035278,1.062999963760376,1.312999963760376,1.399999976158142,1.4139999151229858
0.0,0.0,0.0,0.0,0.0,0.0,0.0,0.0,0.0,1.1770000457763672,1.0789999961853027,0.9610000252723694,0.8380000591278076,0.6790000200271606,0.4749999940395355,0.3479999899864197,0.23499998450279236,0.13199999928474426,-0.03199999779462814,-0.21799999475479126,-0.43400001525878906,-0.5659999847412109,-0.6340000033378601,-0.843999981880188,-0.9240000247955322,-0.8759999871253967,-0.3579999804496765,0.2619999945163727,0.5490000247955322,0.8140000104904175,1.1139999628067017,1.305999994277954,1.4200000762939453,1.3429999351501465,0.9790000319480896,0.5550000071525574,-0.05700000002980232,0.5220000147819519,1.034000039100647,1.1209999322891235,0.6679999828338623,0.32499998807907104,0.1979999989271164,0.5559999942779541,0.8330000042915344,1.0759999752044678,1.2620000839233398,1.3930000066757202,1.5469999313354492
0.0,0.0,0.0,0.0,0.0,0.0,0.0,0.0,1.2639999389648438,1.1640000343322754,1.0640000104904175,0.9650000333786011,0.8649999499320984,0.7100000381469727,0.527999997138977,0.4449999928474426,0.33899998664855957,0.2459999918937683,0.06300000101327896,-0.14300000667572021,-0.3799999952316284,-0.5530000329017639,-0.687000036239624,-0.9619999527931213,-1.0049999952316284,-0.9210000038146973,-0.3610000014305115,0.2789999842643738,0.4620000123977661,0.6979999542236328,1.0679999589920044,1.3420000076293945,1.4259999990463257,0.7559999823570251,0.09600000083446503,-0.08100000023841858,-0.4230000078678131,0.6800000667572021,0.9319999814033508,0.8739999532699585,0.2370000034570694,0.13699999451637268,0.1979999989271164,0.640999972820282,0.9079999923706055,1.093000054359436,1.246000051498413,1.3840000629425049,1.4620000123977661
0.0,0.0,0.0,0.0,0.0,0.0,0.0,0.0,1.253000020980835,1.1519999504089355,1.0520000457763672,0.9520000219345093,0.8700000047683716,0.7260000109672546,0.5789999961853027,0.5160000324249268,0.4449999928474426,0.3579999804496765,0.18700000643730164,-0.03700000047683716,-0.3009999990463257,-0.5009999871253967,-0.7300000190734863,-1.125999927520752,-1.0290000438690186,-1.0260000228881836,-0.3929999768733978,0.013000000268220901,0.39800000190734863,0.7789999842643738,1.1339999437332153,0.9799999594688416,0.3920000195503235,-0.14999999105930328,-0.23399999737739563,-0.4350000023841858,-0.5920000076293945,0.24399998784065247,0.5199999809265137,0.6069999933242798,0.6629999876022339,0.6779999732971191,0.7730000019073486,0.8880000114440918,1.1080000400543213,1.1990000009536743,1.2909998893737793,1.3889999389648438,1.3160001039505005
0.0,0.0,0.0,0.0,0.0,0.0,0.0,0.0,1.2419999837875366,1.1389999389648438,1.0369999408721924,0.9490000009536743,0.8759999871253967,0.7519999742507935,0.6480000019073486,0.621999979019165,0.5530000329017639,0.4699999690055847,0.3009999990463257,0.07199999690055847,-0.21899999678134918,-0.5999999642372131,-0.8669999837875366,-0.8829999566078186,-1.1469999551773071,-1.4639999866485596,-0.6700000166893005,0.06300000101327896,0.5659999847412109,0.7879999876022339,0.5799999833106995,0.20999999344348907,-0.006000000052154064,-0.12099999934434891,-0.34299999475479126,-0.40199998021125793,-0.5799999833106995,-0.3799999952316284,0.21700000762939453,0.5889999866485596,0.784000039100647,0.8869999647140503,1.0180000066757202,1.125999927520752,1.1039999723434448,1.149999976158142,1.2120000123977661,1.2070000171661377,1.0899999141693115
0.0,0.0,0.0,0.0,0.0,0.0,0.0,0.0,1.2309999465942383,1.1230000257492065,1.0160000324249268,0.9369999766349792,0.8820000290870667,0.7769999504089355,0.706000030040741,0.6940000057220459,0.6449999809265137,0.5559999942779541,0.4089999794960022,0.15900000929832458,-0.17000001668930054,-1.1339999437332153,-0.5220000147819519,-0.5119999647140503,-1.1370000839233398,-1.569000005722046,-0.562999963760376,0.3709999918937683,0.16599999368190765,-0.020000001415610313,-0.03199999779462814,-0.04600000008940697,0.012000000104308128,0.06000000238418579,-0.08000000566244125,-0.1770000010728836,-0.06599999964237213,-0.3190000057220459,-0.04600000008940697,0.40299999713897705,0.5889999866485596,0.812999963760376,0.9790000319480896,1.2080000638961792,0.9729999899864197,0.7960000038146973,0.902999997138977,0.7580000162124634,0.7109999656677246
0.0,0.0,0.0,0.0,0.0,0.0,0.0,0.0,1.2080000638961792,1.0989999771118164,0.9889999628067017,0.9210000038146973,0.8730000257492065,0.7900000214576721,0.7440000176429749,0.7519999742507935,0.7069999575614929,0.6230000257492065,0.42100000381469727,0.10200000554323196,-0.35500001907348633,-1.3300000429153442,-0.49800002574920654,-0.5180000066757202,-1.0529999732971191,-0.812000036239624,-0.32999998331069946,0.13699999451637268,-0.3370000123977661,0.125,0.3089999854564667,0.12600000202655792,-0.052000001072883606,0.012000000104308128,0.1979999989271164,0.41600000858306885,0.48500001430511475,0.3400000333786011,0.14999999105930328,0.2070000022649765,0.8759999871253967,0.9300000071525574,0.902999997138977,1.1010000705718994,0.8799999952316284,0.49400001764297485,0.49300000071525574,0.1340000033378601,0.05400000140070915
0.0,0.0,0.0,0.0,0.0,0.0,0.0,0.0,1.184000015258789,1.069000005722046,0.9539999961853027,0.8799999952316284,0.8240000009536743,0.7739999890327454,0.7319999933242798,0.7100000381469727,0.6169999837875366,0.4729999899864197,0.2329999953508377,-0.09700000286102295,-0.5339999794960022,-1.36899995803833,-1.2450000047683716,-0.6949999928474426,-0.25099998712539673,-0.01599999889731407,-0.14800000190734863,0.08100000023841858,0.1810000091791153,0.32600000500679016,0.375,0.4190000295639038,0.18799999356269836,0.08500000834465027,0.4179999828338623,0.8420000076293945,0.8789999485015869,0.7569999694824219,0.2619999945163727,0.2449999898672104,0.7440000176429749,0.9290000200271606,0.7120000123977661,0.6369999647140503,0.3779999911785126,0.23499998450279236,0.12999999523162842,-0.14000000059604645,-0.08000000566244125
0.0,0.0,0.0,0.0,0.0,0.0,0.0,0.0,1.1510000228881836,1.031000018119812,0.8959999680519104,0.7630000114440918,0.7170000076293945,0.6779999732971191,0.6290000081062317,0.5960000157356262,0.5049999952316284,0.4659999907016754,0.33100003004074097,0.09700000286102295,-0.2980000078678131,-1.1720000505447388,-1.2809998989105225,-0.8690000176429749,0.3880000114440918,0.3610000014305115,0.27399998903274536,0.10700000822544098,0.12799999117851257,0.13099999725818634,0.23199999332427979,0.22100000083446503,0.2789999842643738,0.25,0.41700002551078796,0.7280000448226929,0.7179999947547913,0.40700000524520874,0.7329999804496765,0.8910000324249268,1.055999994277954,0.9480000138282776,0.0,0.0,0.0,0.0,0.0,0.0,0.0
0.0,0.0,0.0,0.0,0.0,0.0,0.0,0.0,1.1159999370574951,0.9670000076293945,0.8169999718666077,0.6610000133514404,0.5270000100135803,0.6019999980926514,0.6549999713897705,0.6990000009536743,0.715999960899353,0.6899999976158142,0.6419999599456787,0.3819999694824219,-0.10999999940395355,-1.0199999809265137,-1.1209999322891235,-0.6740000247955322,-0.04100000113248825,0.5220000147819519,0.6140000224113464,0.3959999978542328,0.04600000008940697,-0.4479999840259552,-0.5049999952316284,-0.09100000560283661,-0.05299999937415123,-0.0559999980032444,0.38499999046325684,0.32499998807907104,0.164000004529953,0.7280000448226929,1.434999942779541,1.2419999837875366,0.0,0.0,0.0,0.0,0.0,0.0,0.0,0.0,0.0
0.0,0.0,0.0,0.0,0.0,0.0,0.0,0.0,1.0800000429153442,0.925000011920929,0.777999997138977,0.5299999713897705,0.5180000066757202,0.7789999842643738,0.8299999833106995,0.8709999918937683,0.8550000190734863,0.8420000076293945,0.7710000276565552,0.5490000247955322,0.012000000104308128,-0.9070000052452087,-0.8990000486373901,-0.7389999628067017,-0.6940000057220459,-0.044999998062849045,0.26899999380111694,0.39500001072883606,0.11300000548362732,-0.7549999952316284,-0.9579999446868896,-0.47600001096725464,-0.6549999713897705,-0.335999995470047,0.001999999862164259,-0.0989999994635582,0.4410000145435333,1.3819999694824219,1.4300000667572021,0.0,0.0,0.0,0.0,0.0,0.0,0.0,0.0,0.0,0.0
0.0,0.0,0.0,0.0,0.0,0.0,0.0,0.0,1.0450000762939453,0.9149999618530273,0.7689999938011169,0.5370000004768372,0.5530000329017639,0.8460000157356262,0.8829999566078186,0.8669999837875366,0.8770000338554382,0.8680000305175781,0.8730000257492065,0.6889999508857727,0.10300000011920929,-0.843999981880188,-0.6859999895095825,-0.625,-0.6679999828338623,-0.2919999957084656,-0.4699999690055847,-0.4010000228881836,-0.2280000001192093,-1.1610000133514404,-1.1670000553131104,-0.9780000448226929,-1.8629999160766602,-1.1979999542236328,-0.21299999952316284,0.21700000762939453,1.125999927520752,1.3799999952316284,0.0,0.0,0.0,0.0,0.0,0.0,0.0,0.0,0.0,0.0,0.0
0.0,0.0,0.0,0.0,0.0,0.0,0.0,0.0,0.9819999933242798,0.8950000405311584,0.7630000114440918,0.5860000252723694,0.6060000061988831,0.8230000138282776,0.8529999852180481,0.8609999418258667,0.8880000114440918,0.9430000185966492,0.9619999527931213,0.8550000190734863,0.22299998998641968,-0.6589999794960022,-0.48900002241134644,-0.5699999928474426,-0.5230000019073486,-0.20600000023841858,-0.5049999952316284,-1.6540000438690186,-2.1110000610351562,-1.850000023841858,-1.3220000267028809,-0.812000036239624,-2.446000099182129,-0.675000011920929,0.18200001120567322,0.6459999680519104,0.9130000472068787,0.0,0.0,0.0,0.0,0.0,0.0,0.0,0.0,0.0,0.0,0.0,0.0
0.0,0.0,0.0,0.0,0.0,0.0,0.0,0.0,0.918999969959259,0.875,0.7410000562667847,0.5690000057220459,0.6010000109672546,0.8169999718666077,0.8640000224113464,0.8840000033378601,0.9229999780654907,0.9819999933242798,1.0399999618530273,0.9660000205039978,0.16699999570846558,-0.597000002861023,-0.3370000123977661,-0.5900000333786011,-0.4610000252723694,-0.2549999952316284,-0.46399998664855957,-1.6740000247955322,-2.555999994277954,-2.682000160217285,-2.234999895095825,-1.3259999752044678,-0.8600000143051147,-0.23399999737739563,0.0,0.0,0.0,0.0,0.0,0.0,0.0,0.3059999942779541,0.8600000143051147,0.0,0.0,0.0,0.0,0.0,0.3489999771118164
0.0,0.0,0.0,0.0,0.0,0.0,0.0,0.0,0.8560000658035278,0.8529999852180481,0.7329999804496765,0.5600000023841858,0.6080000400543213,0.8299999833106995,0.871999979019165,0.9040000438690186,0.9420000314712524,1.0109999179840088,1.0700000524520874,1.0440000295639038,0.26899999380111694,-0.6089999675750732,-0.15799999237060547,-0.4350000023841858,-0.31700000166893005,-0.35500001907348633,-0.6669999361038208,-1.6920000314712524,-2.5429999828338623,-3.0899999141693115,-3.688000202178955,0.0,0.0,0.0,0.0,-0.16599999368190765,0.125,0.3240000009536743,0.36400002241134644,0.09999999403953552,-0.21799999475479126,0.10599999874830246,0.8640000224113464,1.7790000438690186,1.4139999151229858,0.0,0.0,0.550000011920929,0.3790000081062317
0.0,0.0,0.0,0.0,0.0,0.0,0.0,0.0,0.9139999747276306,0.8510000109672546,0.7289999723434448,0.5579999685287476,0.6200000047683716,0.8389999866485596,0.8860000371932983,0.9179999828338623,0.9589999914169312,1.0199999809265137,1.0759999752044678,1.0640000104904175,0.2280000001192093,-0.23100000619888306,-0.08799999952316284,-0.2329999953508377,0.0009999999310821295,-0.3579999804496765,-0.8860000371932983,-1.565999984741211,-2.5160000324249268,-2.8480000495910645,-3.308000087738037,0.0,0.0,-0.4230000078678131,-0.527999997138977,-0.09300000220537186,0.29500001668930054,0.5999999642372131,0.6729999780654907,0.6310000419616699,0.4729999899864197,0.6959999799728394,1.2339999675750732,1.9249999523162842,3.048999786376953,2.118000030517578,0.45399999618530273,0.7379999756813049,0.2639999985694885
0.0,0.0,0.0,0.0,0.0,0.0,0.0,0.0,0.925000011920929,0.8289999961853027,0.7269999980926514,0.5579999685287476,0.6279999613761902,0.843999981880188,0.8840000033378601,0.9170000553131104,0.9490000009536743,1.0059999227523804,1.058000087738037,1.0720000267028809,0.44300001859664917,-0.2370000034570694,-0.1469999998807907,0.06499999761581421,0.29500001668930054,-0.13500000536441803,-0.6779999732971191,-1.3029999732971191,-2.0139999389648438,-2.2109999656677246,-2.197000026702881,-3.05400013923645,-0.3569999933242798,0.04699999839067459,0.11100000143051147,0.5170000195503235,0.8240000009536743,1.1510000228881836,1.2289999723434448,1.1929999589920044,1.1440000534057617,1.3040000200271606,1.3199999332427979,1.8830000162124634,2.2269999980926514,1.753000020980835,0.7360000014305115,0.9860000014305115,0.45399999618530273
0.0,0.0,0.0,0.0,0.0,0.0,0.0,0.0,0.8990000486373901,0.828000009059906,0.7249999642372131,0.5569999814033508,0.6380000114440918,0.8299999833106995,0.8659999966621399,0.8990000486373901,0.9350000619888306,0.9950000047683716,1.0549999475479126,1.0959999561309814,0.5029999613761902,-0.19099998474121094,-0.164000004529953,0.14499999582767487,0.40700000524520874,0.2750000059604645,-0.25099998712539673,-0.7800000309944153,-1.5700000524520874,-2.0950000286102295,-2.069000005722046,-2.13700008392334,0.049000002443790436,0.597000002861023,0.6270000338554382,0.9309999942779541,1.3320000171661377,1.6230000257492065,1.812000036239624,1.7269999980926514,1.7299998998641968,1.7939999103546143,1.7049999237060547,1.877000093460083,2.2929999828338623,1.5809999704360962,0.9240000247955322,0.9819999933242798,0.7879999876022339
