data/wind12.json
{"header": { "parameterNumberName": "eastward_wind", "parameterUnit": "m.s-1", "parameterNumber": 2, "parameterCategory": 2, "nx": 121, "ny": 221, "numberPoints": 26741, "dx": 0.005000000000000071, "dy": 0.005000000000000006, "la1": -31.6, "lo1": 115.3, "la2": -32.7, "lo2": 115.9, "refTime": "2022-11-25 20:00:00" }, "data":
[rows 44 to 65 of 221, columns 0 to 47 of 121]
0.0,0.0,0.0,0.0,0.0,0.0,0.0,0.0,0.0,0.0,0.0,0.0,0.0,0.0,0.0,0.0,0.0,0.0,0.0,0.14100000262260437,0.16599999368190765,0.1550000011920929,0.12799999117851257,0.030000001192092896,-0.03199999779462814,-0.10899999737739563,-0.18700000643730164,-0.25099998712539673,-0.2370000034570694,-0.22600001096725464,-0.2750000059604645,-0.33100003004074097,-0.35899999737739563,-0.3330000042915344,-0.31199997663497925,-0.29899999499320984,-0.289000004529953,-0.2750000059604645,-0.2630000114440918,-0.24000000953674316,-0.21899999678134918,-0.18299999833106995,-0.15799999237060547,-0.164000004529953,-0.164000004529953,-0.15299999713897705,-0.1379999965429306,-0.09999999403953552
0.0,0.0,0.0,0.0,0.0,0.0,0.0,0.0,0.0,0.0,0.0,0.0,0.0,0.0,0.0,0.0,0.0,0.0,0.024000000208616257,0.09100000560283661,0.14800000190734863,0.2160000056028366,0.1379999965429306,0.03800000250339508,-0.06000000238418579,-0.14399999380111694,-0.20999999344348907,-0.22500000894069672,-0.22299998998641968,-0.23900000751018524,-0.2919999957084656,-0.33399999141693115,-0.30799999833106995,-0.27799999713897705,-0.25099998712539673,-0.22699999809265137,-0.22200000286102295,-0.2239999920129776,-0.21400001645088196,-0.18200001120567322,-0.11900000274181366,-0.0729999989271164,-0.044999998062849045,-0.04699999839067459,-0.054999999701976776,-0.04100000113248825,0.003000000026077032,0.05900000035762787
0.0,0.0,0.0,0.0,0.0,0.0,0.0,0.0,0.0,0.0,0.0,0.0,0.0,0.0,0.0,0.0,0.0,0.010000000707805157,0.04000000283122063,0.054999999701976776,0.0989999994635582,0.10400000214576721,0.09999999403953552,0.0,-0.1080000028014183,-0.17599999904632568,-0.1889999955892563,-0.203000009059906,-0.25099998712539673,-0.2720000147819519,-0.2709999978542328,-0.2669999897480011,-0.24800001084804535,-0.210999995470047,-0.17999999225139618,-0.16100001335144043,-0.1679999977350235,-0.17599999904632568,-0.12799999117851257,-0.07100000232458115,-0.013000000268220901,0.008999999612569809,0.023000000044703484,0.04100000113248825,0.057999998331069946,0.07199999690055847,0.12099999934434891,0.1899999976158142
0.0,0.0,0.0,0.0,0.0,0.0,0.0,0.0,0.0,0.0,0.0,0.0,0.0,0.0,0.0,0.0,0.0,0.04600000008940697,0.0689999982714653,0.08699999749660492,0.04999999701976776,0.023000000044703484,0.027000000700354576,-0.010999999940395355,-0.11699999868869781,-0.15799999237060547,-0.17000001668930054,-0.22600001096725464,-0.28600001335144043,-0.2619999945163727,-0.19500000774860382,-0.18799999356269836,-0.1720000058412552,-0.13699999451637268,-0.12700000405311584,-0.11500000208616257,-0.0949999988079071,-0.035999998450279236,0.017999999225139618,0.020999999716877937,0.0279999990016222,0.05100000277161598,0.05700000002980232,0.07100000232458115,0.09600000083446503,0.18400000035762787,0.2590000033378601,0.3089999854564667
0.0,0.0,0.0,0.0,0.0,0.0,0.0,0.0,0.0,0.0,0.0,0.0,0.0,0.0,0.0,0.0,0.1080000028014183,0.10499999672174454,0.11100000143051147,0.0949999988079071,0.028999999165534973,-0.04100000113248825,-0.035999998450279236,-0.017999999225139618,-0.07699999958276749,-0.14499999582767487,-0.1979999989271164,-0.2590000033378601,-0.26600000262260437,-0.22299998998641968,-0.14300000667572021,-0.09200000017881393,-0.0820000022649765,-0.09300000220537186,-0.09700000286102295,-0.005000000353902578,0.13099999725818634,0.16499999165534973,0.06200000271201134,0.06700000166893005,0.06300000101327896,0.05100000277161598,0.05700000002980232,0.1459999978542328,0.25999999046325684,0.33399999141693115,0.3370000123977661,0.34299999475479126
0.0,0.0,0.0,0.0,0.0,0.0,0.0,0.0,0.0,0.0,0.0,0.0,0.0,0.0,0.0,0.1860000044107437,0.16300000250339508,0.16100001335144043,0.16100001335144043,0.08299999684095383,0.010999999940395355,-0.07100000232458115,-0.11900000274181366,-0.044999998062849045,-0.030000001192092896,-0.13899999856948853,-0.22600001096725464,-0.24000000953674316,-0.21400001645088196,-0.18299999833106995,-0.0820000022649765,0.010000000707805157,-0.017000000923871994,-0.038999997079372406,0.0279999990016222,0.13500000536441803,0.19999998807907104,0.04699999839067459,0.003000000026077032,0.04999999701976776,0.06000000238418579,0.0860000029206276,0.20400001108646393,0.3190000057220459,0.36500000953674316,0.3669999837875366,0.36899998784065247,0.3819999694824219
0.0,0.0,0.0,0.0,0.0,0.0,0.0,0.0,0.0,0.0,0.0,0.0,0.0,0.0,0.0,0.2370000034570694,0.20600000023841858,0.20099999010562897,0.17499999701976776,0.10099999606609344,-0.015000000596046448,-0.1080000028014183,-0.14800000190734863,-0.07899999618530273,-0.03100000135600567,-0.13600000739097595,-0.2150000035762787,-0.18799999356269836,-0.15699999034404755,-0.11500000208616257,-0.04699999839067459,0.03500000014901161,0.05400000140070915,0.12999999523162842,0.2150000035762787,0.11500000208616257,0.0689999982714653,0.07600000500679016,0.1510000079870224,0.12600000202655792,0.14999999105930328,0.26100000739097595,0.3540000021457672,0.3720000088214874,0.3920000195503235,0.40199998021125793,0.406000018119812,0.42100000381469727
0.0,0.0,0.0,0.0,0.0,0.0,0.0,0.0,0.0,0.0,0.0,0.0,0.0,0.0,0.2370000034570694,0.23100000619888306,0.24000000953674316,0.22200000286102295,0.18400000035762787,0.11699999868869781,-0.02199999988079071,-0.12799999117851257,-0.13899999856948853,-0.14100000262260437,-0.1420000046491623,-0.08900000154972076,-0.13899999856948853,-0.13699999451637268,-0.09600000083446503,-0.0559999980032444,-0.04999999701976776,0.030000001192092896,0.21799999475479126,0.3139999806880951,0.20800000429153442,-0.013000000268220901,0.003999999724328518,0.24900001287460327,0.36899998784065247,0.2759999930858612,0.33799999952316284,0.3659999966621399,0.3700000047683716,0.3920000195503235,0.4179999828338623,0.4359999895095825,0.4479999840259552,0.47699999809265137
0.0,0.0,0.0,0.0,0.0,0.0,0.0,0.0,0.0,0.0,0.0,0.0,0.0,0.0,0.20999999344348907,0.2070000022649765,0.21199999749660492,0.22500000894069672,0.19900000095367432,0.10700000822544098,-0.0139999995008111,-0.0860000029206276,-0.11599999666213989,-0.19300000369548798,-0.3100000023841858,-0.08900000154972076,-0.09600000083446503,-0.08100000023841858,-0.038999997079372406,-0.0279999990016222,-0.023000000044703484,0.11900000274181366,0.32099997997283936,0.2549999952316284,0.07499999552965164,0.02499999850988388,0.14300000667572021,0.328000009059906,0.3999999761581421,0.3790000081062317,0.38600000739097595,0.38100001215934753,0.3840000033378601,0.414000004529953,0.44300001859664917,0.47600001096725464,0.49699997901916504,0.5889999866485596
0.0,0.0,0.0,0.0,0.0,0.0,0.0,0.0,0.0,0.0,0.0,0.0,0.0,0.14399999380111694,0.1550000011920929,0.16899999976158142,0.1860000044107437,0.19999998807907104,0.1770000010728836,0.0860000029206276,0.04399999976158142,-0.024000000208616257,-0.11900000274181366,-0.20500001311302185,-0.20099999010562897,-0.0820000022649765,-0.02499999850988388,-0.015000000596046448,-0.008999999612569809,0.0,0.09999999403953552,0.2290000021457672,0.18299999833106995,0.05100000277161598,0.2680000066757202,0.4479999840259552,0.41600000858306885,0.3540000021457672,0.3869999945163727,0.3999999761581421,0.40199998021125793,0.40299999713897705,0.4050000011920929,0.4449999928474426,0.49300000071525574,0.546999990940094,0.6129999756813049,0.777999997138977
0.0,0.0,0.0,0.0,0.0,0.0,0.0,0.0,0.0,0.0,0.0,0.0,0.0,0.10400000214576721,0.08799999952316284,0.09200000017881393,0.1420000046491623,0.17499999701976776,0.12400000542402267,0.11699999868869781,0.08900000154972076,0.03800000250339508,-0.0430000014603138,-0.09999999403953552,-0.08999999612569809,-0.006000000052154064,0.06399999558925629,0.06200000271201134,0.04100000113248825,0.11300000548362732,0.23800000548362732,0.19999998807907104,-0.024000000208616257,0.09800000488758087,0.47600001096725464,0.5490000247955322,0.48900002241134644,0.42500001192092896,0.39900001883506775,0.4179999828338623,0.42500001192092896,0.4259999990463257,0.46299999952316284,0.5070000290870667,0.5659999847412109,0.6809999942779541,0.784000039100647,0.8489999771118164
0.0,0.0,0.0,0.0,0.0,0.0,0.0,0.0,0.0,0.0,0.0,0.0,0.16200000047683716,0.11699999868869781,0.07600000500679016,0.03500000014901161,0.07899999618530273,0.08399999886751175,0.10200000554323196,0.14399999380111694,0.16499999165534973,0.14999999105930328,0.1340000033378601,0.10700000822544098,0.08699999749660492,0.06000000238418579,0.12600000202655792,0.1469999998807907,0.15299999713897705,0.25,0.2770000100135803,0.08900000154972076,0.09399999678134918,0.38100001215934753,0.5490000247955322,0.48399999737739563,0.4729999899864197,0.45000001788139343,0.4129999876022339,0.42899999022483826,0.45000001788139343,0.4950000047683716,0.5339999794960022,0.5960000157356262,0.6759999990463257,0.7129999995231628,0.8489999771118164,0.8709999918937683
0.0,0.0,0.0,0.0,0.0,0.0,0.0,0.0,0.0,0.0,0.0,0.0,0.14000000059604645,0.12799999117851257,0.08999999612569809,0.04999999701976776,0.012000000104308128,-0.026000000536441803,-0.024000000208616257,0.005000000353902578,0.11100000143051147,0.1720000058412552,0.17100000381469727,0.19200000166893005,0.2459999918937683,0.1860000044107437,0.18299999833106995,0.22600001096725464,0.31300002336502075,0.3709999918937683,0.21199999749660492,0.12799999117851257,0.3840000033378601,0.5569999814033508,0.49699997901916504,0.4729999899864197,0.4830000102519989,0.48799997568130493,0.4610000252723694,0.4710000157356262,0.5130000114440918,0.5609999895095825,0.6209999918937683,0.684999942779541,0.6949999928474426,0.8510000109672546,0.9170000553131104,0.925000011920929
0.0,0.0,0.0,0.0,0.0,0.0,0.0,0.0,0.0,0.0,0.0,0.0989999994635582,0.07899999618530273,0.07100000232458115,0.07499999552965164,0.09399999678134918,0.035999998450279236,-0.05700000002980232,-0.04699999839067459,-0.007999999448657036,0.09700000286102295,0.22699999809265137,0.27000001072883606,0.29500001668930054,0.375,0.3499999940395355,0.2680000066757202,0.3440000116825104,0.4580000042915344,0.40199998021125793,0.2160000056028366,0.39900001883506775,0.5979999899864197,0.5389999747276306,0.4909999966621399,0.4830000102519989,0.5290000438690186,0.5569999814033508,0.5550000071525574,0.5559999942779541,0.5950000286102295,0.6499999761581421,0.7120000123977661,0.8759999871253967,0.9490000009536743,0.9390000104904175,0.9340000152587891,0.9350000619888306
0.0,0.0,0.0,0.0,0.0,0.0,0.0,0.0,0.0,0.0,0.0,0.028999999165534973,0.010999999940395355,-0.0009999999310821295,0.032999999821186066,0.10099999606609344,0.12400000542402267,0.08299999684095383,0.13899999856948853,0.2019999921321869,0.32099997997283936,0.4190000295639038,0.4789999723434448,0.5029999613761902,0.5460000038146973,0.5370000004768372,0.46700000762939453,0.48500001430511475,0.5220000147819519,0.4320000112056732,0.4950000047683716,0.6690000295639038,0.6470000147819519,0.5740000009536743,0.5710000395774841,0.5379999876022339,0.5820000171661377,0.6510000228881836,0.6589999794960022,0.6759999990463257,0.7100000381469727,0.7710000276565552,0.8489999771118164,0.8539999723434448,0.9020000100135803,0.902999997138977,0.8899999856948853,0.8899999856948853
0.0,0.0,0.0,0.0,0.0,0.0,0.0,0.0,0.0,0.0,0.0,-0.04999999701976776,-0.0689999982714653,-0.09600000083446503,0.003000000026077032,0.07100000232458115,0.1080000028014183,0.17000001668930054,0.22600001096725464,0.30300000309944153,0.41600000858306885,0.48399999737739563,0.5410000085830688,0.5950000286102295,0.7050000429153442,0.7010000348091125,0.6959999799728394,0.6819999814033508,0.5540000200271606,0.5180000066757202,0.6889999508857727,0.7739999890327454,0.7020000219345093,0.7289999723434448,0.7039999961853027,0.7080000042915344,0.7240000367164612,0.7109999656677246,0.781000018119812,0.8399999737739563,0.8680000305175781,0.8990000486373901,0.9740000367164612,0.9440000057220459,0.8759999871253967,0.8569999933242798,0.828000009059906,0.8050000071525574
0.0,0.0,0.0,0.0,0.0,0.0,0.0,0.0,0.0,0.0,0.0,-0.16300000250339508,-0.18200001120567322,-0.1730000078678131,-0.05900000035762787,0.04000000283122063,0.11400000005960464,0.18299999833106995,0.25599998235702515,0.3499999940395355,0.43699997663497925,0.4960000216960907,0.5540000200271606,0.6110000014305115,0.75,0.8840000033378601,0.8969999551773071,0.8309999704360962,0.7209999561309814,0.7599999904632568,0.8849999904632568,0.8160000443458557,0.812000036239624,0.956000030040741,0.9650000333786011,0.9120000004768372,0.9269999861717224,0.9350000619888306,0.9740000367164612,1.0540000200271606,1.0829999446868896,1.1209999322891235,1.156000018119812,1.1089999675750732,1.0700000524520874,1.0369999408721924,0.9990000128746033,0.9700000286102295
0.0,0.0,0.0,0.0,0.0,0.0,0.0,0.0,0.0,0.0,-0.2669999897480011,-0.2930000126361847,-0.3229999840259552,-0.2619999945163727,-0.11500000208616257,-0.003999999724328518,0.09600000083446503,0.19200000166893005,0.27000001072883606,0.3620000183582306,0.43799999356269836,0.49699997901916504,0.5559999942779541,0.6270000338554382,0.7480000257492065,0.9440000057220459,1.059999942779541,1.034000039100647,1.027999997138977,1.093999981880188,1.1050000190734863,1.034999966621399,1.0290000438690186,1.1080000400543213,1.0390000343322754,1.0149999856948853,1.0959999561309814,1.1670000553131104,1.215000033378601,1.252000093460083,1.2669999599456787,1.2430000305175781,1.2269999980926514,1.1710000038146973,1.121999979019165,1.0640000104904175,1.0379999876022339,1.027999997138977
0.0,0.0,0.0,0.0,0.0,0.0,0.0,0.0,0.0,0.0,-0.3460000157356262,-0.406000018119812,-0.4729999899864197,-0.41499999165534973,-0.31300002336502075,-0.09399999678134918,0.08299999684095383,0.17899999022483826,0.27000001072883606,0.3540000021457672,0.41600000858306885,0.4740000069141388,0.527999997138977,0.6119999885559082,0.7240000367164612,0.8869999647140503,1.1010000705718994,1.1800000667572021,1.2089999914169312,1.3009999990463257,1.2649999856948853,1.2350000143051147,1.2809998989105225,1.218999981880188,1.1540000438690186,1.1770000457763672,1.3160001039505005,1.3730000257492065,1.3539999723434448,1.309000015258789,1.2760000228881836,1.2380000352859497,1.190999984741211,1.1399999856948853,1.0950000286102295,1.055999994277954,1.0320000648498535,1.0099999904632568
0.0,0.0,0.0,0.0,0.0,0.0,0.0,0.0,0.0,0.0,-0.41499999165534973,-0.48000001907348633,-0.5460000038146973,-0.49300000071525574,-0.4129999876022339,-0.210999995470047,-0.017999999225139618,0.10400000214576721,0.19900000095367432,0.28299999237060547,0.3479999899864197,0.4089999794960022,0.4710000157356262,0.5730000138282776,0.6940000057220459,0.8609999418258667,1.0,1.1829999685287476,1.309999942779541,1.3889999389648438,1.3840000629425049,1.3580000400543213,1.3079999685287476,1.2350000143051147,1.3199999332427979,1.3359999656677246,1.3339998722076416,1.2669999599456787,1.1770000457763672,1.1319999694824219,1.1339999437332153,1.1460000276565552,1.1460000276565552,1.1360000371932983,1.0920000076293945,1.062000036239624,1.0540000200271606,1.0210000276565552
0.0,0.0,0.0,0.0,0.0,0.0,0.0,0.0,0.0,0.0,-0.45899999141693115,-0.5389999747276306,-0.5920000076293945,-0.5400000214576721,-0.43699997663497925,-0.28200000524520874,-0.12600000202655792,0.028999999165534973,0.1290000081062317,0.2160000056028366,0.28200000524520874,0.35199999809265137,0.4230000078678131,0.5339999794960022,0.6700000166893005,0.8299999833106995,0.918999969959259,1.034999966621399,1.1579999923706055,1.1759999990463257,1.1699999570846558,1.184000015258789,1.187000036239624,1.180999994277954,1.2680000066757202,1.2860000133514404,1.2280000448226929,1.1689999103546143,1.128000020980835,1.1209999322891235,1.1389999389648438,1.1670000553131104,1.1949999332427979,1.2070000171661377,1.194000005722046,1.2630000114440918,1.184000015258789,1.1469999551773071
0.0,0.0,0.0,0.0,0.0,0.0,0.0,0.0,0.0,-0.4100000262260437,-0.4960000216960907,-0.5820000171661377,-0.6140000224113464,-0.5720000267028809,-0.4870000183582306,-0.3460000157356262,-0.19200000166893005,-0.04800000041723251,0.06599999964237213,0.14900000393390656,0.22200000286102295,0.30799999833106995,0.4320000112056732,0.5789999961853027,0.4259999990463257,0.5019999742507935,0.6949999928474426,0.9420000314712524,1.0220000743865967,0.9929999709129333,1.1089999675750732,1.1380000114440918,1.1410000324249268,1.0820000171661377,1.13100004196167,1.1759999990463257,1.1380000114440918,1.1230000257492065,1.1410000324249268,1.156000018119812,1.187000036239624,1.2300000190734863,1.3009999990463257,1.3650000095367432,1.3889999389648438,1.334999918937683,1.252000093460083,1.187999963760376
