data/wind8.json
{"header": { "parameterNumberName": "northward_wind", "parameterUnit": "m.s-1", "parameterNumber": 3, "parameterCategory": 2, "nx": 121, "ny": 221, "numberPoints": 26741, "dx": 0.005000000000000071, "dy": 0.005000000000000006, "la1": -31.6, "lo1": 115.3, "la2": -32.7, "lo2": 115.9, "refTime": "2022-11-25 12:00:00" }, "data":
[rows 126 to 146 of 221, columns 0 to 48 of 121]
0.0,0.0,0.0,0.0,0.0,0.0,-3.5969998836517334,-3.246000051498413,-3.4040000438690186,-3.501000165939331,-3.5490000247955322,-3.6510000228881836,-3.569999933242798,-3.373000144958496,-3.378000020980835,-3.4110000133514404,-2.9719998836517334,-2.567000150680542,-2.193000078201294,-2.3259999752044678,-2.3420000076293945,-2.202000141143799,-1.9830000400543213,-2.065000057220459,-2.4119999408721924,-2.48799991607666,-2.435999870300293,-2.1459999084472656,-1.1399999856948853,-1.1920000314712524,-1.2580000162124634,-1.2239999771118164,-1.0369999408721924,-0.8820000290870667,-1.1130000352859497,-1.3969999551773071,-1.378999948501587,-1.319000005722046,-1.1920000314712524,-1.0920000076293945,-1.0169999599456787,-0.9909999966621399,-1.1100000143051147,-0.8619999885559082,-0.6809999942779541,-0.6629999876022339,-0.7209999561309814,-0.6930000185966492,-0.6629999876022339
0.0,0.0,0.0,0.0,0.0,0.0,-3.6539998054504395,-3.4119999408721924,-3.5389997959136963,-3.566999912261963,-3.611999988555908,-3.7070000171661377,-3.6430001258850098,-3.371000051498413,-3.386000156402588,-3.431000232696533,-2.937000036239624,-2.504999876022339,-2.1649999618530273,-2.319000005722046,-2.319000005722046,-2.1710000038146973,-1.9769999980926514,-2.0900001525878906,-2.4049999713897705,-2.4630000591278076,-2.3970000743865967,-2.0759999752044678,-1.2139999866485596,-1.2109999656677246,-1.2630000114440918,-1.2339999675750732,-1.0670000314712524,-0.8959999680519104,-1.1089999675750732,-1.4210000038146973,-1.3989999294281006,-1.3410000801086426,-1.2139999866485596,-1.1209999322891235,-1.003000020980835,-0.8330000042915344,-1.0450000762939453,-0.8569999933242798,-0.722000002861023,-0.656000018119812,-0.7620000243186951,-0.6920000314712524,-0.5830000042915344
0.0,0.0,0.0,0.0,0.0,0.0,-3.7109999656677246,-3.555000066757202,-3.6449999809265137,-3.6640000343322754,-3.6529998779296875,-3.7269999980926514,-3.6649999618530273,-3.3529999256134033,-3.3919999599456787,-3.447999954223633,-2.9030001163482666,-2.4609999656677246,-2.1470000743865967,-2.316999912261963,-2.3010001182556152,-2.130000114440918,-1.9730000495910645,-1.9769999980926514,-2.23799991607666,-2.4189999103546143,-2.377000093460083,-2.0360000133514404,-1.1829999685287476,-1.2259999513626099,-1.2839999198913574,-1.246000051498413,-1.0800000429153442,-0.8880000114440918,-1.121999979019165,-1.4509999752044678,-1.4270000457763672,-1.3559999465942383,-1.2139999866485596,-1.1330000162124634,-0.9329999685287476,-0.6940000057220459,-1.055999994277954,-0.8569999933242798,-0.7080000042915344,-0.6729999780654907,-0.8030000329017639,-0.6690000295639038,-0.5720000267028809
0.0,0.0,0.0,0.0,0.0,0.0,-3.7680001258850098,-3.696000099182129,-3.763000011444092,-3.7660000324249268,-3.7209999561309814,-3.628000020980835,-3.684000015258789,-3.3410000801086426,-3.4639999866485596,-3.4809999465942383,-2.9179999828338623,-2.4830000400543213,-2.194000005722046,-2.3469998836517334,-2.2810001373291016,-2.115000009536743,-1.9980000257492065,-1.9570000171661377,-2.0889999866485596,-2.375,-2.3550000190734863,-1.9900000095367432,-1.1389999389648438,-1.2359999418258667,-1.3040000200271606,-1.2549998760223389,-1.084999918937683,-0.8730000257492065,-1.1440000534057617,-1.4679999351501465,-1.4179999828338623,-1.3359999656677246,-1.1720000505447388,-1.0160000324249268,-0.7949999570846558,-0.9350000619888306,-0.9660000205039978,-0.7879999876022339,-0.675000011920929,-0.6650000214576721,-0.871999979019165,-0.9679999947547913,-0.8100000023841858
0.0,0.0,0.0,0.0,0.0,0.0,-3.824000120162964,-3.8370001316070557,-3.874000072479248,-3.873000144958496,-3.799999952316284,-3.5759999752044678,-3.4609999656677246,-3.319000005722046,-3.4800000190734863,-3.438000202178955,-2.9010000228881836,-2.5139999389648438,-2.246000051498413,-2.3540000915527344,-2.299999952316284,-2.1529998779296875,-1.9819999933242798,-1.9290000200271606,-1.9869999885559082,-2.3489999771118164,-2.3510000705718994,-1.9589998722076416,-1.0829999446868896,-1.2669999599456787,-1.3300000429153442,-1.2660000324249268,-1.090999960899353,-0.8709999918937683,-1.128999948501587,-1.430999994277954,-1.3489999771118164,-1.2179999351501465,-1.0520000457763672,-0.9220000505447388,-0.8529999852180481,-0.8810000419616699,-0.9040000438690186,-0.781999945640564,-0.6759999990463257,-0.6740000247955322,-0.8359999656677246,-0.9660000205039978,-0.8799999952316284
0.0,0.0,0.0,0.0,0.0,0.0,-3.8380000591278076,-3.9680001735687256,-3.9759998321533203,-3.9559998512268066,-3.869999885559082,-3.6090002059936523,-3.440000057220459,-3.2920000553131104,-3.4800000190734863,-3.3959999084472656,-2.8600001335144043,-2.48799991607666,-2.250999927520752,-2.365000009536743,-2.315000057220459,-2.1480000019073486,-2.002000093460083,-1.9230000972747803,-1.99399995803833,-2.3559999465942383,-2.32099986076355,-1.9480000734329224,-1.1460000276565552,-1.3109999895095825,-1.3330000638961792,-1.2660000324249268,-1.1050000190734863,-0.8770000338554382,-1.0299999713897705,-1.287000060081482,-1.2030000686645508,-1.1169999837875366,-1.0080000162124634,-0.8820000290870667,-0.7999999523162842,-0.8240000009536743,-0.8820000290870667,-0.7760000228881836,-0.6840000152587891,-0.6830000281333923,-0.847000002861023,-0.9799999594688416,-0.9130000472068787
0.0,0.0,0.0,0.0,0.0,0.0,-3.7769999504089355,-4.083000183105469,-4.072000026702881,-4.045000076293945,-3.9109997749328613,-3.626999855041504,-3.4179999828338623,-3.2749998569488525,-3.5280001163482666,-3.4549999237060547,-2.865999937057495,-2.490999937057495,-2.256999969482422,-2.38100004196167,-2.2829999923706055,-2.1080000400543213,-1.999000072479248,-1.9290000200271606,-1.9910000562667847,-2.3410000801086426,-2.2820000648498535,-1.9429999589920044,-1.24399995803833,-1.3109999895095825,-1.3230000734329224,-1.2580000162124634,-1.1089999675750732,-0.9149999618530273,-1.0069999694824219,-1.0959999561309814,-1.1180000305175781,-1.059999942779541,-0.9549999833106995,-0.8299999833106995,-0.7609999775886536,-0.8070000410079956,-0.8529999852180481,-0.7680000066757202,-0.6889999508857727,-0.6920000314712524,-0.8619999885559082,-0.9960000514984131,-0.9430000185966492
0.0,0.0,0.0,0.0,0.0,0.0,-3.921999931335449,-4.172999858856201,-4.130000114440918,-4.0980000495910645,-3.950000047683716,-3.628000020980835,-3.4150002002716064,-3.2780001163482666,-3.5859999656677246,-3.488999843597412,-2.879999876022339,-2.5399999618530273,-2.3340001106262207,-2.378000020980835,-2.2720000743865967,-2.130000114440918,-1.9910000562667847,-1.9190000295639038,-1.9809999465942383,-2.2880001068115234,-2.1559998989105225,-1.875,-1.4170000553131104,-1.3050000667572021,-1.2999999523162842,-1.2309999465942383,-1.1060000658035278,-0.9179999828338623,-0.8829999566078186,-0.9449999928474426,-1.0239999294281006,-0.9759999513626099,-0.8880000114440918,-0.7980000376701355,-0.7699999809265137,-0.8100000023841858,-0.8270000219345093,-0.7559999823570251,-0.6940000057220459,-0.7069999575614929,-0.875,-1.0180000066757202,-1.0010000467300415
0.0,0.0,0.0,0.0,0.0,0.0,-4.144000053405762,-4.243000030517578,-4.184000015258789,-4.1479997634887695,-3.9739999771118164,-3.6410000324249268,-3.4089999198913574,-3.2839999198913574,-3.6599998474121094,-3.5350000858306885,-2.9030001163482666,-2.5900001525878906,-2.388000011444092,-2.3980000019073486,-2.308000087738037,-2.1559998989105225,-2.0,-1.8760000467300415,-1.8600000143051147,-2.200000047683716,-2.058000087738037,-1.8420000076293945,-1.4890000820159912,-1.3480000495910645,-1.2790000438690186,-1.2100000381469727,-1.090999960899353,-0.9099999666213989,-0.8560000658035278,-0.875,-0.9309999942779541,-0.9170000553131104,-0.8609999418258667,-0.7590000629425049,-0.7300000190734863,-0.7900000214576721,-0.812000036239624,-0.7580000162124634,-0.7039999961853027,-0.7240000367164612,-0.8840000033378601,-1.034999966621399,-1.0119999647140503
0.0,0.0,0.0,0.0,0.0,0.0,-4.172999858856201,-4.271999835968018,-4.205999851226807,-4.185999870300293,-3.998999834060669,-3.6510000228881836,-3.438000202178955,-3.3399999141693115,-3.703000068664551,-3.4760000705718994,-2.921999931335449,-2.6579999923706055,-2.4639999866485596,-2.3889999389648438,-2.325000047683716,-2.191999912261963,-2.00600004196167,-1.8510000705718994,-1.8760000467300415,-2.131999969482422,-1.9679999351501465,-1.753000020980835,-1.5219999551773071,-1.3529999256134033,-1.2690000534057617,-1.187999963760376,-1.0709999799728394,-0.8969999551773071,-0.8059999942779541,-0.796999990940094,-0.875,-0.8739999532699585,-0.8330000042915344,-0.7350000143051147,-0.7020000219345093,-0.7519999742507935,-0.8039999604225159,-0.7599999904632568,-0.715999960899353,-0.7350000143051147,-0.8849999904632568,-1.0329999923706055,-0.972000002861023
0.0,0.0,0.0,0.0,0.0,0.0,-3.9719998836517334,-4.124000072479248,-4.2220001220703125,-4.2230000495910645,-4.049000263214111,-3.7160000801086426,-3.504999876022339,-3.4220001697540283,-3.7119998931884766,-3.4839999675750732,-2.9179999828338623,-2.680000066757202,-2.5180001258850098,-2.4019999504089355,-2.327000141143799,-2.2009999752044678,-2.004999876022339,-1.8260000944137573,-1.7400000095367432,-2.0850000381469727,-1.9239999055862427,-1.7149999141693115,-1.4880000352859497,-1.3389999866485596,-1.2540000677108765,-1.1679999828338623,-1.0460000038146973,-0.8709999918937683,-0.7559999823570251,-0.7460000514984131,-0.8259999752044678,-0.8359999656677246,-0.7900000214576721,-0.6930000185966492,-0.6859999895095825,-0.7280000448226929,-0.7929999828338623,-0.7400000095367432,-0.6990000009536743,-0.7120000123977661,-0.9070000052452087,-1.0299999713897705,-1.0220000743865967
0.0,0.0,0.0,0.0,0.0,0.0,-3.7259998321533203,-4.136000156402588,-4.2860002517700195,-4.298999786376953,-4.111000061035156,-3.7779998779296875,-3.5829999446868896,-3.449000120162964,-3.5859999656677246,-3.553999900817871,-2.9110000133514404,-2.7129998207092285,-2.5360000133514404,-2.3889999389648438,-2.328000068664551,-2.205000162124634,-1.9910000562667847,-1.7299998998641968,-1.722999930381775,-2.064000129699707,-1.8899999856948853,-1.684000015258789,-1.4579999446868896,-1.309000015258789,-1.2259999513626099,-1.1360000371932983,-1.0130000114440918,-0.8399999737739563,-0.7080000042915344,-0.6920000314712524,-0.7699999809265137,-0.7689999938011169,-0.7129999995231628,-0.7020000219345093,-0.7260000109672546,-0.7389999628067017,-0.7509999871253967,-0.699999988079071,-0.6970000267028809,-0.7559999823570251,-0.9220000505447388,-1.0320000648498535,-1.0570000410079956
0.0,0.0,0.0,0.0,0.0,0.0,-3.5260000228881836,-4.007999897003174,-4.3429999351501465,-4.343999862670898,-4.145999908447266,-3.803999900817871,-3.6440000534057617,-3.5409998893737793,-3.5220000743865967,-3.292999744415283,-2.9040000438690186,-2.7070000171661377,-2.5320000648498535,-2.371999979019165,-2.319999933242798,-2.187000036239624,-1.9660000801086426,-1.6850000619888306,-1.7000000476837158,-2.0209999084472656,-1.8440001010894775,-1.6419999599456787,-1.434000015258789,-1.28000009059906,-1.1929999589920044,-1.1010000705718994,-0.9759999513626099,-0.8100000023841858,-0.6830000281333923,-0.6599999666213989,-0.7100000381469727,-0.7139999866485596,-0.7260000109672546,-0.6279999613761902,-0.6669999361038208,-0.7670000195503235,-0.746999979019165,-0.7300000190734863,-0.7269999980926514,-0.8070000410079956,-0.9279999732971191,-0.9929999709129333,-1.0130000114440918
0.0,0.0,0.0,0.0,0.0,0.0,-3.4709999561309814,-3.9800000190734863,-4.354000091552734,-4.359999656677246,-4.150000095367432,-3.822999954223633,-3.7039999961853027,-3.490000009536743,-3.3329999446868896,-3.2760000228881836,-2.8970000743865967,-2.702000141143799,-2.511000156402588,-2.3510000705718994,-2.305999994277954,-2.171999931335449,-1.9410001039505005,-1.6429998874664307,-1.6570000648498535,-1.9760000705718994,-1.815999984741211,-1.6159999370574951,-1.4110000133514404,-1.2590000629425049,-1.1670000553131104,-1.0679999589920044,-0.9390000104904175,-0.784000039100647,-0.6580000519752502,-0.5379999876022339,-0.5110000371932983,-0.6859999895095825,-0.737000048160553,-0.6369999647140503,-0.5929999947547913,-0.6599999666213989,-0.7730000019073486,-0.7760000228881836,-0.7710000276565552,-0.8370000123977661,-0.8950000405311584,-0.9369999766349792,-0.9759999513626099
0.0,0.0,0.0,0.0,0.0,0.0,-3.434999942779541,-4.006999969482422,-4.359999656677246,-4.355999946594238,-4.144000053405762,-3.82099986076355,-3.740999937057495,-3.5319998264312744,-3.1110000610351562,-3.0439999103546143,-2.8909997940063477,-2.619999885559082,-2.4019999504089355,-2.3299999237060547,-2.2769999504089355,-2.140000104904175,-1.9140000343322754,-1.5350000858306885,-1.5379999876022339,-1.959999918937683,-1.8019999265670776,-1.5950000286102295,-1.3779999017715454,-1.221000075340271,-1.1299999952316284,-1.024999976158142,-0.8950000405311584,-0.753000020980835,-0.6190000176429749,-0.48000001907348633,-0.44300001859664917,-0.6520000100135803,-0.7460000514984131,-0.6629999876022339,-0.5640000104904175,-0.6260000467300415,-0.7980000376701355,-0.7890000343322754,-0.7730000019073486,-0.812000036239624,-0.8730000257492065,-0.9200000166893005,-0.9440000057220459
0.0,0.0,0.0,0.0,0.0,0.0,-3.431000232696533,-4.013000011444092,-4.352999687194824,-4.335000038146973,-4.111999988555908,-3.806999921798706,-3.7189998626708984,-3.4790000915527344,-3.0190000534057617,-2.9120001792907715,-2.8470001220703125,-2.5390000343322754,-2.363999843597412,-2.303999900817871,-2.244999885559082,-2.1019999980926514,-1.8700001239776611,-1.439000129699707,-1.5350000858306885,-1.940000057220459,-1.7769999504089355,-1.555999994277954,-1.334999918937683,-1.1699999570846558,-1.0800000429153442,-0.9780000448226929,-0.843999981880188,-0.6959999799728394,-0.6080000400543213,-0.4819999933242798,-0.4580000042915344,-0.6179999709129333,-0.6920000314712524,-0.6650000214576721,-0.6080000400543213,-0.640999972820282,-0.7569999694824219,-0.753000020980835,-0.7450000047683716,-0.7870000004768372,-0.8489999771118164,-0.9130000472068787,-0.9160000085830688
0.0,0.0,0.0,0.0,0.0,-3.5290000438690186,-3.436000108718872,-4.0329999923706055,-4.338000297546387,-4.294000148773193,-4.053999900817871,-3.756999969482422,-3.677000045776367,-3.4110000133514404,-2.921999931335449,-2.861999988555908,-2.811000108718872,-2.4630000591278076,-2.305999994277954,-2.2669999599456787,-2.1989998817443848,-2.0510001182556152,-1.8199999332427979,-1.3389999866485596,-1.472000002861023,-1.9179999828338623,-1.7430000305175781,-1.5189999341964722,-1.2899999618530273,-1.1230000257492065,-1.0239999294281006,-0.9179999828338623,-0.7980000376701355,-0.6599999666213989,-0.5550000071525574,-0.4989999830722809,-0.4919999837875366,-0.5770000219345093,-0.6740000247955322,-0.6340000033378601,-0.6239999532699585,-0.6710000038146973,-0.6930000185966492,-0.6889999508857727,-0.7249999642372131,-0.7639999389648438,-0.875,-0.9240000247955322,-0.9359999895095825
0.0,0.0,0.0,0.0,0.0,-3.450000047683716,-3.450000047683716,-4.031000137329102,-4.290999889373779,-4.226999759674072,-3.9789998531341553,-3.696000099182129,-3.6019997596740723,-3.319999933242798,-2.816999912261963,-2.763000011444092,-2.7039999961853027,-2.4029998779296875,-2.309000015258789,-2.2190001010894775,-2.1489999294281006,-1.9830000400543213,-1.7389999628067017,-1.316999912261963,-1.4190000295639038,-1.8510000705718994,-1.685999870300293,-1.4639999866485596,-1.2489999532699585,-1.0809999704360962,-0.9799999594688416,-0.875,-0.7549999952316284,-0.621999979019165,-0.5360000133514404,-0.44200000166893005,-0.4399999976158142,-0.5600000023841858,-0.656000018119812,-0.6480000019073486,-0.6150000095367432,-0.6580000519752502,-0.6679999828338623,-0.5820000171661377,-0.6140000224113464,-0.7170000076293945,-0.8299999833106995,-0.8990000486373901,-0.9300000071525574
0.0,0.0,0.0,0.0,0.0,-3.370000123977661,-3.4529998302459717,-4.014999866485596,-4.228000164031982,-4.131999969482422,-3.8940000534057617,-3.625999927520752,-3.5229997634887695,-3.2150001525878906,-2.700000047683716,-2.6589999198913574,-2.624000072479248,-2.432000160217285,-2.2890000343322754,-2.1589999198913574,-2.0909998416900635,-1.9249999523162842,-1.687999963760376,-1.3779999017715454,-1.499000072479248,-1.7820000648498535,-1.6419999599456787,-1.4300000667572021,-1.215000033378601,-1.0440000295639038,-0.9359999895095825,-0.8179999589920044,-0.6830000281333923,-0.5230000019073486,-0.5370000004768372,-0.48000001907348633,-0.4580000042915344,-0.5070000290870667,-0.5699999928474426,-0.6100000143051147,-0.6470000147819519,-0.6909999847412109,-0.699999988079071,-0.6119999885559082,-0.5530000329017639,-0.6349999904632568,-0.7739999890327454,-0.8579999804496765,-0.9110000133514404
0.0,0.0,0.0,0.0,0.0,-3.2920000553131104,-3.452000141143799,-3.9750001430511475,-4.133999824523926,-4.011000156402588,-3.767000198364258,-3.503000259399414,-3.371999740600586,-3.055000066757202,-2.5900001525878906,-2.6040000915527344,-2.5929999351501465,-2.367000102996826,-2.197000026702881,-2.114000082015991,-2.0440001487731934,-1.8809999227523804,-1.6470000743865967,-1.305999994277954,-1.4620000123977661,-1.7610000371932983,-1.6159999370574951,-1.3899999856948853,-1.1649999618530273,-0.9900000095367432,-0.8609999418258667,-0.7400000095367432,-0.6190000176429749,-0.48099997639656067,-0.40800002217292786,-0.48500001430511475,-0.5830000042915344,-0.5530000329017639,-0.5139999985694885,-0.5680000185966492,-0.6260000467300415,-0.7129999995231628,-0.7720000147819519,-0.6589999794960022,-0.562999963760376,-0.5410000085830688,-0.7289999723434448,-0.7910000085830688,-0.8789999485015869
0.0,0.0,0.0,0.0,0.0,-3.2139997482299805,-3.433000087738037,-3.9230000972747803,-4.039999961853027,-3.9010000228881836,-3.6410000324249268,-3.3500001430511475,-3.236999988555908,-2.9690001010894775,-2.5409998893737793,-2.569999933242798,-2.5320000648498535,-2.2690000534057617,-2.1510000228881836,-2.0789999961853027,-2.000999927520752,-1.8330000638961792,-1.593999981880188,-1.2430000305175781,-1.3330000638961792,-1.7000000476837158,-1.5149999856948853,-1.3079999685287476,-1.1050000190734863,-0.9409999847412109,-0.8230000138282776,-0.7080000042915344,-0.5920000076293945,-0.4659999907016754,-0.3669999837875366,-0.31800001859664917,-0.4010000228881836,-0.49800002574920654,-0.5680000185966492,-0.5720000267028809,-0.597000002861023,-0.6899999976158142,-0.7460000514984131,-0.6909999847412109,-0.6150000095367432,-0.5839999914169312,-0.6990000009536743,-0.7879999876022339,-0.8869999647140503
