data/wind12.json
{"header": { "parameterNumberName": "eastward_wind", "parameterUnit": "m.s-1", "parameterNumber": 2, "parameterCategory": 2, "nx": 121, "ny": 221, "numberPoints": 26741, "dx": 0.005000000000000071, "dy": 0.005000000000000006, "la1": -31.6, "lo1": 115.3, "la2": -32.7, "lo2": 115.9, "refTime": "2022-11-25 20:00:00" }, "data":
[rows 44 to 65 of 221, columns 48 to 95 of 121]
-0.04100000113248825,0.04699999839067459,0.11800000071525574,0.17100000381469727,0.22600001096725464,0.2590000033378601,0.2709999978542328,0.3229999840259552,0.39500001072883606,0.4620000123977661,0.4749999940395355,0.48399999737739563,0.5389999747276306,0.6380000114440918,0.6859999895095825,0.5799999833106995,0.4520000219345093,0.42399999499320984,0.44599997997283936,0.4789999723434448,0.5460000038146973,0.5550000071525574,0.4449999928474426,0.31599998474121094,0.23399999737739563,0.24199999868869781,0.24700000882148743,0.17599999904632568,0.14399999380111694,0.2580000162124634,0.29999998211860657,0.17499999701976776,0.09399999678134918,0.020999999716877937,-0.0949999988079071,-0.1810000091791153,-0.13199999928474426,-0.0729999989271164,-0.06399999558925629,-0.2019999921321869,0.0,0.0,0.0,0.0,0.0,0.0,0.0,0.0
0.125,0.17999999225139618,0.2329999953508377,0.2680000066757202,0.29899999499320984,0.32099997997283936,0.33399999141693115,0.3869999945163727,0.45899999141693115,0.5360000133514404,0.5509999990463257,0.5490000247955322,0.6100000143051147,0.7509999871253967,0.7460000514984131,0.7269999980926514,0.6990000009536743,0.6790000200271606,0.6520000100135803,0.6490000486373901,0.5449999570846558,0.46700000762939453,0.3620000183582306,0.2280000001192093,0.14499999582767487,0.13099999725818634,0.1420000046491623,0.06800000369548798,-0.017000000923871994,0.0279999990016222,0.07699999958276749,0.1340000033378601,0.06599999964237213,0.00699999975040555,-0.04699999839067459,-0.16300000250339508,-0.09200000017881393,-0.04000000283122063,-0.11100000143051147,-0.32499998807907104,-0.125,0.0,0.0,0.0,0.0,0.0,0.0,0.0
0.24900001287460327,0.28700000047683716,0.29999998211860657,0.3190000057220459,0.35100001096725464,0.3869999945163727,0.4089999794960022,0.453000009059906,0.5160000324249268,0.597000002861023,0.6629999876022339,0.6679999828338623,0.7240000367164612,0.8389999866485596,0.9309999942779541,0.9139999747276306,0.8959999680519104,0.8700000047683716,0.7319999933242798,0.5730000138282776,0.4699999690055847,0.39900001883506775,0.3100000023841858,0.21199999749660492,0.13500000536441803,0.0989999994635582,0.10300000011920929,0.054999999701976776,-0.030000001192092896,-0.03800000250339508,-0.04600000008940697,0.03199999779462814,0.02199999988079071,-0.13300000131130219,-0.20899999141693115,-0.16200000047683716,-0.09300000220537186,-0.03199999779462814,-0.1290000081062317,-0.29100000858306885,-0.2199999988079071,0.0,0.0,0.0,0.0,0.0,0.0,0.0
0.31700000166893005,0.328000009059906,0.3449999988079071,0.3720000088214874,0.40700000524520874,0.45000001788139343,0.4819999933242798,0.5199999809265137,0.6159999966621399,0.781999945640564,0.8429999351501465,0.7549999952316284,0.8289999961853027,0.8840000033378601,0.9359999895095825,0.9359999895095825,0.9509999752044678,0.8370000123977661,0.6940000057220459,0.5360000133514404,0.41600000858306885,0.33899998664855957,0.2759999930858612,0.20400001108646393,0.12099999934434891,0.06200000271201134,0.052000001072883606,0.04800000041723251,-0.03100000135600567,-0.08699999749660492,-0.12099999934434891,-0.09999999403953552,0.023000000044703484,0.10200000554323196,0.09100000560283661,-0.008999999612569809,-0.09700000286102295,-0.06000000238418579,-0.10400000214576721,-0.26100000739097595,-0.1940000057220459,0.06700000166893005,0.0,0.0,0.0,0.0,0.0,0.0
0.3540000021457672,0.37400001287460327,0.3959999978542328,0.4269999861717224,0.46799999475479126,0.5149999856948853,0.6029999852180481,0.6909999847412109,0.8450000286102295,0.9430000185966492,1.0080000162124634,1.0049999952316284,0.906000018119812,0.9200000166893005,0.8939999938011169,0.9139999747276306,0.902999997138977,0.8609999418258667,0.7069999575614929,0.5609999895095825,0.43699997663497925,0.29100000858306885,0.2150000035762787,0.20600000023841858,0.14499999582767487,0.07899999618530273,0.054999999701976776,0.08699999749660492,0.03100000135600567,-0.04999999701976776,-0.08000000566244125,-0.0989999994635582,0.10300000011920929,0.1379999965429306,0.04100000113248825,0.00699999975040555,-0.054999999701976776,-0.03800000250339508,0.006000000052154064,-0.10700000822544098,-0.09399999678134918,0.05299999937415123,0.0,0.0,0.0,0.0,0.0,0.0
0.39800000190734863,0.41999998688697815,0.45499998331069946,0.4919999837875366,0.5720000267028809,0.7179999947547913,0.859000027179718,0.8649999499320984,0.9099999666213989,0.9740000367164612,0.9709999561309814,0.9709999561309814,0.9480000138282776,0.9170000553131104,0.8609999418258667,0.9290000200271606,1.0109999179840088,0.9110000133514404,0.7789999842643738,0.6369999647140503,0.46700000762939453,0.2930000126361847,0.2239999920129776,0.2280000001192093,0.21400001645088196,0.14900000393390656,0.1080000028014183,0.12199999392032623,0.12999999523162842,0.05299999937415123,-0.0279999990016222,-0.028999999165534973,0.07000000029802322,0.12199999392032623,0.0279999990016222,-0.008999999612569809,-0.01599999889731407,-0.08999999612569809,-0.026000000536441803,-0.028999999165534973,0.02499999850988388,0.015000000596046448,0.0,0.0,0.0,0.0,0.0,0.0
0.45100000500679016,0.4819999933242798,0.5440000295639038,0.6830000281333923,0.8190000057220459,0.9070000052452087,0.9520000219345093,0.9790000319480896,0.9040000438690186,0.8969999551773071,0.8659999966621399,0.902999997138977,0.9179999828338623,0.9359999895095825,0.9369999766349792,0.9889999628067017,0.9979999661445618,0.9350000619888306,0.8519999980926514,0.7410000562667847,0.5659999847412109,0.414000004529953,0.31800001859664917,0.2879999876022339,0.296999990940094,0.21400001645088196,0.13500000536441803,0.11100000143051147,0.16200000047683716,0.11800000071525574,-0.003000000026077032,-0.012000000104308128,0.03800000250339508,0.1889999955892563,0.164000004529953,0.0860000029206276,0.05700000002980232,0.03199999779462814,0.04600000008940697,0.05700000002980232,0.12999999523162842,0.12600000202655792,0.013000000268220901,0.0,0.0,0.0,0.0,0.0
0.5080000162124634,0.6459999680519104,0.784000039100647,0.8849999904632568,0.9110000133514404,0.9390000104904175,0.918999969959259,0.8799999952316284,0.8340000510215759,0.8410000205039978,0.8450000286102295,0.8969999551773071,0.9740000367164612,1.0160000324249268,0.9539999961853027,0.9179999828338623,0.8950000405311584,0.8899999856948853,0.8579999804496765,0.7230000495910645,0.6520000100135803,0.5260000228881836,0.4039999842643738,0.33100003004074097,0.31700000166893005,0.25699999928474426,0.15900000929832458,0.10400000214576721,0.11800000071525574,0.11599999666213989,0.03500000014901161,-0.010000000707805157,0.04800000041723251,0.1550000011920929,0.1979999989271164,0.12099999934434891,0.09399999678134918,0.06700000166893005,0.08000000566244125,0.09100000560283661,0.12799999117851257,0.15599998831748962,0.04699999839067459,0.0,0.0,0.0,0.0,0.0
0.7339999675750732,0.871999979019165,0.8869999647140503,0.9099999666213989,0.9040000438690186,0.8529999852180481,0.8030000329017639,0.8020000457763672,0.8100000023841858,0.8330000042915344,0.8930000066757202,0.968999981880188,1.0109999179840088,0.9350000619888306,0.8930000066757202,0.8609999418258667,0.8209999799728394,0.7480000257492065,0.6970000267028809,0.7329999804496765,0.722000002861023,0.6330000162124634,0.48099997639656067,0.3449999988079071,0.296999990940094,0.28999999165534973,0.2019999921321869,0.13199999928474426,0.11500000208616257,0.13500000536441803,0.07499999552965164,0.010000000707805157,0.020999999716877937,0.06200000271201134,0.11300000548362732,0.13199999928474426,0.10200000554323196,0.07199999690055847,0.08699999749660492,0.08399999886751175,0.1290000081062317,0.16599999368190765,0.04699999839067459,0.0,0.0,0.0,0.0,0.0
0.8569999933242798,0.8860000371932983,0.8950000405311584,0.8429999351501465,0.7940000295639038,0.7789999842643738,0.777999997138977,0.7870000004768372,0.843999981880188,0.906000018119812,0.925000011920929,0.9279999732971191,0.9830000400543213,0.9880000352859497,0.9020000100135803,0.784000039100647,0.6970000267028809,0.6690000295639038,0.6880000233650208,0.687000036239624,0.7269999980926514,0.737000048160553,0.6549999713897705,0.42500001192092896,0.3479999899864197,0.3319999873638153,0.2789999842643738,0.21199999749660492,0.1510000079870224,0.15200001001358032,0.10899999737739563,0.020000001415610313,0.020999999716877937,0.06399999558925629,0.10700000822544098,0.1379999965429306,0.11400000005960464,0.08999999612569809,0.11400000005960464,0.05900000035762787,0.09999999403953552,0.13500000536441803,0.054999999701976776,0.0,0.0,0.0,0.0,0.0
0.8640000224113464,0.8340000510215759,0.7879999876022339,0.7639999389648438,0.7730000019073486,0.7749999761581421,0.8160000443458557,0.8709999918937683,0.8860000371932983,0.8840000033378601,0.8889999985694885,0.9200000166893005,0.9350000619888306,0.9210000038146973,0.871999979019165,0.7689999938011169,0.7080000042915344,0.6970000267028809,0.6580000519752502,0.6610000133514404,0.671999990940094,0.6449999809265137,0.6110000014305115,0.5320000052452087,0.43799999356269836,0.3880000114440918,0.3499999940395355,0.24300000071525574,0.16100001335144043,0.15200001001358032,0.1469999998807907,0.052000001072883606,0.04800000041723251,0.07699999958276749,0.09300000220537186,0.12000000476837158,0.10899999737739563,0.10099999606609344,0.15599998831748962,0.08699999749660492,0.07799999415874481,0.09999999403953552,0.04999999701976776,0.0,0.0,0.0,0.0,0.0
0.843999981880188,0.7870000004768372,0.7949999570846558,0.8190000057220459,0.8309999704360962,0.8450000286102295,0.8529999852180481,0.8600000143051147,0.8690000176429749,0.8980000019073486,0.9309999942779541,0.9670000076293945,0.9549999833106995,0.843999981880188,0.8209999799728394,0.8450000286102295,0.7999999523162842,0.7230000495910645,0.6449999809265137,0.64000004529953,0.625,0.6119999885559082,0.5669999718666077,0.5490000247955322,0.48000001907348633,0.4050000011920929,0.37300002574920654,0.28600001335144043,0.1899999976158142,0.19099998474121094,0.19699999690055847,0.14300000667572021,0.11599999666213989,0.13099999725818634,0.16499999165534973,0.19900000095367432,0.16200000047683716,0.12299999594688416,0.18400000035762787,0.1469999998807907,0.08000000566244125,0.026000000536441803,0.0729999989271164,0.0,0.0,0.0,0.0,0.0
0.8829999566078186,0.843999981880188,0.8479999899864197,0.8479999899864197,0.859000027179718,0.8730000257492065,0.9009999632835388,0.9079999923706055,0.8959999680519104,0.9149999618530273,0.9300000071525574,0.9539999961853027,0.956000030040741,0.9449999928474426,0.8939999938011169,0.8380000591278076,0.8349999785423279,0.7569999694824219,0.6380000114440918,0.5999999642372131,0.5600000023841858,0.5690000057220459,0.5820000171661377,0.5710000395774841,0.5389999747276306,0.4729999899864197,0.41499999165534973,0.35500001907348633,0.2590000033378601,0.22200000286102295,0.20800000429153442,0.14399999380111694,0.07799999415874481,0.08799999952316284,0.14300000667572021,0.23100000619888306,0.14900000393390656,0.10899999737739563,0.17399999499320984,0.14499999582767487,0.09800000488758087,0.057999998331069946,0.13899999856948853,0.0,0.0,0.0,0.0,0.0
0.9149999618530273,0.9279999732971191,0.9309999942779541,0.9220000505447388,0.9049999713897705,0.8980000019073486,0.9200000166893005,0.9350000619888306,0.9430000185966492,0.9589999914169312,0.9440000057220459,0.9589999914169312,0.9939999580383301,0.9939999580383301,0.9539999961853027,0.8810000419616699,0.7999999523162842,0.7699999809265137,0.7069999575614929,0.6129999756813049,0.5440000295639038,0.5999999642372131,0.597000002861023,0.574999988079071,0.5370000004768372,0.45499998331069946,0.3819999694824219,0.33100003004074097,0.22100000083446503,0.1810000091791153,0.1600000113248825,0.08799999952316284,0.00699999975040555,0.06399999558925629,0.09300000220537186,0.125,0.15900000929832458,0.13300000131130219,0.16699999570846558,0.1340000033378601,0.052000001072883606,0.1340000033378601,0.09999999403953552,0.0,0.0,0.0,0.0,0.0
0.9079999923706055,0.9240000247955322,0.9350000619888306,0.9490000009536743,0.9589999914169312,0.9830000400543213,0.9939999580383301,0.9520000219345093,0.956000030040741,0.9880000352859497,0.9769999980926514,0.9759999513626099,0.9740000367164612,0.9850000143051147,0.9589999914169312,0.9099999666213989,0.8389999866485596,0.7639999389648438,0.7590000629425049,0.6909999847412109,0.6979999542236328,0.6150000095367432,0.6089999675750732,0.5720000267028809,0.5299999713897705,0.44200000166893005,0.3840000033378601,0.3499999940395355,0.2239999920129776,0.18799999356269836,0.20800000429153442,0.1600000113248825,0.17800000309944153,0.21299999952316284,0.25599998235702515,0.2630000114440918,0.23499998450279236,0.17599999904632568,0.16499999165534973,0.1420000046491623,0.05400000140070915,0.14999999105930328,0.10899999737739563,0.0,0.0,0.0,0.0,0.0
0.843999981880188,0.8759999871253967,0.902999997138977,0.9329999685287476,0.9629999995231628,1.003000020980835,1.0220000743865967,1.0010000467300415,1.0130000114440918,1.003999948501587,0.9780000448226929,0.9979999661445618,0.9920000433921814,0.9650000333786011,0.9430000185966492,0.9279999732971191,0.8860000371932983,0.8340000510215759,0.7850000262260437,0.715999960899353,0.6449999809265137,0.6230000257492065,0.6080000400543213,0.5789999961853027,0.5710000395774841,0.5530000329017639,0.5149999856948853,0.4830000102519989,0.3330000042915344,0.296999990940094,0.3409999907016754,0.3070000112056732,0.28999999165534973,0.2789999842643738,0.296999990940094,0.28999999165534973,0.3479999899864197,0.23199999332427979,0.16599999368190765,0.1510000079870224,0.0860000029206276,0.11800000071525574,0.11300000548362732,0.0,0.0,0.0,0.0,0.0
0.9520000219345093,0.9309999942779541,0.9099999666213989,0.8919999599456787,0.9430000185966492,0.9830000400543213,0.9819999933242798,1.0169999599456787,1.0809999704360962,1.0440000295639038,0.996999979019165,1.0010000467300415,1.003999948501587,0.9810000061988831,0.9409999847412109,0.9420000314712524,0.9449999928474426,0.8919999599456787,0.781999945640564,0.671999990940094,0.6299999952316284,0.6089999675750732,0.6050000190734863,0.621999979019165,0.6639999747276306,0.5900000333786011,0.48500001430511475,0.4399999976158142,0.37400001287460327,0.34299999475479126,0.37599998712539673,0.3479999899864197,0.29999998211860657,0.26899999380111694,0.25699999928474426,0.203000009059906,0.22500000894069672,0.23000000417232513,0.23499998450279236,0.20800000429153442,0.09600000083446503,0.09100000560283661,0.1379999965429306,0.0,0.0,0.0,0.0,0.0
1.0299999713897705,1.0450000762939453,1.055999994277954,1.0329999923706055,1.0119999647140503,0.9749999642372131,0.9629999995231628,1.003999948501587,1.0010000467300415,0.9729999899864197,1.0210000276565552,1.0210000276565552,1.0,0.9749999642372131,0.9769999980926514,0.9390000104904175,0.902999997138977,0.8569999933242798,0.7919999957084656,0.7039999961853027,0.6419999599456787,0.6150000095367432,0.6230000257492065,0.6629999876022339,0.6549999713897705,0.5889999866485596,0.47699999809265137,0.41200000047683716,0.3620000183582306,0.32200002670288086,0.3290000259876251,0.31800001859664917,0.25999999046325684,0.2280000001192093,0.19999998807907104,0.14399999380111694,0.1600000113248825,0.15699999034404755,0.16599999368190765,0.1469999998807907,0.07699999958276749,0.09100000560283661,0.15200001001358032,0.0,0.0,0.0,0.0,0.0
1.0220000743865967,1.0220000743865967,1.0299999713897705,1.0410000085830688,1.069000005722046,1.0609999895095825,1.0210000276565552,0.9830000400543213,0.9509999752044678,0.9549999833106995,0.9909999966621399,1.0160000324249268,0.9990000128746033,0.9520000219345093,0.9570000171661377,0.9000000357627869,0.871999979019165,0.8539999723434448,0.8219999670982361,0.7599999904632568,0.6669999361038208,0.6620000600814819,0.6899999976158142,0.6940000057220459,0.6690000295639038,0.6050000190734863,0.4899999797344208,0.41600000858306885,0.3370000123977661,0.26899999380111694,0.28999999165534973,0.289000004529953,0.24199999868869781,0.20500001311302185,0.15799999237060547,0.10200000554323196,0.11300000548362732,0.1340000033378601,0.13699999451637268,0.1510000079870224,0.0820000022649765,0.06000000238418579,0.1679999977350235,0.0,0.0,0.0,0.0,0.0
1.0,0.9799999594688416,0.9869999885559082,0.9950000047683716,1.027000069618225,1.0090000629425049,1.0759999752044678,1.0609999895095825,0.968999981880188,0.9440000057220459,0.9610000252723694,0.9670000076293945,0.956000030040741,0.949999988079071,0.9359999895095825,0.9139999747276306,0.8889999985694885,0.8569999933242798,0.8420000076293945,0.8149999976158142,0.7720000147819519,0.7050000429153442,0.7050000429153442,0.7020000219345093,0.6880000233650208,0.6270000338554382,0.49300000071525574,0.38600000739097595,0.32600000500679016,0.2800000011920929,0.2879999876022339,0.25999999046325684,0.2150000035762787,0.1720000058412552,0.12099999934434891,0.07199999690055847,0.07000000029802322,0.11100000143051147,0.14300000667572021,0.10999999940395355,0.04800000041723251,0.06700000166893005,0.24300000071525574,0.0,0.0,0.0,0.0,0.0
1.0640000104904175,1.0180000066757202,0.9759999513626099,0.9509999752044678,0.9729999899864197,1.0180000066757202,1.0789999961853027,0.9889999628067017,0.9990000128746033,1.0220000743865967,0.9490000009536743,0.9089999794960022,0.8880000114440918,0.9130000472068787,0.9240000247955322,0.918999969959259,0.9000000357627869,0.8959999680519104,0.8899999856948853,0.9000000357627869,0.8479999899864197,0.7689999938011169,0.706000030040741,0.7010000348091125,0.7109999656677246,0.652999997138977,0.531000018119812,0.4259999990463257,0.34700000286102295,0.26600000262260437,0.25599998235702515,0.24000000953674316,0.18400000035762787,0.18400000035762787,0.15699999034404755,0.1340000033378601,0.12000000476837158,0.19500000774860382,0.2580000162124634,0.19300000369548798,0.19200000166893005,0.19099998474121094,0.24900001287460327,0.0,0.0,0.0,0.0,0.0
1.1180000305175781,1.0779999494552612,1.0529999732971191,1.034000039100647,1.0499999523162842,1.0789999961853027,0.9880000352859497,0.9099999666213989,0.9459999799728394,0.9619999527931213,0.9610000252723694,0.871999979019165,0.8500000238418579,0.859000027179718,0.8810000419616699,0.9000000357627869,0.9300000071525574,0.9420000314712524,0.9179999828338623,0.8919999599456787,0.8700000047683716,0.7999999523162842,0.7139999866485596,0.7509999871253967,0.7929999828338623,0.7480000257492065,0.6119999885559082,0.5189999938011169,0.4449999928474426,0.3319999873638153,0.289000004529953,0.32099997997283936,0.29999998211860657,0.2840000092983246,0.2759999930858612,0.27000001072883606,0.26600000262260437,0.2939999997615814,0.33799999952316284,0.30400002002716064,0.24399998784065247,0.16499999165534973,0.3059999942779541,0.0,0.0,0.0,0.0,0.0
