data/wind6.json
{"header": { "parameterNumberName": "northward_wind", "parameterUnit": "m.s-1", "parameterNumber": 3, "parameterCategory": 2, "nx": 121, "ny": 221, "numberPoints": 26741, "dx": 0.005000000000000071, "dy": 0.005000000000000006, "la1": -31.6, "lo1": 115.3, "la2": -32.7, "lo2": 115.9, "refTime": "2022-11-25 08:00:00" }, "data":
[rows 168 to 188 of 221, columns 0 to 48 of 121]
0.0,0.0,0.0,0.0,0.0,0.0,-3.1589999198913574,-2.928999900817871,-2.6740000247955322,-2.446000099182129,-2.251999855041504,-2.1579999923706055,-1.99399995803833,-1.746000051498413,-1.5770000219345093,-1.4329999685287476,-1.3269999027252197,-1.221000075340271,-1.1150000095367432,-1.003000020980835,-0.8529999852180481,-0.7400000095367432,-0.5900000333786011,-0.40299999713897705,-0.4190000295639038,-0.41499999165534973,-0.2680000066757202,-0.23499998450279236,-0.3139999806880951,-0.5209999680519104,-0.6279999613761902,-0.562999963760376,-0.6380000114440918,-0.6169999837875366,-0.5889999866485596,-0.4860000014305115,-0.45399999618530273,-0.6050000190734863,-0.6769999861717224,-0.6610000133514404,-0.6790000200271606,-0.64000004529953,-0.5809999704360962,-0.6050000190734863,-0.5270000100135803,-0.4899999797344208,-0.48900002241134644,-0.6830000281333923,-0.7360000014305115
0.0,0.0,0.0,0.0,0.0,0.0,-3.2039999961853027,-2.944000005722046,-2.6499998569488525,-2.4110000133514404,-2.197000026702881,-2.1089999675750732,-1.972000002861023,-1.7149999141693115,-1.5230000019073486,-1.377000093460083,-1.2730000019073486,-1.1710000038146973,-1.0959999561309814,-0.9850000143051147,-0.7960000038146973,-0.6840000152587891,-0.5789999961853027,-0.40700000524520874,-0.43299999833106995,-0.48099997639656067,-0.2669999897480011,-0.16899999976158142,-0.3929999768733978,-0.5379999876022339,-0.6650000214576721,-0.6599999666213989,-0.6209999918937683,-0.5839999914169312,-0.6069999933242798,-0.5509999990463257,-0.5350000262260437,-0.6100000143051147,-0.6459999680519104,-0.6650000214576721,-0.7069999575614929,-0.6459999680519104,-0.6650000214576721,-0.6779999732971191,-0.5579999685287476,-0.4909999966621399,-0.5569999814033508,-0.7989999651908875,-0.7519999742507935
0.0,0.0,0.0,0.0,0.0,0.0,-3.257000207901001,-2.955000162124634,-2.6640000343322754,-2.3919999599456787,-2.1679999828338623,-2.056999921798706,-1.941999912261963,-1.680999994277954,-1.4700000286102295,-1.3320000171661377,-1.215000033378601,-1.1370000839233398,-1.0770000219345093,-0.9860000014305115,-0.7929999828338623,-0.6790000200271606,-0.6019999980926514,-0.4230000078678131,-0.3779999911785126,-0.49699997901916504,-0.46399998664855957,-0.25,-0.48799997568130493,-0.5740000009536743,-0.6440000534057617,-0.6620000600814819,-0.6100000143051147,-0.6449999809265137,-0.6899999976158142,-0.6169999837875366,-0.6129999756813049,-0.6190000176429749,-0.6159999966621399,-0.64000004529953,-0.6729999780654907,-0.6330000162124634,-0.6880000233650208,-0.6669999361038208,-0.5449999570846558,-0.5009999871253967,-0.6840000152587891,-0.8969999551773071,-0.7999999523162842
0.0,0.0,0.0,0.0,0.0,0.0,-3.318000078201294,-3.003000020980835,-2.680999994277954,-2.3889999389648438,-2.1459999084472656,-1.99399995803833,-1.8980000019073486,-1.6710000038146973,-1.4399999380111694,-1.2369999885559082,-1.1150000095367432,-1.1230000257492065,-1.0729999542236328,-1.024999976158142,-0.796999990940094,-0.6580000519752502,-0.6260000467300415,-0.5410000085830688,-0.4280000329017639,-0.4780000150203705,-0.4230000078678131,-0.37599998712539673,-0.4100000262260437,-0.4909999966621399,-0.6010000109672546,-0.6779999732971191,-0.6859999895095825,-0.7310000061988831,-0.7590000629425049,-0.7069999575614929,-0.6510000228881836,-0.6629999876022339,-0.5870000123977661,-0.6169999837875366,-0.6110000014305115,-0.5490000247955322,-0.7289999723434448,-0.6419999599456787,-0.5230000019073486,-0.4960000216960907,-0.7540000081062317,-0.8849999904632568,-0.8910000324249268
0.0,0.0,0.0,0.0,0.0,0.0,0.0,-3.046999931335449,-2.7149999141693115,-2.3630001544952393,-2.116000175476074,-1.9329999685287476,-1.8659999370574951,-1.685999870300293,-1.431999921798706,-1.1850000619888306,-0.9529999494552612,-1.0460000038146973,-1.0889999866485596,-1.0499999523162842,-0.8539999723434448,-0.7209999561309814,-0.671999990940094,-0.6040000319480896,-0.48500001430511475,-0.42500001192092896,-0.43299999833106995,-0.38100001215934753,-0.33399999141693115,-0.4359999895095825,-0.5789999961853027,-0.7319999933242798,-0.7940000295639038,-0.8050000071525574,-0.8160000443458557,-0.7900000214576721,-0.6920000314712524,-0.6589999794960022,-0.5740000009536743,-0.6129999756813049,-0.5710000395774841,-0.5519999861717224,-0.7609999775886536,-0.6349999904632568,-0.5400000214576721,-0.5329999923706055,-0.781000018119812,-0.843999981880188,-0.8399999737739563
0.0,0.0,0.0,0.0,0.0,0.0,0.0,-3.0929999351501465,-2.7200002670288086,-2.3469998836517334,-2.0999999046325684,-1.8930000066757202,-1.8369998931884766,-1.6850000619888306,-1.378999948501587,-1.1119999885559082,-0.9619999527931213,-1.027000069618225,-1.1139999628067017,-1.0570000410079956,-0.949999988079071,-0.7960000038146973,-0.7039999961853027,-0.6169999837875366,-0.4989999830722809,-0.4089999794960022,-0.45000001788139343,-0.4179999828338623,-0.33100003004074097,-0.40299999713897705,-0.546999990940094,-0.7850000262260437,-0.9470000267028809,-0.9040000438690186,-0.8669999837875366,-0.8160000443458557,-0.7379999756813049,-0.6679999828338623,-0.6200000047683716,-0.6700000166893005,-0.5479999780654907,-0.5530000329017639,-0.8450000286102295,-0.6449999809265137,-0.5579999685287476,-0.6069999933242798,-0.7609999775886536,-0.7660000324249268,-0.7710000276565552
0.0,0.0,0.0,0.0,0.0,0.0,0.0,-3.1130001544952393,-2.739999771118164,-2.377000093460083,-2.1009998321533203,-1.8690000772476196,-1.7400000095367432,-1.6169999837875366,-1.3339998722076416,-1.1050000190734863,-0.9740000367164612,-1.0049999952316284,-1.097000002861023,-1.0679999589920044,-1.0019999742507935,-0.8460000157356262,-0.7109999656677246,-0.6190000176429749,-0.5249999761581421,-0.421999990940094,-0.41700002551078796,-0.42899999022483826,-0.3779999911785126,-0.37400001287460327,-0.5710000395774841,-0.7859999537467957,-0.9769999980926514,-1.0069999694824219,-0.8380000591278076,-0.7859999537467957,-0.7749999761581421,-0.7050000429153442,-0.6480000019073486,-0.7389999628067017,-0.6620000600814819,-0.6449999809265137,-0.7960000038146973,-0.6520000100135803,-0.5530000329017639,-0.64000004529953,-0.7890000343322754,-0.6570000052452087,-0.6459999680519104
0.0,0.0,0.0,0.0,0.0,0.0,0.0,-3.127999782562256,-2.7649998664855957,-2.4130001068115234,-2.0959999561309814,-1.8340001106262207,-1.6540000438690186,-1.5279998779296875,-1.350000023841858,-1.1039999723434448,-1.0080000162124634,-0.9780000448226929,-1.058000087738037,-1.0800000429153442,-1.0199999809265137,-0.9000000357627869,-0.746999979019165,-0.6499999761581421,-0.5680000185966492,-0.4650000035762787,-0.4179999828338623,-0.45499998331069946,-0.45000001788139343,-0.48099997639656067,-0.6279999613761902,-0.746999979019165,-0.9229999780654907,-1.0299999713897705,-0.9040000438690186,-0.75,-0.7419999837875366,-0.7450000047683716,-0.7249999642372131,-0.7329999804496765,-0.675000011920929,-0.5530000329017639,-0.5740000009536743,-0.5870000123977661,-0.5139999985694885,-0.6270000338554382,-0.8579999804496765,-0.5690000057220459,-0.527999997138977
0.0,0.0,0.0,0.0,0.0,0.0,0.0,0.0,-2.7790000438690186,-2.425999879837036,-2.078000068664551,-1.8009998798370361,-1.565999984741211,-1.4380000829696655,-1.2909998893737793,-1.1230000257492065,-1.0169999599456787,-0.9740000367164612,-1.034999966621399,-1.0920000076293945,-1.0360000133514404,-0.9589999914169312,-0.8079999685287476,-0.6990000009536743,-0.6490000486373901,-0.6060000061988831,-0.5600000023841858,-0.5600000023841858,-0.5530000329017639,-0.5820000171661377,-0.6279999613761902,-0.7329999804496765,-0.8370000123977661,-0.9639999866485596,-0.8869999647140503,-0.7460000514984131,-0.7590000629425049,-0.8200000524520874,-0.8420000076293945,-0.7900000214576721,-0.6200000047683716,-0.5160000324249268,-0.46000000834465027,-0.4729999899864197,-0.44599997997283936,-0.5770000219345093,-0.7609999775886536,-0.49300000071525574,-0.4179999828338623
0.0,0.0,0.0,0.0,0.0,0.0,0.0,0.0,-2.7880001068115234,-2.437999963760376,-2.0829999446868896,-1.8250000476837158,-1.5850000381469727,-1.4359999895095825,-1.1710000038146973,-1.0779999494552612,-1.0169999599456787,-0.9960000514984131,-1.0109999179840088,-1.0740000009536743,-1.0789999961853027,-1.027000069618225,-0.9259999990463257,-0.8270000219345093,-0.7760000228881836,-0.7509999871253967,-0.6809999942779541,-0.6140000224113464,-0.5950000286102295,-0.5860000252723694,-0.640999972820282,-0.7080000042915344,-0.784000039100647,-0.8880000114440918,-0.7850000262260437,-0.7400000095367432,-0.7940000295639038,-0.8529999852180481,-0.8600000143051147,-0.8340000510215759,-0.6570000052452087,-0.48000001907348633,-0.31599998474121094,-0.4359999895095825,-0.4449999928474426,-0.5799999833106995,-0.4830000102519989,-0.36500000953674316,-0.44300001859664917
0.0,0.0,0.0,0.0,0.0,0.0,0.0,0.0,-2.7919998168945312,-2.450000047683716,-2.123000144958496,-1.8359999656677246,-1.6130000352859497,-1.434999942779541,-1.1139999628067017,-0.878000020980835,-1.0490000247955322,-1.0829999446868896,-1.0540000200271606,-1.0980000495910645,-1.1490000486373901,-1.1050000190734863,-1.0509999990463257,-0.9459999799728394,-0.8519999980926514,-0.7989999651908875,-0.7410000562667847,-0.675000011920929,-0.625,-0.6029999852180481,-0.6279999613761902,-0.6809999942779541,-0.746999979019165,-0.8169999718666077,-0.8309999704360962,-0.7599999904632568,-0.7730000019073486,-0.8309999704360962,-0.8630000352859497,-0.8519999980926514,-0.5130000114440918,-0.2919999957084656,-0.3050000071525574,-0.45899999141693115,-0.44699999690055847,-0.3229999840259552,-0.10200000554323196,-0.4410000145435333,-0.5659999847412109
0.0,0.0,0.0,0.0,0.0,0.0,0.0,0.0,0.0,-2.492000102996826,-2.1679999828338623,-1.8480000495910645,-1.659000039100647,-1.465000033378601,-1.156000018119812,-0.918999969959259,-1.062999963760376,-1.1610000133514404,-1.1230000257492065,-1.1060000658035278,-1.1519999504089355,-1.156000018119812,-1.1010000705718994,-1.0220000743865967,-0.9220000505447388,-0.8450000286102295,-0.784000039100647,-0.7170000076293945,-0.6539999842643738,-0.6260000467300415,-0.6200000047683716,-0.6620000600814819,-0.715999960899353,-0.781000018119812,-0.8420000076293945,-0.7689999938011169,-0.7519999742507935,-0.8059999942779541,-0.7829999923706055,-0.8240000009536743,-0.3319999873638153,-0.3020000159740448,-0.42500001192092896,-0.39500001072883606,-0.36400002241134644,-0.2750000059604645,-0.27300000190734863,-0.47699999809265137,-0.6580000519752502
0.0,0.0,0.0,0.0,0.0,0.0,0.0,0.0,0.0,-2.5350000858306885,-2.2190001010894775,-1.9079999923706055,-1.6549999713897705,-1.5,-1.3040000200271606,-1.062999963760376,-1.0490000247955322,-1.156000018119812,-1.1679999828338623,-1.125,-1.1410000324249268,-1.1800000667572021,-1.1430000066757202,-1.0839999914169312,-0.9860000014305115,-0.8789999485015869,-0.812000036239624,-0.7540000081062317,-0.6959999799728394,-0.6480000019073486,-0.640999972820282,-0.6499999761581421,-0.6979999542236328,-0.7429999709129333,-0.7919999957084656,-0.7649999856948853,-0.7859999537467957,-0.8100000023841858,-0.6920000314712524,-0.6830000281333923,-0.6819999814033508,-0.5440000295639038,-0.4960000216960907,-0.414000004529953,-0.3620000183582306,-0.3530000150203705,-0.40199998021125793,-0.5540000200271606,-0.7100000381469727
0.0,0.0,0.0,0.0,0.0,0.0,0.0,0.0,0.0,0.0,-2.2720000743865967,-1.9639999866485596,-1.6970000267028809,-1.553999900817871,-1.4190000295639038,-1.2170000076293945,-1.031000018119812,-1.125,-1.2039999961853027,-1.1579999923706055,-1.1200000047683716,-1.1549999713897705,-1.1779999732971191,-1.1169999837875366,-1.0469999313354492,-0.9390000104904175,-0.8399999737739563,-0.784000039100647,-0.7360000014305115,-0.6920000314712524,-0.6539999842643738,-0.6539999842643738,-0.6620000600814819,-0.7050000429153442,-0.7450000047683716,-0.7639999389648438,-0.7859999537467957,-0.8090000152587891,-0.7100000381469727,-0.6629999876022339,-0.6629999876022339,-0.6520000100135803,-0.5519999861717224,-0.47200000286102295,-0.41600000858306885,-0.40800002217292786,-0.45399999618530273,-0.5360000133514404,-0.6610000133514404
0.0,0.0,0.0,0.0,0.0,0.0,0.0,0.0,0.0,0.0,-2.309000015258789,-2.0510001182556152,-1.7990000247955322,-1.5920000076293945,-1.4609999656677246,-1.3279999494552612,-1.1460000276565552,-1.0859999656677246,-1.1629999876022339,-1.1859999895095825,-1.1410000324249268,-1.1299999952316284,-1.1619999408721924,-1.1519999504089355,-1.0859999656677246,-1.0,-0.8959999680519104,-0.812000036239624,-0.7599999904632568,-0.715999960899353,-0.6759999990463257,-0.6510000228881836,-0.6679999828338623,-0.6859999895095825,-0.7319999933242798,-0.7670000195503235,-0.7919999957084656,-0.8050000071525574,-0.7800000309944153,-0.7260000109672546,-0.7120000123977661,-0.7190000414848328,-0.5370000004768372,-0.39900001883506775,-0.4620000123977661,-0.45000001788139343,-0.39500001072883606,-0.3920000195503235,-0.5710000395774841
0.0,0.0,0.0,0.0,0.0,0.0,0.0,0.0,0.0,0.0,0.0,-2.1389999389648438,-1.8880000114440918,-1.650999903678894,-1.50600004196167,-1.4129998683929443,-1.2599999904632568,-1.0950000286102295,-1.11899995803833,-1.187000036239624,-1.1679999828338623,-1.124000072479248,-1.1339999437332153,-1.159999966621399,-1.1180000305175781,-1.0460000038146973,-0.9509999752044678,-0.8500000238418579,-0.7789999842643738,-0.7389999628067017,-0.7170000076293945,-0.6990000009536743,-0.6920000314712524,-0.706000030040741,-0.7289999723434448,-0.7730000019073486,-0.7989999651908875,-0.8109999895095825,-0.8039999604225159,-0.7890000343322754,-0.746999979019165,-0.7010000348091125,-0.5180000066757202,-0.41600000858306885,-0.48799997568130493,-0.47600001096725464,-0.4350000023841858,-0.36500000953674316,-0.5029999613761902
0.0,0.0,0.0,0.0,0.0,0.0,0.0,0.0,0.0,0.0,0.0,-2.2239999771118164,-1.9879999160766602,-1.750999927520752,-1.5479999780654907,-1.4499999284744263,-1.3619999885559082,-1.2030000686645508,-1.0770000219345093,-1.1410000324249268,-1.1929999589920044,-1.1469999551773071,-1.100000023841858,-1.124000072479248,-1.1410000324249268,-1.0750000476837158,-0.9990000128746033,-0.9130000472068787,-0.8309999704360962,-0.7910000085830688,-0.7720000147819519,-0.7540000081062317,-0.7350000143051147,-0.7240000367164612,-0.7490000128746033,-0.753000020980835,-0.7480000257492065,-0.7829999923706055,-0.7980000376701355,-0.7699999809265137,-0.7319999933242798,-0.6880000233650208,-0.597000002861023,-0.45899999141693115,-0.4870000183582306,-0.414000004529953,-0.44599997997283936,-0.40800002217292786,-0.4399999976158142
0.0,0.0,0.0,0.0,0.0,0.0,0.0,0.0,0.0,0.0,0.0,0.0,-2.0820000171661377,-1.8529999256134033,-1.6359999179840088,-1.4910000562667847,-1.4110000133514404,-1.3040000200271606,-1.1510000228881836,-1.090999960899353,-1.1469999551773071,-1.1660000085830688,-1.11899995803833,-1.0889999866485596,-1.1089999675750732,-1.1200000047683716,-1.0520000457763672,-0.9920000433921814,-0.9170000553131104,-0.8510000109672546,-0.8270000219345093,-0.8070000410079956,-0.7870000004768372,-0.7609999775886536,-0.7379999756813049,-0.7260000109672546,-0.6889999508857727,-0.7050000429153442,-0.7209999561309814,-0.7199999690055847,-0.6889999508857727,-0.6700000166893005,-0.6330000162124634,-0.44699999690055847,-0.41200000047683716,-0.39399999380111694,-0.4050000011920929,-0.38600000739097595,-0.2549999952316284
0.0,0.0,0.0,0.0,0.0,0.0,0.0,0.0,0.0,0.0,0.0,0.0,-2.181999921798706,-1.9679999351501465,-1.75,-1.528999924659729,-1.4270000457763672,-1.3779999017715454,-1.25,-1.1050000190734863,-1.097000002861023,-1.1490000486373901,-1.1440000534057617,-1.1010000705718994,-1.084999918937683,-1.1069999933242798,-1.1089999675750732,-1.0520000457763672,-1.003000020980835,-0.9399999380111694,-0.8869999647140503,-0.8550000190734863,-0.8200000524520874,-0.7829999923706055,-0.753000020980835,-0.7230000495910645,-0.6920000314712524,-0.6570000052452087,-0.5960000157356262,-0.5999999642372131,-0.6380000114440918,-0.6430000066757202,-0.6129999756813049,-0.4089999794960022,-0.42399999499320984,-0.45100000500679016,-0.390999972820282,-0.4089999794960022,-0.32099997997283936
0.0,0.0,0.0,0.0,0.0,0.0,0.0,0.0,0.0,0.0,0.0,0.0,0.0,-2.0829999446868896,-1.8639999628067017,-1.6390000581741333,-1.4470000267028809,-1.3849999904632568,-1.3489999771118164,-1.2059999704360962,-1.069000005722046,-1.1010000705718994,-1.1490000486373901,-1.1299999952316284,-1.093000054359436,-1.090999960899353,-1.1180000305175781,-1.1150000095367432,-1.0679999589920044,-1.0160000324249268,-0.9509999752044678,-0.8889999985694885,-0.8460000157356262,-0.8059999942779541,-0.7680000066757202,-0.737000048160553,-0.7109999656677246,-0.6690000295639038,-0.5770000219345093,-0.4899999797344208,-0.5130000114440918,-0.5920000076293945,-0.597000002861023,-0.29600000381469727,-0.375,-0.33100003004074097,-0.3479999899864197,-0.39000001549720764,-0.37400001287460327
0.0,0.0,0.0,0.0,0.0,0.0,0.0,0.0,0.0,0.0,0.0,0.0,0.0,0.0,-1.9920001029968262,-1.7690000534057617,-1.5390000343322754,-1.3840000629425049,-1.3600001335144043,-1.309999942779541,-1.1740000247955322,-1.065000057220459,-1.1130000352859497,-1.156000018119812,-1.128000020980835,-1.0899999141693115,-1.0889999866485596,-1.1080000400543213,-1.0980000495910645,-1.0520000457763672,-1.0090000629425049,-0.9430000185966492,-0.8770000338554382,-0.8270000219345093,-0.7870000004768372,-0.746999979019165,-0.7170000076293945,-0.6779999732971191,-0.6539999842643738,-0.5960000157356262,-0.4690000116825104,-0.47699999809265137,-0.41099998354911804,-0.27300000190734863,-0.3269999921321869,-0.34299999475479126,-0.38499999046325684,-0.414000004529953,-0.42500001192092896
