data/wind8.json
{"header": { "parameterNumberName": "eastward_wind", "parameterUnit": "m.s-1", "parameterNumber": 2, "parameterCategory": 2, "nx": 121, "ny": 221, "numberPoints": 26741, "dx": 0.005000000000000071, "dy": 0.005000000000000006, "la1": -31.6, "lo1": 115.3, "la2": -32.7, "lo2": 115.9, "refTime": "2022-11-25 12:00:00" }, "data":
[rows 176 to 197 of 221, columns 50 to 99 of 121]
0.8919999599456787,0.7230000495910645,0.6819999814033508,0.562000036239624,0.34299999475479126,0.11800000071525574,0.43400001525878906,0.8399999737739563,0.8569999933242798,0.7710000276565552,0.6459999680519104,0.5189999938011169,0.0,0.706000030040741,0.7480000257492065,0.7419999837875366,0.7179999947547913,0.6769999861717224,0.6449999809265137,0.6290000081062317,0.625,0.6080000400543213,0.5979999899864197,0.574999988079071,0.5999999642372131,0.6069999933242798,0.5419999957084656,0.46000000834465027,0.42399999499320984,0.40700000524520874,0.4309999942779541,0.4390000104904175,0.4729999899864197,0.4789999723434448,0.5199999809265137,0.5929999947547913,0.7150000333786011,0.6029999852180481,0.4359999895095825,0.2879999876022339,0.0,0.0,0.0,0.0,0.0,0.0,0.0,0.0,0.0,0.0
0.5649999976158142,0.35199999809265137,0.30400002002716064,0.328000009059906,0.25200000405311584,0.20500001311302185,0.40299999713897705,0.5989999771118164,0.781999945640564,0.6319999694824219,0.5569999814033508,0.5509999990463257,0.0,0.7310000061988831,0.781000018119812,0.7900000214576721,0.7769999504089355,0.7559999823570251,0.7379999756813049,0.7249999642372131,0.7300000190734863,0.7139999866485596,0.7199999690055847,0.6800000667572021,0.6100000143051147,0.5350000262260437,0.4830000102519989,0.43400001525878906,0.390999972820282,0.3620000183582306,0.35600000619888306,0.3920000195503235,0.44200000166893005,0.5130000114440918,0.5479999780654907,0.6319999694824219,0.7010000348091125,0.5160000324249268,0.3460000157356262,0.0,0.0,0.0,0.0,0.0,0.0,0.0,0.0,0.0,0.0,0.0
0.4919999837875366,0.3499999940395355,0.328000009059906,0.3499999940395355,0.31700000166893005,0.34200000762939453,0.4909999966621399,0.699999988079071,0.7680000066757202,0.7739999890327454,0.7300000190734863,0.6319999694824219,0.0,0.7080000042915344,0.75,0.7689999938011169,0.7710000276565552,0.7739999890327454,0.7749999761581421,0.7850000262260437,0.8009999990463257,0.7720000147819519,0.781000018119812,0.7490000128746033,0.6389999985694885,0.5,0.45499998331069946,0.3929999768733978,0.34299999475479126,0.30400002002716064,0.2619999945163727,0.30300000309944153,0.41499999165534973,0.48000001907348633,0.5119999647140503,0.5239999890327454,0.5370000004768372,0.38499999046325684,0.23900000751018524,0.0,0.0,0.0,0.0,0.0,0.0,0.0,0.0,0.0,0.0,0.0
0.48500001430511475,0.43400001525878906,0.4300000071525574,0.46700000762939453,0.527999997138977,0.5730000138282776,0.6639999747276306,0.7639999389648438,0.8219999670982361,0.7980000376701355,0.6389999985694885,0.7450000047683716,0.8320000171661377,0.7450000047683716,0.7269999980926514,0.7480000257492065,0.7280000448226929,0.7209999561309814,0.7519999742507935,0.7720000147819519,0.7639999389648438,0.7310000061988831,0.6940000057220459,0.6759999990463257,0.6679999828338623,0.6119999885559082,0.47699999809265137,0.42399999499320984,0.3779999911785126,0.31300002336502075,0.24399998784065247,0.24700000882148743,0.37400001287460327,0.453000009059906,0.4740000069141388,0.5139999985694885,0.406000018119812,0.25200000405311584,0.0,0.0,0.0,0.0,0.0,0.0,0.0,0.0,0.0,0.0,0.0,0.0
0.6100000143051147,0.6069999933242798,0.6239999532699585,0.6490000486373901,0.6769999861717224,0.7129999995231628,0.715999960899353,0.7929999828338623,0.8840000033378601,0.9679999947547913,0.8889999985694885,0.828000009059906,0.7269999980926514,0.6340000033378601,0.6480000019073486,0.5929999947547913,0.6129999756813049,0.675000011920929,0.7080000042915344,0.706000030040741,0.6260000467300415,0.6490000486373901,0.5979999899864197,0.6080000400543213,0.6159999966621399,0.593999981880188,0.49800002574920654,0.4100000262260437,0.35600000619888306,0.3139999806880951,0.29600000381469727,0.2840000092983246,0.37400001287460327,0.406000018119812,0.45100000500679016,0.550000011920929,0.32600000500679016,0.11300000548362732,0.0,0.0,0.0,0.0,0.0,0.0,0.0,0.0,0.0,0.0,0.0,0.0
0.6909999847412109,0.6920000314712524,0.7069999575614929,0.7190000414848328,0.7260000109672546,0.7699999809265137,0.7940000295639038,0.7789999842643738,0.8700000047683716,0.9340000152587891,1.152999997138977,1.2100000381469727,0.8160000443458557,0.6060000061988831,0.5789999961853027,0.6050000190734863,0.6140000224113464,0.6119999885559082,0.6200000047683716,0.5220000147819519,0.44599997997283936,0.45000001788139343,0.5139999985694885,0.5600000023841858,0.5429999828338623,0.4909999966621399,0.4490000009536743,0.4230000078678131,0.36899998784065247,0.33899998664855957,0.35100001096725464,0.33100003004074097,0.3540000021457672,0.3569999933242798,0.3920000195503235,0.3659999966621399,0.15699999034404755,-0.049000002443790436,0.0,0.0,0.0,0.0,0.0,0.0,0.0,0.0,0.0,0.0,0.0,0.0
0.7410000562667847,0.75,0.7760000228881836,0.7940000295639038,0.7989999651908875,0.8230000138282776,0.8980000019073486,0.8640000224113464,0.8270000219345093,0.8810000419616699,0.9319999814033508,1.0460000038146973,0.9259999990463257,0.7039999961853027,0.5849999785423279,0.6449999809265137,0.6129999756813049,0.5740000009536743,0.5929999947547913,0.6190000176429749,0.45899999141693115,0.453000009059906,0.5180000066757202,0.49300000071525574,0.4390000104904175,0.4190000295639038,0.4909999966621399,0.49400001764297485,0.4610000252723694,0.45499998331069946,0.4300000071525574,0.28999999165534973,0.2370000034570694,0.19699999690055847,0.16699999570846558,0.11699999868869781,-0.007999999448657036,0.0,0.0,0.0,0.0,0.0,0.0,0.0,0.0,0.0,0.0,0.0,0.0,0.0
0.7749999761581421,0.8100000023841858,0.8539999723434448,0.8739999532699585,0.8810000419616699,0.8829999566078186,0.9319999814033508,0.9509999752044678,0.8930000066757202,0.8109999895095825,0.8109999895095825,0.8609999418258667,0.8690000176429749,0.6920000314712524,0.590999960899353,0.6110000014305115,0.621999979019165,0.5950000286102295,0.5540000200271606,0.5149999856948853,0.4950000047683716,0.5119999647140503,0.5440000295639038,0.4780000150203705,0.4050000011920929,0.4440000057220459,0.4950000047683716,0.4909999966621399,0.4870000183582306,0.31800001859664917,0.14000000059604645,0.07000000029802322,0.08399999886751175,0.01599999889731407,-0.005000000353902578,0.05700000002980232,0.0,0.0,0.0,0.0,0.0,0.0,0.0,0.0,0.0,0.0,0.0,0.0,0.0,0.0
0.8109999895095825,0.8579999804496765,0.8959999680519104,0.9309999942779541,0.9529999494552612,0.9709999561309814,0.9900000095367432,0.9729999899864197,0.9269999861717224,0.8450000286102295,0.7590000629425049,0.6949999928474426,0.6679999828338623,0.6340000033378601,0.574999988079071,0.49400001764297485,0.5059999823570251,0.5410000085830688,0.5540000200271606,0.5139999985694885,0.5059999823570251,0.550000011920929,0.5260000228881836,0.4610000252723694,0.5019999742507935,0.5290000438690186,0.4870000183582306,0.5019999742507935,0.36899998784065247,0.17100000381469727,0.11300000548362732,0.0,0.0,0.020000001415610313,0.12099999934434891,0.0,0.0,0.0,0.0,0.0,0.0,0.0,0.0,0.0,0.0,0.0,0.0,0.0,0.0,0.0
0.8240000009536743,0.8690000176429749,0.9200000166893005,0.9799999594688416,1.0149999856948853,1.0329999923706055,1.0260000228881836,1.003000020980835,0.9449999928474426,0.8429999351501465,0.7249999642372131,0.6129999756813049,0.5839999914169312,0.5669999718666077,0.4960000216960907,0.44699999690055847,0.40800002217292786,0.47600001096725464,0.5099999904632568,0.5180000066757202,0.5600000023841858,0.5509999990463257,0.49300000071525574,0.527999997138977,0.5999999642372131,0.6299999952316284,0.597000002861023,0.4449999928474426,0.24199999868869781,0.15200001001358032,0.0,0.0,0.0,0.0,0.0,0.0,0.0,0.0,0.0,0.0,0.0,0.0,0.0,0.0,0.0,0.0,0.0,0.0,0.0,0.0
0.8250000476837158,0.8759999871253967,0.9279999732971191,0.9900000095367432,1.0700000524520874,1.0130000114440918,0.9920000433921814,0.9629999995231628,0.9269999861717224,0.8680000305175781,0.7590000629425049,0.6340000033378601,0.5950000286102295,0.5680000185966492,0.5059999823570251,0.4620000123977661,0.44200000166893005,0.43400001525878906,0.49699997901916504,0.5789999961853027,0.574999988079071,0.5149999856948853,0.5180000066757202,0.597000002861023,0.652999997138977,0.6800000667572021,0.6119999885559082,0.37300002574920654,0.2160000056028366,0.0,0.0,0.0,0.0,0.0,0.0,0.0,0.0,0.0,0.0,0.0,0.0,0.0,0.0,0.0,0.0,0.0,0.0,0.0,0.0,0.0
0.7710000276565552,0.8829999566078186,0.9329999685287476,0.9210000038146973,0.9340000152587891,0.9269999861717224,0.902999997138977,0.8849999904632568,0.8479999899864197,0.7710000276565552,0.6949999928474426,0.6539999842643738,0.5979999899864197,0.5730000138282776,0.5320000052452087,0.4440000057220459,0.40199998021125793,0.41099998354911804,0.5199999809265137,0.6060000061988831,0.550000011920929,0.5090000033378601,0.5979999899864197,0.6710000038146973,0.7020000219345093,0.7129999995231628,0.5,0.29100000858306885,0.0,0.0,0.0,0.0,0.0,0.0,0.0,0.0,0.0,0.0,0.0,0.0,0.0,0.0,0.0,0.0,0.0,0.0,0.0,0.0,0.0,0.0
0.722000002861023,0.7980000376701355,0.8380000591278076,0.8259999752044678,0.8059999942779541,0.8090000152587891,0.8039999604225159,0.7540000081062317,0.7010000348091125,0.6660000085830688,0.6010000109672546,0.6330000162124634,0.6449999809265137,0.4410000145435333,0.32200002670288086,0.3240000009536743,0.37300002574920654,0.46000000834465027,0.5429999828338623,0.5360000133514404,0.5080000162124634,0.593999981880188,0.6800000667572021,0.671999990940094,0.6700000166893005,0.5609999895095825,0.36800000071525574,0.21799999475479126,0.0,0.0,0.0,0.0,0.0,0.0,0.0,0.0,0.0,0.0,0.0,0.0,0.0,0.0,0.0,0.0,0.0,0.0,0.0,0.0,0.0,0.0
0.6769999861717224,0.6589999794960022,0.6679999828338623,0.7360000014305115,0.7139999866485596,0.7120000123977661,0.6990000009536743,0.6340000033378601,0.6940000057220459,0.5640000104904175,0.4870000183582306,0.4690000116825104,0.4690000116825104,0.4280000329017639,0.32099997997283936,0.30799999833106995,0.41700002551078796,0.5070000290870667,0.4860000014305115,0.4749999940395355,0.6040000319480896,0.6840000152587891,0.7199999690055847,0.6159999966621399,0.5040000081062317,0.3630000054836273,0.16599999368190765,0.0,0.0,0.0,0.0,0.0,0.0,0.0,0.0,0.0,0.0,0.0,0.0,0.0,0.0,0.0,0.0,0.0,0.0,0.0,0.0,0.0,0.0,0.0
0.6949999928474426,0.5640000104904175,0.4320000112056732,0.5199999809265137,0.6570000052452087,0.6889999508857727,0.6179999709129333,0.6440000534057617,0.5809999704360962,0.5389999747276306,0.47200000286102295,0.33899998664855957,0.3659999966621399,0.4650000035762787,0.40700000524520874,0.3959999978542328,0.4919999837875366,0.453000009059906,0.43299999833106995,0.5460000038146973,0.6979999542236328,0.6620000600814819,0.414000004529953,0.2750000059604645,0.22699999809265137,0.11300000548362732,-0.09999999403953552,0.0,0.0,0.0,0.0,0.0,0.0,0.0,0.0,0.0,0.0,0.0,0.0,0.0,0.0,0.0,0.0,0.0,0.0,0.0,0.0,0.0,0.0,0.0
0.5860000252723694,0.6440000534057617,0.5,0.4580000042915344,0.5669999718666077,0.684999942779541,0.7020000219345093,0.699999988079071,0.6069999933242798,0.5720000267028809,0.3720000088214874,0.26600000262260437,0.3489999771118164,0.45499998331069946,0.5299999713897705,0.5180000066757202,0.4309999942779541,0.40199998021125793,0.5130000114440918,0.675000011920929,0.6480000019073486,0.3779999911785126,0.14499999582767487,0.038999997079372406,-0.010999999940395355,-0.10400000214576721,0.0,0.0,0.0,0.0,0.0,0.0,0.0,0.0,0.0,0.0,0.0,0.0,0.0,0.0,0.0,0.0,0.0,0.0,0.0,0.0,0.0,0.0,0.0,0.0
0.3530000150203705,0.578000009059906,0.7870000004768372,0.784000039100647,0.7179999947547913,0.7260000109672546,0.737000048160553,0.7010000348091125,0.6150000095367432,0.39399999380111694,0.20999999344348907,0.2580000162124634,0.3479999899864197,0.48900002241134644,0.6230000257492065,0.4479999840259552,0.30400002002716064,0.4569999873638153,0.6449999809265137,0.6650000214576721,0.42100000381469727,0.13300000131130219,0.010999999940395355,-0.11500000208616257,-0.10899999737739563,0.0,0.0,0.0,0.0,0.0,0.0,0.0,0.0,0.0,0.0,0.0,0.0,0.0,0.0,0.0,0.0,0.0,0.0,0.0,0.0,0.0,0.0,0.0,0.0,0.0
0.5099999904632568,0.6700000166893005,0.75,0.6889999508857727,0.6889999508857727,0.7190000414848328,0.7249999642372131,0.7039999961853027,0.4729999899864197,0.23900000751018524,0.22299998998641968,0.22600001096725464,0.36800000071525574,0.4659999907016754,0.5029999613761902,0.39800000190734863,0.37700000405311584,0.5379999876022339,0.6539999842643738,0.4569999873638153,0.2549999952316284,0.14100000262260437,0.026000000536441803,-0.11300000548362732,0.0,0.0,0.0,0.0,0.0,0.0,0.0,0.0,0.0,0.0,0.0,0.0,0.0,0.0,0.0,0.0,0.0,0.0,0.0,0.0,0.0,0.0,0.0,0.0,0.0,0.0
0.7400000095367432,0.7940000295639038,0.6190000176429749,0.597000002861023,0.6419999599456787,0.6580000519752502,0.656000018119812,0.597000002861023,0.43799999356269836,0.24900001287460327,0.15299999713897705,0.2160000056028366,0.2720000147819519,0.25099998712539673,0.31199997663497925,0.5320000052452087,0.5730000138282776,0.4560000002384186,0.46299999952316284,0.34200000762939453,0.21400001645088196,0.10099999606609344,-0.04399999976158142,0.0,0.0,0.0,0.0,0.0,0.0,0.0,0.0,0.0,0.0,0.0,0.0,0.0,0.0,0.0,0.0,0.0,0.0,0.0,0.0,0.0,0.0,0.0,0.0,0.0,0.0,0.0
0.7319999933242798,0.7179999947547913,0.48099997639656067,0.5080000162124634,0.5559999942779541,0.6069999933242798,0.5540000200271606,0.4560000002384186,0.4039999842643738,0.25200000405311584,0.1679999977350235,0.21299999952316284,0.1860000044107437,0.07199999690055847,0.16100001335144043,0.4230000078678131,0.6629999876022339,0.4399999976158142,0.39800000190734863,0.3070000112056732,0.17599999904632568,0.0689999982714653,0.0,0.0,0.0,0.0,0.0,0.0,0.0,0.0,0.0,0.0,0.0,0.0,0.0,0.0,0.0,0.0,0.0,0.0,0.0,0.0,0.0,0.0,0.0,0.0,0.0,0.0,0.0,0.0
0.7350000143051147,0.6970000267028809,0.7209999561309814,0.6580000519752502,0.550000011920929,0.5609999895095825,0.43799999356269836,0.39500001072883606,0.3409999907016754,0.29500001668930054,0.27300000190734863,0.2759999930858612,0.14900000393390656,0.08000000566244125,0.12400000542402267,0.2680000066757202,0.4179999828338623,0.4100000262260437,0.3530000150203705,0.27799999713897705,0.11900000274181366,0.0,0.0,0.0,0.0,0.0,0.0,0.0,0.0,0.0,0.0,0.0,0.0,0.0,0.0,0.0,0.0,0.0,0.0,0.0,0.0,0.0,0.0,0.0,0.0,0.0,0.0,0.0,0.0,0.0
0.9790000319480896,0.9480000138282776,0.9700000286102295,0.9120000004768372,0.781999945640564,0.5550000071525574,0.22500000894069672,0.40800002217292786,0.6169999837875366,0.5249999761581421,0.34299999475479126,0.3999999761581421,0.5830000042915344,0.5249999761581421,0.5429999828338623,0.5,0.25599998235702515,0.34700000286102295,0.37300002574920654,0.2019999921321869,0.0,0.0,0.0,0.0,0.0,0.0,0.0,0.0,0.0,0.0,0.0,0.0,0.0,0.0,0.0,0.0,0.0,0.0,0.0,0.0,0.0,0.0,0.0,0.0,0.0,0.0,0.0,0.0,0.0,0.0
