data/wind6.json
{"header": { "parameterNumberName": "eastward_wind", "parameterUnit": "m.s-1", "parameterNumber": 2, "parameterCategory": 2, "nx": 121, "ny": 221, "numberPoints": 26741, "dx": 0.005000000000000071, "dy": 0.005000000000000006, "la1": -31.6, "lo1": 115.3, "la2": -32.7, "lo2": 115.9, "refTime": "2022-11-25 08:00:00" }, "data":
[rows 154 to 175 of 221, columns 48 to 95 of 121]
0.29999998211860657,0.2199999988079071,0.23900000751018524,0.296999990940094,0.2800000011920929,0.26499998569488525,0.25999999046325684,0.2840000092983246,0.3020000159740448,0.296999990940094,0.30300000309944153,0.2930000126361847,0.26100000739097595,0.2449999898672104,0.23199999332427979,0.25699999928474426,0.3009999990463257,0.3240000009536743,0.3790000081062317,0.40299999713897705,0.328000009059906,0.25,0.2639999985694885,0.16100001335144043,0.07699999958276749,0.10099999606609344,0.21899999678134918,0.2680000066757202,0.35600000619888306,0.4699999690055847,0.5110000371932983,0.43400001525878906,0.44699999690055847,0.44699999690055847,0.20999999344348907,0.0,0.0,0.0,0.0,0.0,0.0,0.0,0.0,0.0,0.0,0.0,0.0,0.0
0.35899999737739563,0.2980000078678131,0.2580000162124634,0.24300000071525574,0.2150000035762787,0.19099998474121094,0.19600000977516174,0.20899999141693115,0.2160000056028366,0.2239999920129776,0.23600000143051147,0.2549999952316284,0.22699999809265137,0.20999999344348907,0.2150000035762787,0.23399999737739563,0.3840000033378601,0.4569999873638153,0.406000018119812,0.3869999945163727,0.3709999918937683,0.27000001072883606,0.13699999451637268,0.07000000029802322,0.024000000208616257,0.06499999761581421,0.08500000834465027,0.0,0.20800000429153442,0.4729999899864197,0.44599997997283936,0.4089999794960022,0.43799999356269836,0.38600000739097595,0.2759999930858612,0.15399999916553497,0.0,0.0,0.0,0.0,0.0,0.0,0.0,0.0,0.0,0.0,0.0,0.0
0.3700000047683716,0.375,0.39500001072883606,0.1850000023841858,0.16499999165534973,0.15599998831748962,0.15299999713897705,0.1469999998807907,0.15599998831748962,0.17599999904632568,0.21700000762939453,0.24399998784065247,0.26600000262260437,0.2759999930858612,0.29100000858306885,0.3100000023841858,0.33899998664855957,0.328000009059906,0.27399998903274536,0.2680000066757202,0.3020000159740448,0.16200000047683716,0.10400000214576721,0.08100000023841858,0.06599999964237213,0.12700000405311584,0.08399999886751175,0.010000000707805157,-0.026000000536441803,0.035999998450279236,0.2329999953508377,0.3190000057220459,0.33899998664855957,0.31700000166893005,0.2879999876022339,0.2619999945163727,0.18700000643730164,0.0,0.0,0.0,0.0,0.0,0.0,0.0,0.0,0.0,0.0,0.0
0.34200000762939453,0.4039999842643738,0.25699999928474426,0.1459999978542328,0.1469999998807907,0.13899999856948853,0.10499999672174454,0.10099999606609344,0.14300000667572021,0.20899999141693115,0.2280000001192093,0.23100000619888306,0.23000000417232513,0.23600000143051147,0.24700000882148743,0.2590000033378601,0.2879999876022339,0.289000004529953,0.2590000033378601,0.1810000091791153,0.2290000021457672,0.16699999570846558,0.13899999856948853,0.11800000071525574,0.14300000667572021,0.14800000190734863,0.06599999964237213,-0.0139999995008111,0.05900000035762787,0.1940000057220459,0.2580000162124634,0.3009999990463257,0.29100000858306885,0.2680000066757202,0.30300000309944153,0.3440000116825104,0.2459999918937683,0.16300000250339508,0.0,0.0,0.0,0.0,0.0,0.0,0.0,0.0,0.0,0.0
0.2630000114440918,0.2160000056028366,0.16200000047683716,0.14800000190734863,0.12000000476837158,0.08999999612569809,0.08299999684095383,0.10099999606609344,0.11900000274181366,0.1420000046491623,0.16899999976158142,0.18299999833106995,0.19600000977516174,0.20500001311302185,0.21899999678134918,0.23600000143051147,0.27000001072883606,0.27300000190734863,0.23499998450279236,0.16300000250339508,0.18700000643730164,0.18299999833106995,0.1679999977350235,0.14999999105930328,0.164000004529953,0.13199999928474426,0.14000000059604645,0.2150000035762787,0.29500001668930054,0.27399998903274536,0.25599998235702515,0.26899999380111694,0.25699999928474426,0.23100000619888306,0.3009999990463257,0.2930000126361847,0.25,0.18200001120567322,0.10999999940395355,0.0,0.0,0.0,0.0,0.0,0.0,0.0,0.0,0.0
0.19500000774860382,0.09800000488758087,0.12400000542402267,0.11300000548362732,0.07699999958276749,0.0820000022649765,0.09200000017881393,0.07400000095367432,0.054999999701976776,0.07600000500679016,0.08900000154972076,0.1340000033378601,0.15799999237060547,0.15900000929832458,0.17999999225139618,0.2199999988079071,0.2789999842643738,0.29100000858306885,0.26100000739097595,0.203000009059906,0.21400001645088196,0.18799999356269836,0.14900000393390656,0.21400001645088196,0.2750000059604645,0.2639999985694885,0.3020000159740448,0.3479999899864197,0.38600000739097595,0.3290000259876251,0.16699999570846558,0.17000001668930054,0.2160000056028366,0.24399998784065247,0.22699999809265137,0.17999999225139618,0.2150000035762787,0.20600000023841858,0.12999999523162842,0.03199999779462814,0.0,0.0,0.0,0.0,0.0,0.0,0.0,0.0
0.15200001001358032,0.10099999606609344,0.08100000023841858,0.07600000500679016,0.06700000166893005,0.06599999964237213,0.06200000271201134,0.04800000041723251,0.030000001192092896,0.020000001415610313,0.06700000166893005,0.11400000005960464,0.13600000739097595,0.15599998831748962,0.16499999165534973,0.23000000417232513,0.2789999842643738,0.2939999997615814,0.25099998712539673,0.26100000739097595,0.2549999952316284,0.2459999918937683,0.23000000417232513,0.2370000034570694,0.3460000157356262,0.37300002574920654,0.39800000190734863,0.45100000500679016,0.41499999165534973,0.27399998903274536,0.14300000667572021,0.10599999874830246,0.1940000057220459,0.23600000143051147,0.20899999141693115,0.13199999928474426,0.13699999451637268,0.1940000057220459,0.14900000393390656,0.026000000536441803,-0.07899999618530273,0.0,0.0,0.0,0.0,0.0,0.0,0.0
0.11500000208616257,0.10300000011920929,0.0430000014603138,0.05700000002980232,0.05700000002980232,0.04000000283122063,0.03100000135600567,0.024000000208616257,0.030000001192092896,0.04999999701976776,0.08100000023841858,0.13099999725818634,0.17499999701976776,0.1850000023841858,0.20999999344348907,0.2840000092983246,0.2980000078678131,0.25999999046325684,0.17499999701976776,0.18700000643730164,0.21400001645088196,0.23199999332427979,0.22299998998641968,0.2070000022649765,0.2549999952316284,0.39900001883506775,0.43299999833106995,0.45499998331069946,0.35899999737739563,0.2540000081062317,0.16100001335144043,0.0949999988079071,0.15299999713897705,0.20899999141693115,0.19099998474121094,0.11900000274181366,0.04399999976158142,0.10099999606609344,0.164000004529953,0.07699999958276749,-0.04699999839067459,0.0,0.0,0.0,0.0,0.0,0.0,0.0
0.17000001668930054,0.15599998831748962,0.06200000271201134,-0.017999999225139618,0.008999999612569809,0.017999999225139618,0.008999999612569809,0.0279999990016222,0.049000002443790436,0.08399999886751175,0.11900000274181366,0.10599999874830246,0.1510000079870224,0.19600000977516174,0.29500001668930054,0.3319999873638153,0.33399999141693115,0.26899999380111694,0.23199999332427979,0.22600001096725464,0.22600001096725464,0.17800000309944153,0.22699999809265137,0.1720000058412552,0.12400000542402267,0.1469999998807907,0.2709999978542328,0.38600000739097595,0.34200000762939453,0.23900000751018524,0.18299999833106995,0.13899999856948853,0.10499999672174454,0.16200000047683716,0.15299999713897705,0.0989999994635582,0.0279999990016222,0.03400000184774399,0.15699999034404755,0.15599998831748962,0.0279999990016222,0.001999999862164259,0.0,0.0,0.0,0.0,0.0,0.0
0.19099998474121094,0.13899999856948853,0.052000001072883606,-0.010999999940395355,-0.03800000250339508,-0.020999999716877937,0.01599999889731407,0.044999998062849045,0.0820000022649765,0.10999999940395355,0.0989999994635582,0.08900000154972076,0.07400000095367432,0.12199999392032623,0.31800001859664917,0.4819999933242798,0.31300002336502075,0.22299998998641968,0.23399999737739563,0.2709999978542328,0.31300002336502075,0.3190000057220459,0.25699999928474426,0.17000001668930054,0.07199999690055847,0.06599999964237213,0.203000009059906,0.32099997997283936,0.3569999933242798,0.28700000047683716,0.23600000143051147,0.16200000047683716,0.0860000029206276,0.0860000029206276,0.11500000208616257,0.07000000029802322,0.017000000923871994,-0.013000000268220901,0.1290000081062317,0.20800000429153442,0.0689999982714653,-0.0,0.0,0.0,0.0,0.0,0.0,0.0
0.11500000208616257,-0.013000000268220901,-0.006000000052154064,0.02199999988079071,-0.01900000125169754,-0.028999999165534973,0.020999999716877937,0.07499999552965164,0.0989999994635582,0.08900000154972076,0.07499999552965164,0.04699999839067459,0.007999999448657036,0.057999998331069946,0.1899999976158142,0.23199999332427979,0.22200000286102295,0.15299999713897705,0.2070000022649765,0.2669999897480011,0.3330000042915344,0.4129999876022339,0.34299999475479126,0.21799999475479126,0.13600000739097595,0.2619999945163727,0.3009999990463257,0.3330000042915344,0.34200000762939453,0.3109999895095825,0.23399999737739563,0.15799999237060547,0.060999996960163116,-0.03800000250339508,-0.003000000026077032,-0.010999999940395355,-0.020999999716877937,-0.03400000184774399,0.0860000029206276,0.23399999737739563,0.09200000017881393,-0.003000000026077032,0.0,0.0,0.0,0.0,0.0,0.0
-0.0689999982714653,-0.14399999380111694,-0.07899999618530273,-0.038999997079372406,-0.003000000026077032,0.010999999940395355,0.026000000536441803,0.07799999415874481,0.07400000095367432,0.05900000035762787,0.035999998450279236,0.020999999716877937,0.02499999850988388,0.09399999678134918,0.13899999856948853,0.21799999475479126,0.17499999701976776,0.14399999380111694,0.1860000044107437,0.19600000977516174,0.2980000078678131,0.4010000228881836,0.3779999911785126,0.32200002670288086,0.33500000834465027,0.31800001859664917,0.20400001108646393,0.22600001096725464,0.25200000405311584,0.2590000033378601,0.19200000166893005,0.10400000214576721,0.003000000026077032,-0.035999998450279236,-0.0279999990016222,-0.035999998450279236,-0.04399999976158142,-0.052000001072883606,0.041999999433755875,0.22299998998641968,0.11599999666213989,-0.005000000353902578,0.0,0.0,0.0,0.0,0.0,0.0
-0.23000000417232513,-0.23100000619888306,-0.164000004529953,-0.12000000476837158,-0.028999999165534973,0.049000002443790436,0.0430000014603138,0.028999999165534973,0.03800000250339508,0.03199999779462814,0.013000000268220901,0.005000000353902578,0.12199999392032623,0.2580000162124634,0.164000004529953,0.12799999117851257,0.0949999988079071,0.11699999868869781,0.22600001096725464,0.23199999332427979,0.2619999945163727,0.2919999957084656,0.32499998807907104,0.36899998784065247,0.39500001072883606,0.19699999690055847,0.11100000143051147,0.1340000033378601,0.1720000058412552,0.18700000643730164,0.11599999666213989,0.0430000014603138,-0.001999999862164259,-0.030000001192092896,-0.04000000283122063,-0.04800000041723251,-0.0559999980032444,-0.07100000232458115,-0.0009999999310821295,0.1979999989271164,0.13699999451637268,0.0009999999310821295,0.0,0.0,0.0,0.0,0.0,0.0
-0.26499998569488525,-0.26100000739097595,-0.26899999380111694,-0.20099999010562897,-0.07499999552965164,0.03199999779462814,0.05100000277161598,-0.020000001415610313,-0.007999999448657036,0.00699999975040555,-0.0139999995008111,0.0559999980032444,0.19900000095367432,0.2459999918937683,0.03800000250339508,-0.020000001415610313,-0.08000000566244125,-0.008999999612569809,0.08100000023841858,0.2849999964237213,0.3190000057220459,0.3089999854564667,0.06499999761581421,0.14100000262260437,0.20899999141693115,0.32200002670288086,0.07600000500679016,0.06599999964237213,0.09300000220537186,0.12099999934434891,0.07000000029802322,0.020999999716877937,-0.01900000125169754,-0.03700000047683716,-0.04399999976158142,-0.05100000277161598,-0.054999999701976776,-0.07499999552965164,-0.024000000208616257,0.17599999904632568,0.13500000536441803,-0.003000000026077032,0.0,0.0,0.0,0.0,0.0,0.0
-0.24199999868869781,-0.25200000405311584,-0.3050000071525574,-0.281000018119812,-0.15399999916553497,-0.04100000113248825,0.023000000044703484,-0.012000000104308128,-0.05100000277161598,-0.05400000140070915,-0.008999999612569809,0.0989999994635582,0.13899999856948853,0.164000004529953,-0.0729999989271164,-0.125,-0.032999999821186066,0.11400000005960464,0.2919999957084656,0.44599997997283936,0.4039999842643738,0.2540000081062317,0.010999999940395355,0.03100000135600567,0.20500001311302185,0.2709999978542328,0.12199999392032623,0.0559999980032444,0.06000000238418579,0.07899999618530273,0.038999997079372406,0.003000000026077032,-0.030000001192092896,-0.04600000008940697,-0.049000002443790436,-0.04800000041723251,-0.052000001072883606,-0.060999996960163116,-0.008999999612569809,0.17100000381469727,0.13300000131130219,-0.003000000026077032,0.0,0.0,0.0,0.0,0.0,0.0
-0.20500001311302185,-0.23499998450279236,-0.2770000100135803,-0.22200000286102295,-0.281000018119812,-0.28200000524520874,-0.23399999737739563,0.001999999862164259,-0.04999999701976776,-0.10899999737739563,-0.04000000283122063,0.0139999995008111,0.04000000283122063,0.005000000353902578,-0.12600000202655792,-0.2409999966621399,0.16300000250339508,0.34299999475479126,0.3720000088214874,0.3700000047683716,0.3530000150203705,0.2329999953508377,0.08299999684095383,-0.14300000667572021,-0.16200000047683716,-0.007999999448657036,-0.04999999701976776,-0.07699999958276749,-0.03800000250339508,0.04000000283122063,0.03400000184774399,0.00699999975040555,-0.012000000104308128,-0.038999997079372406,-0.0430000014603138,-0.04600000008940697,-0.052000001072883606,-0.05900000035762787,-0.0009999999310821295,0.1679999977350235,0.10700000822544098,0.020999999716877937,0.0,0.0,0.0,0.0,0.0,0.0
-0.13300000131130219,-0.20600000023841858,-0.21899999678134918,-0.1730000078678131,-0.26100000739097595,-0.2930000126361847,-0.3409999907016754,-0.2199999988079071,-0.06200000271201134,-0.07499999552965164,-0.06200000271201134,-0.06300000101327896,-0.08000000566244125,-0.1080000028014183,-0.09800000488758087,0.0,0.3109999895095825,0.3929999768733978,0.3779999911785126,0.32999998331069946,0.31700000166893005,0.2669999897480011,0.16899999976158142,0.05100000277161598,-0.12600000202655792,-0.17000001668930054,-0.17599999904632568,-0.23900000751018524,-0.20099999010562897,0.020999999716877937,0.032999999821186066,0.026000000536441803,0.012000000104308128,-0.015000000596046448,-0.024000000208616257,-0.035999998450279236,-0.04800000041723251,-0.054999999701976776,0.015000000596046448,0.1720000058412552,0.10999999940395355,0.03100000135600567,0.0,0.0,0.0,0.0,0.0,0.0
-0.038999997079372406,-0.11500000208616257,-0.125,-0.11100000143051147,-0.14100000262260437,-0.08000000566244125,-0.010999999940395355,-0.10300000011920929,-0.010999999940395355,-0.05400000140070915,-0.09800000488758087,-0.09399999678134918,-0.11100000143051147,-0.12999999523162842,-0.20099999010562897,0.0,0.25,0.3999999761581421,0.35899999737739563,0.29600000381469727,0.2630000114440918,0.16499999165534973,0.054999999701976776,-0.07199999690055847,-0.028999999165534973,-0.027000000700354576,-0.07699999958276749,-0.12600000202655792,-0.03199999779462814,0.012000000104308128,0.015000000596046448,0.049000002443790436,0.035999998450279236,0.010000000707805157,-0.005000000353902578,-0.026000000536441803,-0.03500000014901161,-0.0430000014603138,0.03199999779462814,0.17999999225139618,0.09600000083446503,0.044999998062849045,0.0,0.0,0.0,0.0,0.0,0.0
0.06599999964237213,0.13500000536441803,0.2290000021457672,0.26100000739097595,0.26100000739097595,0.33899998664855957,0.2800000011920929,0.19300000369548798,0.13099999725818634,0.12400000542402267,0.041999999433755875,0.08799999952316284,0.0430000014603138,-0.023000000044703484,0.0,0.0,0.17000001668930054,0.31800001859664917,0.30400002002716064,0.1850000023841858,0.12199999392032623,0.026000000536441803,-0.07400000095367432,-0.16499999165534973,-0.1379999965429306,-0.0989999994635582,-0.05700000002980232,-0.04100000113248825,-0.05100000277161598,-0.05100000277161598,-0.01900000125169754,0.017999999225139618,0.03199999779462814,0.03500000014901161,0.01599999889731407,-0.027000000700354576,-0.07100000232458115,-0.04800000041723251,0.05400000140070915,0.1889999955892563,0.08000000566244125,0.08500000834465027,0.0,0.0,0.0,0.0,0.0,0.0
0.13500000536441803,0.31800001859664917,0.34299999475479126,0.29899999499320984,0.2329999953508377,0.2199999988079071,0.13300000131130219,0.024000000208616257,-0.0139999995008111,0.125,0.2199999988079071,0.20500001311302185,0.19699999690055847,0.15299999713897705,0.0,0.0,0.003999999724328518,0.0989999994635582,0.09800000488758087,0.052000001072883606,-0.010000000707805157,-0.08699999749660492,-0.1770000010728836,-0.20400001108646393,-0.18299999833106995,-0.15299999713897705,-0.12099999934434891,-0.05299999937415123,-0.0989999994635582,-0.13899999856948853,-0.08000000566244125,-0.0279999990016222,-0.010000000707805157,-0.005000000353902578,-0.007999999448657036,-0.04100000113248825,-0.04600000008940697,-0.052000001072883606,0.06800000369548798,0.17399999499320984,0.0729999989271164,0.04999999701976776,0.0,0.0,0.0,0.0,0.0,0.0
0.21400001645088196,0.2709999978542328,0.2409999966621399,0.1979999989271164,0.1770000010728836,0.1770000010728836,0.14399999380111694,0.020000001415610313,-0.05100000277161598,-0.06300000101327896,0.054999999701976776,0.1889999955892563,0.20999999344348907,0.19500000774860382,0.0,0.0,0.027000000700354576,-0.01599999889731407,-0.035999998450279236,-0.05400000140070915,-0.11100000143051147,-0.17800000309944153,-0.21700000762939453,-0.21799999475479126,-0.20500001311302185,-0.19699999690055847,-0.13600000739097595,-0.12799999117851257,-0.210999995470047,-0.20500001311302185,-0.15900000929832458,-0.11500000208616257,-0.0729999989271164,-0.06200000271201134,-0.06700000166893005,-0.09399999678134918,-0.08000000566244125,-0.052000001072883606,0.07799999415874481,0.14900000393390656,0.06000000238418579,0.008999999612569809,0.0,0.0,0.0,0.0,0.0,0.0
0.2720000147819519,0.2919999957084656,0.2930000126361847,0.24800001084804535,0.2290000021457672,0.22200000286102295,0.10400000214576721,0.07199999690055847,0.09999999403953552,0.04699999839067459,0.003999999724328518,0.05900000035762787,0.16100001335144043,0.1679999977350235,0.0,0.057999998331069946,0.023000000044703484,-0.005000000353902578,-0.05900000035762787,-0.10999999940395355,-0.16599999368190765,-0.2199999988079071,-0.2329999953508377,-0.1940000057220459,-0.21700000762939453,-0.12999999523162842,-0.1340000033378601,-0.1720000058412552,-0.2290000021457672,-0.26899999380111694,-0.2529999911785126,-0.203000009059906,-0.16200000047683716,-0.15799999237060547,-0.13099999725818634,-0.1469999998807907,-0.09399999678134918,-0.026000000536441803,0.09100000560283661,0.11400000005960464,0.04000000283122063,-0.024000000208616257,0.0,0.0,0.0,0.0,0.0,0.0
