data/wind13.json
{"header": { "parameterNumberName": "northward_wind", "parameterUnit": "m.s-1", "parameterNumber": 3, "parameterCategory": 2, "nx": 121, "ny": 221, "numberPoints": 26741, "dx": 0.005000000000000071, "dy": 0.005000000000000006, "la1": -31.6, "lo1": 115.3, "la2": -32.7, "lo2": 115.9, "refTime": "2022-11-25 22:00:00" }, "data":
[rows 132 to 153 of 221, columns 49 to 97 of 121]
1.1460000276565552,1.0329999923706055,0.9850000143051147,0.9780000448226929,0.7739999890327454,0.5830000042915344,0.6190000176429749,0.47699999809265137,0.060999996960163116,-0.33899998664855957,-0.4710000157356262,-0.4179999828338623,-0.44599997997283936,-0.5130000114440918,-0.48399999737739563,-0.41999998688697815,-0.38100001215934753,-0.2529999911785126,-0.07899999618530273,-0.4989999830722809,-0.7389999628067017,-0.8030000329017639,-0.562999963760376,-0.5110000371932983,-0.5209999680519104,-0.41999998688697815,-0.3830000162124634,0.04699999839067459,0.4100000262260437,0.32099997997283936,0.13300000131130219,0.4350000023841858,0.5360000133514404,0.18200001120567322,0.2759999930858612,0.1550000011920929,0.5519999861717224,0.550000011920929,0.43400001525878906,0.09600000083446503,0.04699999839067459,0.0,0.0,0.0,0.0,0.0,0.0,0.0,0.0
1.1209999322891235,1.0189999341964722,0.9629999995231628,0.9660000205039978,0.8190000057220459,0.5999999642372131,0.6060000061988831,0.4830000102519989,0.17899999022483826,-0.1860000044107437,-0.3999999761581421,-0.4479999840259552,-0.4560000002384186,-0.5659999847412109,-0.5329999923706055,-0.5040000081062317,-0.33100003004074097,-0.2070000022649765,-0.16100001335144043,-0.39500001072883606,-0.6179999709129333,-0.6520000100135803,-0.64000004529953,-0.2619999945163727,-0.4919999837875366,-0.3009999990463257,-0.5609999895095825,-0.2619999945163727,0.23800000548362732,0.3880000114440918,0.2709999978542328,0.0,0.35899999737739563,0.16100001335144043,0.25599998235702515,0.40199998021125793,0.527999997138977,0.5740000009536743,0.32600000500679016,0.09399999678134918,0.0,0.0,0.0,0.0,0.0,0.0,0.0,0.0,0.0
1.093000054359436,1.0019999742507935,0.9600000381469727,0.9399999380111694,0.871999979019165,0.7089999914169312,0.6119999885559082,0.5,0.3020000159740448,-0.0860000029206276,-0.320000022649765,-0.4560000002384186,-0.46299999952316284,-0.5490000247955322,-0.6290000081062317,-0.5379999876022339,-0.3779999911785126,-0.10499999672174454,0.020999999716877937,-0.29899999499320984,-0.5090000033378601,-0.4870000183582306,-0.5449999570846558,-0.1899999976158142,-0.4580000042915344,-0.42500001192092896,-0.590999960899353,-0.4089999794960022,0.2939999997615814,0.0,0.0,0.015000000596046448,0.35100001096725464,0.1340000033378601,0.20800000429153442,0.3779999911785126,0.4729999899864197,0.45000001788139343,0.328000009059906,0.0,0.0,0.0,0.0,0.0,0.0,0.0,0.0,0.0,0.0
0.9790000319480896,0.9340000152587891,1.0099999904632568,0.9850000143051147,0.9120000004768372,0.7569999694824219,0.6729999780654907,0.5509999990463257,0.3499999940395355,-0.0009999999310821295,-0.2199999988079071,-0.45499998331069946,-0.4449999928474426,-0.5049999952316284,-0.8340000510215759,-0.6060000061988831,-0.421999990940094,-0.10499999672174454,-0.03800000250339508,-0.289000004529953,-0.48500001430511475,-0.4479999840259552,-0.4860000014305115,-0.24800001084804535,-0.4129999876022339,-0.37400001287460327,-0.3659999966621399,-0.41600000858306885,0.26600000262260437,0.12999999523162842,0.0,0.0,0.035999998450279236,0.09300000220537186,0.17800000309944153,0.1810000091791153,0.3659999966621399,0.0,0.0,0.0,0.0,0.0,0.0,0.0,0.0,0.0,0.0,0.0,0.0
0.9160000085830688,0.906000018119812,1.0670000314712524,0.9889999628067017,0.8889999985694885,0.7540000081062317,0.7329999804496765,0.5770000219345093,0.34299999475479126,0.0729999989271164,-0.2070000022649765,-0.41700002551078796,-0.48900002241134644,-0.4749999940395355,-0.7080000042915344,-0.5770000219345093,-0.4129999876022339,-0.32600000500679016,0.05400000140070915,-0.21400001645088196,-0.4710000157356262,-0.5110000371932983,-0.25599998235702515,-0.39399999380111694,-0.3330000042915344,-0.5099999904632568,-0.2759999930858612,-0.3109999895095825,0.2019999921321869,0.20600000023841858,0.1810000091791153,0.09300000220537186,0.0,0.0,0.0,0.0,0.0,0.0,0.0,0.0,0.0,0.0,0.0,0.0,0.0,0.0,0.0,0.0,0.0
0.9359999895095825,0.8840000033378601,1.059000015258789,1.0440000295639038,0.9359999895095825,0.7910000085830688,0.6899999976158142,0.6200000047683716,0.3489999771118164,0.15599998831748962,-0.16100001335144043,-0.3499999940395355,-0.49800002574920654,-0.4190000295639038,-0.5579999685287476,-0.5640000104904175,-0.3579999804496765,-0.3530000150203705,-0.015000000596046448,-0.08500000834465027,-0.35199999809265137,-0.1469999998807907,0.9539999961853027,-0.11400000005960464,-0.21700000762939453,-0.3880000114440918,-0.25999999046325684,-0.1899999976158142,0.2199999988079071,0.25099998712539673,0.20500001311302185,0.1379999965429306,0.0,0.0,0.0,0.0,0.0,0.0,0.0,0.0,0.0,0.0,0.0,0.0,0.0,0.0,0.0,0.0,0.0
1.003000020980835,0.9020000100135803,0.9869999885559082,1.062999963760376,0.9629999995231628,0.7989999651908875,0.6859999895095825,0.64000004529953,0.39800000190734863,0.24000000953674316,-0.09300000220537186,-0.2669999897480011,-0.47200000286102295,-0.3880000114440918,-0.49300000071525574,-0.6119999885559082,-0.37599998712539673,-0.33500000834465027,-0.032999999821186066,0.023000000044703484,-0.15299999713897705,0.39500001072883606,0.8079999685287476,0.13300000131130219,-0.16200000047683716,-0.26899999380111694,-0.3869999945163727,-0.14499999582767487,0.23399999737739563,0.414000004529953,0.3269999921321869,0.24199999868869781,0.0,0.0,0.0,0.0,0.0,0.0,0.0,0.0,0.0,0.0,0.0,0.0,0.0,0.0,0.0,0.0,0.0
1.027999997138977,0.9329999685287476,0.9420000314712524,1.0499999523162842,0.925000011920929,0.7660000324249268,0.6650000214576721,0.6169999837875366,0.41999998688697815,0.28299999237060547,-0.001999999862164259,-0.20899999141693115,-0.46299999952316284,-0.38600000739097595,-0.4860000014305115,-0.5350000262260437,-0.5230000019073486,-0.33799999952316284,-0.07000000029802322,-0.008999999612569809,-0.035999998450279236,-0.20099999010562897,-0.08999999612569809,-0.2590000033378601,-0.18799999356269836,-0.15900000929832458,-0.3610000014305115,-0.12199999392032623,0.11699999868869781,0.3440000116825104,0.35199999809265137,0.29500001668930054,0.0,0.0,0.0,0.0,0.0,0.0,0.0,0.0,0.0,0.0,0.0,0.0,0.0,0.0,0.0,0.0,0.0
0.9900000095367432,0.9170000553131104,0.9440000057220459,0.9799999594688416,0.8289999961853027,0.7129999995231628,0.6809999942779541,0.5999999642372131,0.3709999918937683,0.27300000190734863,0.07799999415874481,-0.1469999998807907,-0.3100000023841858,-0.390999972820282,-0.48799997568130493,-0.546999990940094,-0.6080000400543213,-0.49699997901916504,-0.04100000113248825,-0.0729999989271164,0.09800000488758087,-0.13300000131130219,-0.2720000147819519,-0.15799999237060547,-0.19699999690055847,-0.032999999821186066,-0.31300002336502075,-0.16599999368190765,0.007999999448657036,0.3630000054836273,0.36800000071525574,0.2549999952316284,0.0,0.0,0.0,0.0,0.0,0.0,0.0,0.0,0.0,0.0,0.0,0.0,0.0,0.0,0.0,0.0,0.0
0.9589999914169312,0.8869999647140503,0.9049999713897705,0.8910000324249268,0.7689999938011169,0.7190000414848328,0.6920000314712524,0.5490000247955322,0.3959999978542328,0.2639999985694885,0.12000000476837158,-0.09200000017881393,-0.1860000044107437,-0.3290000259876251,-0.5170000195503235,-0.47699999809265137,-0.44599997997283936,-0.625,-0.13600000739097595,0.09200000017881393,0.2540000081062317,0.04699999839067459,-0.18299999833106995,-0.02199999988079071,-0.07000000029802322,0.04000000283122063,-0.23499998450279236,-0.2199999988079071,-0.017000000923871994,0.48900002241134644,0.593999981880188,0.3530000150203705,0.0,0.0,0.0,0.0,0.0,0.0,0.0,0.0,0.0,0.0,0.0,0.0,0.0,0.0,0.0,0.0,0.0
0.9939999580383301,0.9089999794960022,0.8609999418258667,0.8820000290870667,0.7339999675750732,0.706000030040741,0.6419999599456787,0.5440000295639038,0.4089999794960022,0.23900000751018524,0.12299999594688416,-0.08299999684095383,0.03800000250339508,-0.26100000739097595,-0.4860000014305115,-0.5690000057220459,-0.39399999380111694,-0.6060000061988831,-0.1379999965429306,0.16599999368190765,0.19300000369548798,0.10899999737739563,-0.08299999684095383,0.06700000166893005,-0.0139999995008111,0.030000001192092896,-0.1770000010728836,-0.25200000405311584,-0.10599999874830246,0.14999999105930328,0.390999972820282,0.40199998021125793,0.09700000286102295,0.060999996960163116,0.03500000014901161,0.06000000238418579,0.028999999165534973,0.0,0.0,0.0,0.0,0.0,0.0,0.0,0.0,0.0,0.0,0.0,0.0
0.9650000333786011,0.8730000257492065,0.7980000376701355,0.8709999918937683,0.7179999947547913,0.6889999508857727,0.6190000176429749,0.5400000214576721,0.4479999840259552,0.3050000071525574,0.23000000417232513,0.01599999889731407,-0.017000000923871994,-0.16599999368190765,-0.4350000023841858,-0.5070000290870667,-0.3499999940395355,-0.5040000081062317,-0.10099999606609344,0.17100000381469727,0.23000000417232513,0.14900000393390656,-0.00699999975040555,0.12400000542402267,-0.003999999724328518,-0.003999999724328518,-0.07899999618530273,-0.3100000023841858,-0.2019999921321869,-0.003000000026077032,0.30300000309944153,0.41499999165534973,0.19200000166893005,0.10200000554323196,0.09200000017881393,0.060999996960163116,0.04800000041723251,0.04999999701976776,0.010000000707805157,0.0,0.0,0.0,0.0,0.0,0.0,0.0,0.0,0.0,0.0
0.9220000505447388,0.8349999785423279,0.7949999570846558,0.8550000190734863,0.7329999804496765,0.6920000314712524,0.5860000252723694,0.5360000133514404,0.48000001907348633,0.35899999737739563,0.2590000033378601,0.12000000476837158,-0.03800000250339508,-0.06499999761581421,-0.35600000619888306,-0.4259999990463257,-0.4050000011920929,-0.4440000057220459,-0.2160000056028366,0.054999999701976776,0.24000000953674316,0.27300000190734863,0.044999998062849045,0.12700000405311584,0.035999998450279236,-0.1420000046491623,-0.03700000047683716,-0.22200000286102295,-0.2750000059604645,-0.07199999690055847,0.08500000834465027,0.1899999976158142,0.3669999837875366,0.23900000751018524,0.1940000057220459,0.13099999725818634,0.00699999975040555,0.0949999988079071,0.08000000566244125,0.0,0.0,0.0,0.0,0.0,0.0,0.0,0.0,0.0,0.0
0.8810000419616699,0.8399999737739563,0.8209999799728394,0.8659999966621399,0.7620000243186951,0.6940000057220459,0.5989999771118164,0.5440000295639038,0.4830000102519989,0.375,0.2549999952316284,0.16200000047683716,-0.0559999980032444,0.023000000044703484,-0.06800000369548798,-0.3089999854564667,-0.3449999988079071,-0.3869999945163727,-0.40299999713897705,-0.008999999612569809,0.33799999952316284,0.33799999952316284,0.11300000548362732,0.09399999678134918,0.19600000977516174,0.02199999988079071,-0.07000000029802322,-0.11100000143051147,-0.25999999046325684,-0.39000001549720764,0.03700000047683716,0.2939999997615814,0.6239999532699585,0.48000001907348633,0.2919999957084656,0.20999999344348907,0.11400000005960464,0.05400000140070915,0.35999998450279236,-0.017000000923871994,0.0,0.0,0.0,0.0,0.0,0.0,0.0,0.0,0.0
0.902999997138977,0.8820000290870667,0.8759999871253967,0.8619999885559082,0.7789999842643738,0.684999942779541,0.6029999852180481,0.5590000152587891,0.4710000157356262,0.33899998664855957,0.22699999809265137,0.15599998831748962,0.007999999448657036,0.10599999874830246,0.049000002443790436,-0.19600000977516174,-0.31800001859664917,-0.27300000190734863,-0.3139999806880951,-0.054999999701976776,0.3050000071525574,0.35100001096725464,0.14399999380111694,0.4089999794960022,0.3020000159740448,0.23100000619888306,-0.07899999618530273,-0.20600000023841858,-0.2720000147819519,-0.4010000228881836,0.07199999690055847,0.47600001096725464,0.7829999923706055,0.5389999747276306,0.3479999899864197,0.23499998450279236,0.19600000977516174,0.16699999570846558,0.22500000894069672,0.11500000208616257,0.0,0.0,0.0,0.0,0.0,0.0,0.0,0.0,0.0
0.9369999766349792,0.8330000042915344,0.8519999980926514,0.8640000224113464,0.7789999842643738,0.6389999985694885,0.5530000329017639,0.4909999966621399,0.4390000104904175,0.3009999990463257,0.21799999475479126,0.17800000309944153,0.12700000405311584,0.09600000083446503,0.15900000929832458,0.001999999862164259,-0.203000009059906,-0.1770000010728836,-0.289000004529953,-0.07799999415874481,0.39800000190734863,0.33100003004074097,0.060999996960163116,0.2980000078678131,0.18700000643730164,0.164000004529953,0.25200000405311584,-0.4129999876022339,-0.2529999911785126,-0.22200000286102295,0.29500001668930054,0.8399999737739563,0.9390000104904175,0.6880000233650208,0.41999998688697815,0.35199999809265137,0.2529999911785126,0.203000009059906,0.22500000894069672,0.14300000667572021,0.0,0.0,0.0,0.0,0.0,0.0,0.0,0.0,0.0
0.8990000486373901,0.6230000257492065,0.784000039100647,0.8200000524520874,0.7800000309944153,0.6459999680519104,0.5809999704360962,0.5449999570846558,0.4950000047683716,0.33899998664855957,0.2449999898672104,0.2019999921321869,0.14000000059604645,0.09600000083446503,0.1119999960064888,0.09200000017881393,-0.013000000268220901,0.035999998450279236,-0.20500001311302185,0.08699999749660492,0.320000022649765,0.2750000059604645,0.11800000071525574,-0.06700000166893005,0.18799999356269836,0.3229999840259552,-0.14300000667572021,-0.34299999475479126,-0.2239999920129776,-0.003000000026077032,-0.06000000238418579,0.8450000286102295,1.1410000324249268,0.7080000042915344,0.5550000071525574,0.3569999933242798,0.3400000333786011,0.25,0.20899999141693115,0.15799999237060547,0.0,0.0,0.0,0.0,0.0,0.0,0.0,0.0,0.0
0.9810000061988831,0.7209999561309814,0.7599999904632568,0.9539999961853027,0.9160000085830688,0.715999960899353,0.5929999947547913,0.5379999876022339,0.4690000116825104,0.320000022649765,0.23499998450279236,0.1889999955892563,0.1550000011920929,0.12400000542402267,0.13899999856948853,0.16200000047683716,-0.07199999690055847,0.12999999523162842,0.03400000184774399,0.22699999809265137,0.3100000023841858,0.2019999921321869,0.013000000268220901,0.10400000214576721,0.16599999368190765,0.060999996960163116,-0.14000000059604645,-0.10999999940395355,-0.06399999558925629,-0.27799999713897705,-0.2199999988079071,0.8059999942779541,0.9929999709129333,0.8160000443458557,0.7249999642372131,0.48799997568130493,0.37700000405311584,0.25200000405311584,0.21799999475479126,0.11500000208616257,0.0,0.0,0.0,0.0,0.0,0.0,0.0,0.0,0.0
0.9070000052452087,0.875,0.8450000286102295,1.0520000457763672,0.8600000143051147,0.6729999780654907,0.5889999866485596,0.5530000329017639,0.47600001096725464,0.30300000309944153,0.2370000034570694,0.19200000166893005,0.1720000058412552,0.14300000667572021,0.17599999904632568,0.24399998784065247,0.07000000029802322,-0.023000000044703484,0.16699999570846558,0.2980000078678131,0.3720000088214874,0.2370000034570694,0.14800000190734863,0.18299999833106995,0.0860000029206276,-0.03500000014901161,0.01900000125169754,0.08399999886751175,-0.10499999672174454,-0.27399998903274536,-0.15599998831748962,0.47600001096725464,0.7509999871253967,0.7789999842643738,0.8230000138282776,0.7240000367164612,0.4479999840259552,0.32200002670288086,0.2939999997615814,0.017999999225139618,0.0,0.0,0.0,0.0,0.0,0.0,0.0,0.0,0.0
0.9319999814033508,0.9049999713897705,0.8789999485015869,1.0469999313354492,0.8789999485015869,0.706000030040741,0.6209999918937683,0.5839999914169312,0.4989999830722809,0.34200000762939453,0.2580000162124634,0.20999999344348907,0.19600000977516174,0.17499999701976776,0.19500000774860382,0.2619999945163727,0.041999999433755875,-0.09600000083446503,0.10700000822544098,0.31800001859664917,0.421999990940094,0.32600000500679016,0.34700000286102295,0.19099998474121094,0.006000000052154064,-0.012000000104308128,0.026000000536441803,-0.09800000488758087,-0.17999999225139618,-0.14000000059604645,-0.020000001415610313,0.23499998450279236,0.36899998784065247,0.39399999380111694,0.590999960899353,0.7960000038146973,0.6790000200271606,0.4050000011920929,0.19500000774860382,0.0,0.0,0.0,0.0,0.0,0.0,0.0,0.0,0.0,0.0
0.8959999680519104,0.8959999680519104,0.8789999485015869,0.9909999966621399,0.918999969959259,0.7329999804496765,0.640999972820282,0.5690000057220459,0.4569999873638153,0.3109999895095825,0.2549999952316284,0.22299998998641968,0.2290000021457672,0.21799999475479126,0.2409999966621399,0.32999998331069946,0.052000001072883606,-0.08399999886751175,-0.03700000047683716,0.3050000071525574,0.43400001525878906,0.44200000166893005,0.4359999895095825,0.23399999737739563,0.02499999850988388,0.020999999716877937,-0.027000000700354576,-0.23600000143051147,-0.14499999582767487,0.017000000923871994,0.008999999612569809,0.210999995470047,0.19600000977516174,0.1080000028014183,0.2939999997615814,0.6470000147819519,0.8500000238418579,0.5329999923706055,0.028999999165534973,0.0,0.0,0.0,0.0,0.0,0.0,0.0,0.0,0.0,0.0
0.9350000619888306,0.9290000200271606,0.8840000033378601,0.8179999589920044,0.8090000152587891,0.7429999709129333,0.5889999866485596,0.4919999837875366,0.39399999380111694,0.29100000858306885,0.26499998569488525,0.24700000882148743,0.27799999713897705,0.25999999046325684,0.25599998235702515,0.3400000333786011,0.21299999952316284,-0.010999999940395355,-0.18799999356269836,0.27799999713897705,0.3319999873638153,0.43799999356269836,0.42500001192092896,0.2290000021457672,0.12700000405311584,0.10599999874830246,-0.1080000028014183,-0.3070000112056732,-0.10400000214576721,0.06800000369548798,0.07699999958276749,0.1720000058412552,0.1379999965429306,0.057999998331069946,0.1720000058412552,0.2150000035762787,0.3499999940395355,0.13699999451637268,0.0,0.0,0.0,0.0,0.0,0.0,0.0,0.0,0.0,0.0,0.0
