data/wind10.json
{"header": { "parameterNumberName": "northward_wind", "parameterUnit": "m.s-1", "parameterNumber": 3, "parameterCategory": 2, "nx": 121, "ny": 221, "numberPoints": 26741, "dx": 0.005000000000000071, "dy": 0.005000000000000006, "la1": -31.6, "lo1": 115.3, "la2": -32.7, "lo2": 115.9, "refTime": "2022-11-25 16:00:00" }, "data":
[rows 63 to 83 of 221, columns 49 to 97 of 121]
0.925000011920929,0.875,0.828000009059906,0.7929999828338623,0.7519999742507935,0.7670000195503235,0.7590000629425049,0.7199999690055847,0.75,0.7260000109672546,0.7010000348091125,0.671999990940094,0.6629999876022339,0.6759999990463257,0.675000011920929,0.687000036239624,0.7209999561309814,0.7360000014305115,0.777999997138977,0.8370000123977661,0.8930000066757202,0.8820000290870667,0.8889999985694885,0.9099999666213989,1.069000005722046,1.156999945640564,1.1410000324249268,1.1480000019073486,1.1829999685287476,0.9900000095367432,0.918999969959259,0.9000000357627869,0.8690000176429749,0.6520000100135803,0.5649999976158142,0.45399999618530273,0.37599998712539673,0.3880000114440918,0.40800002217292786,0.18400000035762787,0.3059999942779541,0.3290000259876251,0.0,0.0,0.0,0.0,0.0,0.0,0.0
0.9200000166893005,0.8770000338554382,0.8460000157356262,0.8070000410079956,0.7980000376701355,0.7989999651908875,0.7249999642372131,0.6809999942779541,0.6859999895095825,0.7300000190734863,0.7100000381469727,0.6610000133514404,0.6419999599456787,0.625,0.625,0.6330000162124634,0.671999990940094,0.7230000495910645,0.7490000128746033,0.8070000410079956,0.8690000176429749,0.8899999856948853,0.8630000352859497,0.9210000038146973,1.0750000476837158,1.1720000505447388,1.1440000534057617,1.1420000791549683,1.1829999685287476,0.9929999709129333,0.8919999599456787,0.8219999670982361,0.8399999737739563,0.6449999809265137,0.578000009059906,0.4870000183582306,0.42399999499320984,0.390999972820282,0.38100001215934753,0.26100000739097595,0.49800002574920654,0.28999999165534973,0.0,0.0,0.0,0.0,0.0,0.0,0.0
0.8930000066757202,0.8450000286102295,0.8079999685287476,0.8209999799728394,0.8519999980926514,0.7749999761581421,0.6970000267028809,0.687000036239624,0.6759999990463257,0.6669999361038208,0.6880000233650208,0.6769999861717224,0.6310000419616699,0.5960000157356262,0.5820000171661377,0.5929999947547913,0.640999972820282,0.6979999542236328,0.75,0.7850000262260437,0.8370000123977661,0.8919999599456787,0.8919999599456787,0.9650000333786011,1.0640000104904175,1.1779999732971191,1.1660000085830688,1.1389999389648438,1.1999999284744263,0.972000002861023,0.8560000658035278,0.75,0.8320000171661377,0.6859999895095825,0.5989999771118164,0.5370000004768372,0.5059999823570251,0.46399998664855957,0.4610000252723694,0.35899999737739563,0.32999998331069946,0.10300000011920929,0.0,0.0,0.0,0.0,0.0,0.0,0.0
0.8649999499320984,0.8039999604225159,0.7760000228881836,0.8079999685287476,0.7590000629425049,0.6979999542236328,0.7109999656677246,0.6959999799728394,0.6599999666213989,0.6389999985694885,0.6340000033378601,0.6580000519752502,0.6349999904632568,0.5809999704360962,0.5609999895095825,0.5839999914169312,0.6200000047683716,0.6660000085830688,0.7240000367164612,0.7609999775886536,0.8009999990463257,0.8609999418258667,0.9390000104904175,1.0149999856948853,1.0609999895095825,1.1829999685287476,1.225000023841858,1.1759999990463257,1.058000087738037,0.9110000133514404,0.8230000138282776,0.7760000228881836,0.8789999485015869,0.7680000066757202,0.652999997138977,0.6089999675750732,0.562999963760376,0.5220000147819519,0.33100003004074097,0.2919999957084656,0.4089999794960022,0.1119999960064888,0.0,0.0,0.0,0.0,0.0,0.0,0.0
0.9079999923706055,0.8359999656677246,0.7890000343322754,0.7069999575614929,0.6580000519752502,0.6599999666213989,0.671999990940094,0.6610000133514404,0.6459999680519104,0.6230000257492065,0.6069999933242798,0.5989999771118164,0.6080000400543213,0.5900000333786011,0.574999988079071,0.574999988079071,0.5809999704360962,0.621999979019165,0.6809999942779541,0.7509999871253967,0.7739999890327454,0.843999981880188,0.9329999685287476,1.0440000295639038,1.0789999961853027,1.2049999237060547,1.2760000228881836,1.1800000667572021,1.0369999408721924,0.9139999747276306,0.8059999942779541,0.8169999718666077,0.9099999666213989,0.784000039100647,0.6859999895095825,0.640999972820282,0.5799999833106995,0.5239999890327454,0.3269999921321869,0.2840000092983246,0.30799999833106995,0.12199999392032623,0.0,0.0,0.0,0.0,0.0,0.0,0.0
0.9149999618530273,0.8690000176429749,0.7929999828338623,0.6539999842643738,0.687000036239624,0.6419999599456787,0.6040000319480896,0.6050000190734863,0.6140000224113464,0.6010000109672546,0.5609999895095825,0.5490000247955322,0.5640000104904175,0.5929999947547913,0.6119999885559082,0.5649999976158142,0.5479999780654907,0.5809999704360962,0.6459999680519104,0.7240000367164612,0.7739999890327454,0.8500000238418579,0.9570000171661377,1.0499999523162842,1.034000039100647,1.1979999542236328,1.2790000438690186,1.1469999551773071,1.0019999742507935,0.8990000486373901,0.7580000162124634,0.7620000243186951,0.9120000004768372,0.781000018119812,0.6700000166893005,0.6050000190734863,0.5239999890327454,0.45499998331069946,0.25699999928474426,0.28200000524520874,0.3269999921321869,0.12299999594688416,0.0,0.0,0.0,0.0,0.0,0.0,0.0
0.8669999837875366,0.9139999747276306,0.777999997138977,0.6949999928474426,0.64000004529953,0.5929999947547913,0.5479999780654907,0.5530000329017639,0.5690000057220459,0.5479999780654907,0.5270000100135803,0.5009999871253967,0.5099999904632568,0.5419999957084656,0.5870000123977661,0.5569999814033508,0.5379999876022339,0.5770000219345093,0.6319999694824219,0.7020000219345093,0.781999945640564,0.8700000047683716,0.9459999799728394,1.0239999294281006,1.0740000009536743,1.128999948501587,1.1859999895095825,1.0740000009536743,0.9240000247955322,0.8460000157356262,0.7269999980926514,0.75,0.9340000152587891,0.7089999914169312,0.6040000319480896,0.5160000324249268,0.41700002551078796,0.33799999952316284,0.24800001084804535,0.31800001859664917,0.3009999990463257,0.1459999978542328,0.0,0.0,0.0,0.0,0.0,0.0,0.0
0.8370000123977661,0.8240000009536743,0.7490000128746033,0.6790000200271606,0.6110000014305115,0.5699999928474426,0.5410000085830688,0.4780000150203705,0.4919999837875366,0.4860000014305115,0.47600001096725464,0.4610000252723694,0.44599997997283936,0.47200000286102295,0.5170000195503235,0.5579999685287476,0.5569999814033508,0.5960000157356262,0.6279999613761902,0.6830000281333923,0.7429999709129333,0.8050000071525574,0.8919999599456787,0.9939999580383301,1.0609999895095825,1.0859999656677246,1.1230000257492065,1.003000020980835,0.8330000042915344,0.8109999895095825,0.7910000085830688,0.7300000190734863,0.7020000219345093,0.5530000329017639,0.5170000195503235,0.48900002241134644,0.4490000009536743,0.35500001907348633,0.31599998474121094,0.4039999842643738,0.37400001287460327,0.1600000113248825,0.0,0.0,0.0,0.0,0.0,0.0,0.0
0.8240000009536743,0.8070000410079956,0.7699999809265137,0.6620000600814819,0.6010000109672546,0.5239999890327454,0.45000001788139343,0.39900001883506775,0.4010000228881836,0.42399999499320984,0.4230000078678131,0.4050000011920929,0.3999999761581421,0.40700000524520874,0.4479999840259552,0.5059999823570251,0.5320000052452087,0.5460000038146973,0.5579999685287476,0.597000002861023,0.656000018119812,0.737000048160553,0.8200000524520874,0.9359999895095825,0.9889999628067017,1.0440000295639038,1.0740000009536743,0.9529999494552612,0.8020000457763672,0.8090000152587891,0.8030000329017639,0.6159999966621399,0.5649999976158142,0.5130000114440918,0.48799997568130493,0.4780000150203705,0.42899999022483826,0.3440000116825104,0.31700000166893005,0.3370000123977661,0.7269999980926514,0.2019999921321869,0.0,0.0,0.0,0.0,0.0,0.0,0.0
0.6260000467300415,0.828000009059906,0.9110000133514404,0.6260000467300415,0.5770000219345093,0.4520000219345093,0.36400002241134644,0.34700000286102295,0.31300002336502075,0.31599998474121094,0.3409999907016754,0.3489999771118164,0.3440000116825104,0.3669999837875366,0.39399999380111694,0.4259999990463257,0.45899999141693115,0.4740000069141388,0.4870000183582306,0.5339999794960022,0.5999999642372131,0.6629999876022339,0.7179999947547913,0.8209999799728394,0.8910000324249268,0.9589999914169312,1.0140000581741333,0.8969999551773071,0.7800000309944153,0.7720000147819519,0.8070000410079956,0.5950000286102295,0.4560000002384186,0.4359999895095825,0.42500001192092896,0.39800000190734863,0.3489999771118164,0.30799999833106995,0.3009999990463257,0.12999999523162842,0.08999999612569809,0.0729999989271164,0.0,0.0,0.0,0.0,0.0,0.0,0.0
0.5299999713897705,0.7519999742507935,0.6819999814033508,0.5230000019073486,0.4300000071525574,0.27399998903274536,0.2919999957084656,0.2529999911785126,0.1510000079870224,0.14300000667572021,0.20600000023841858,0.24399998784065247,0.27000001072883606,0.29600000381469727,0.3240000009536743,0.3499999940395355,0.3830000162124634,0.4089999794960022,0.43299999833106995,0.4729999899864197,0.5339999794960022,0.5920000076293945,0.6200000047683716,0.687000036239624,0.781000018119812,0.8619999885559082,0.9210000038146973,0.8109999895095825,0.715999960899353,0.7249999642372131,0.590999960899353,0.6310000419616699,0.19999998807907104,0.3089999854564667,0.3579999804496765,0.3449999988079071,0.3149999976158142,0.2980000078678131,0.2549999952316284,0.04600000008940697,0.038999997079372406,0.06300000101327896,0.0,0.0,0.0,0.0,0.0,0.0,0.0
0.48900002241134644,0.6940000057220459,0.46299999952316284,0.2630000114440918,0.07100000232458115,-0.008999999612569809,0.001999999862164259,-0.057999998331069946,-0.010000000707805157,-0.038999997079372406,0.00699999975040555,0.06599999964237213,0.06399999558925629,0.1420000046491623,0.2150000035762787,0.2549999952316284,0.2770000100135803,0.3149999976158142,0.34700000286102295,0.38600000739097595,0.4350000023841858,0.49800002574920654,0.5290000438690186,0.5419999957084656,0.6100000143051147,0.7170000076293945,0.746999979019165,0.706000030040741,0.6800000667572021,0.6380000114440918,0.5009999871253967,0.4909999966621399,0.2580000162124634,0.29899999499320984,0.3400000333786011,0.32200002670288086,0.2800000011920929,0.25099998712539673,0.1810000091791153,-0.00699999975040555,-0.006000000052154064,0.06200000271201134,0.0,0.0,0.0,0.0,0.0,0.0,0.0
0.44200000166893005,0.3540000021457672,-0.020999999716877937,-0.2280000001192093,-0.2529999911785126,-0.34200000762939453,-0.4129999876022339,-0.3999999761581421,-0.3009999990463257,-0.24300000071525574,-0.27799999713897705,-0.18299999833106995,-0.15799999237060547,-0.13699999451637268,-0.03100000135600567,0.05700000002980232,0.13099999725818634,0.18299999833106995,0.2290000021457672,0.2680000066757202,0.31800001859664917,0.3830000162124634,0.41200000047683716,0.39900001883506775,0.46399998664855957,0.4320000112056732,0.5090000033378601,0.49800002574920654,0.5029999613761902,0.527999997138977,0.4520000219345093,0.4390000104904175,0.20999999344348907,0.2619999945163727,0.3139999806880951,0.26600000262260437,0.2199999988079071,0.2150000035762787,0.13300000131130219,-0.04100000113248825,-0.035999998450279236,0.08799999952316284,0.0,0.0,0.0,0.0,0.0,0.0,0.0
0.041999999433755875,-0.43799999356269836,-0.8250000476837158,-1.0299999713897705,-0.9200000166893005,-0.7800000309944153,-0.8270000219345093,-0.7509999871253967,-0.6499999761581421,-0.5550000071525574,-0.5350000262260437,-0.49400001764297485,-0.3920000195503235,-0.4479999840259552,-0.35600000619888306,-0.23199999332427979,-0.125,-0.02199999988079071,0.05400000140070915,0.0989999994635582,0.15599998831748962,0.21700000762939453,0.23399999737739563,0.20600000023841858,0.18799999356269836,0.013000000268220901,0.2580000162124634,0.296999990940094,0.32099997997283936,0.41099998354911804,0.3779999911785126,0.37300002574920654,0.17499999701976776,0.20800000429153442,0.2580000162124634,0.21799999475479126,0.20099999010562897,0.18700000643730164,0.07600000500679016,-0.11800000071525574,-0.11599999666213989,0.11400000005960464,0.0,0.0,0.0,0.0,0.0,0.0,0.0
0.20999999344348907,-1.7039999961853027,-1.8009998798370361,-1.8700001239776611,-1.6769999265670776,-1.5080000162124634,-1.4129998683929443,-1.2339999675750732,-1.2389999628067017,-1.1629999876022339,-0.8680000305175781,-0.9020000100135803,-0.7549999952316284,-0.7999999523162842,-0.7029999494552612,-0.5550000071525574,-0.4359999895095825,-0.3240000009536743,-0.23199999332427979,-0.17599999904632568,-0.08699999749660492,-0.03400000184774399,-0.026000000536441803,-0.0820000022649765,-0.16100001335144043,-0.08000000566244125,0.14800000190734863,0.15599998831748962,0.1899999976158142,0.33799999952316284,0.31300002336502075,0.23600000143051147,0.10599999874830246,0.16699999570846558,0.22699999809265137,0.17599999904632568,0.13500000536441803,0.11500000208616257,-0.024000000208616257,-0.2199999988079071,-0.20500001311302185,0.1940000057220459,0.0,0.0,0.0,0.0,0.0,0.0,0.0
1.0499999523162842,-1.24399995803833,-2.667999744415283,-2.3370001316070557,-2.059000015258789,-1.8739999532699585,-1.8910000324249268,-1.8860000371932983,-1.7970000505447388,-1.8610000610351562,-1.6649999618530273,-1.4839999675750732,-1.2599999904632568,-1.2359999418258667,-1.1689999103546143,-0.9660000205039978,-0.8020000457763672,-0.7289999723434448,-0.6169999837875366,-0.5740000009536743,-0.46700000762939453,-0.3790000081062317,-0.38499999046325684,-0.3999999761581421,-0.3929999768733978,-0.23199999332427979,0.0279999990016222,0.1379999965429306,0.19699999690055847,0.3020000159740448,0.289000004529953,0.23000000417232513,0.07400000095367432,0.13199999928474426,0.1860000044107437,0.1080000028014183,0.07100000232458115,0.044999998062849045,-0.13300000131130219,-0.3449999988079071,-0.27399998903274536,0.37400001287460327,0.0,0.0,0.0,0.0,0.7170000076293945,0.14399999380111694,0.0
0.9359999895095825,-0.2919999957084656,-1.725000023841858,-2.258999824523926,-2.1740000247955322,-2.133000135421753,-2.1690001487731934,-2.23799991607666,-2.375,-2.3309998512268066,-2.246999979019165,-2.1009998321533203,-1.9059998989105225,-1.812999963760376,-1.628999948501587,-1.4129998683929443,-1.2929999828338623,-1.1480000019073486,-0.9900000095367432,-0.9369999766349792,-0.8079999685287476,-0.7389999628067017,-0.7569999694824219,-0.7739999890327454,-0.715999960899353,-0.3700000047683716,-0.06399999558925629,0.11500000208616257,0.21199999749660492,0.31599998474121094,0.24700000882148743,0.21199999749660492,0.08500000834465027,0.11699999868869781,0.17800000309944153,0.09399999678134918,-0.010000000707805157,-0.06700000166893005,-0.23499998450279236,-0.40199998021125793,-0.31599998474121094,-0.020000001415610313,0.0,0.0,0.0,0.0,0.9670000076293945,-0.23600000143051147,-0.06800000369548798
0.0,0.4569999873638153,-0.003000000026077032,-0.8410000205039978,-1.7589999437332153,-2.0119998455047607,-2.1610000133514404,-2.303999900817871,-2.697999954223633,-2.626999855041504,-2.6740000247955322,-2.671999931335449,-2.5180001258850098,-2.2810001373291016,-2.0440001487731934,-1.8070000410079956,-1.808000087738037,-1.6549999713897705,-1.444000005722046,-1.246000051498413,-1.0450000762939453,-1.0670000314712524,-1.065999984741211,-0.9979999661445618,-0.8889999985694885,-0.4359999895095825,-0.08699999749660492,0.12199999392032623,0.14100000262260437,0.2290000021457672,0.2680000066757202,0.19300000369548798,0.06300000101327896,0.12000000476837158,0.1459999978542328,0.017999999225139618,-0.05400000140070915,-0.10499999672174454,-0.3109999895095825,-0.44200000166893005,-0.3009999990463257,0.049000002443790436,0.0,0.0,0.0,0.0,0.9009999632835388,0.41600000858306885,0.16200000047683716
0.0,0.0,0.0,0.878000020980835,-1.2389999628067017,-1.6549999713897705,-1.9700000286102295,-2.169999837875366,-2.741000175476074,-2.996999979019165,-2.743000030517578,-2.697999954223633,-2.6409997940063477,-2.7209999561309814,-2.365000009536743,-2.1080000400543213,-2.240000009536743,-2.0939998626708984,-1.7239999771118164,-1.4539999961853027,-1.1949999332427979,-1.2319999933242798,-1.3339998722076416,-1.1319999694824219,-1.0509999990463257,-0.6310000419616699,-0.10099999606609344,0.17399999499320984,0.19699999690055847,0.21299999952316284,0.2750000059604645,0.29899999499320984,0.1899999976158142,0.14300000667572021,0.16899999976158142,0.013000000268220901,-0.0949999988079071,-0.1600000113248825,-0.3139999806880951,-0.33399999141693115,-0.27000001072883606,0.15200001001358032,0.0,0.0,0.0,0.0,0.2939999997615814,0.22299998998641968,0.35500001907348633
0.0,0.0,1.4579999446868896,1.0820000171661377,-0.1679999977350235,-1.1269999742507935,-1.7000000476837158,-1.9980000257492065,-2.7970001697540283,-2.746000051498413,-2.743000030517578,-2.703000068664551,-2.802000045776367,-3.0739998817443848,-2.500999927520752,-2.2709999084472656,-2.3440001010894775,-2.2039999961853027,-1.8070000410079956,-1.4810000658035278,-1.2790000438690186,-1.3199999332427979,-1.3539999723434448,-1.2339999675750732,-1.2409999370574951,-0.9040000438690186,-0.2840000092983246,0.13699999451637268,0.1940000057220459,0.23199999332427979,0.29600000381469727,0.2789999842643738,0.19600000977516174,0.1810000091791153,0.16100001335144043,-0.05900000035762787,-0.1459999978542328,-0.20500001311302185,-0.2759999930858612,-0.2540000081062317,-0.24700000882148743,0.11599999666213989,0.0,0.0,0.0,0.0,0.21899999678134918,0.05900000035762787,-0.10999999940395355
0.9149999618530273,0.8959999680519104,1.194000005722046,0.6650000214576721,0.10499999672174454,-0.4950000047683716,-1.3899999856948853,-1.7630000114440918,-2.1480000019073486,-2.48799991607666,-2.618000030517578,-2.6399998664855957,-2.8610000610351562,-3.0199999809265137,-2.5420000553131104,-2.3469998836517334,-2.2699999809265137,-2.0970001220703125,-1.7589999437332153,-1.4489998817443848,-1.3249999284744263,-1.2890000343322754,-1.1319999694824219,-1.0390000343322754,-0.9200000166893005,-0.7730000019073486,-0.41999998688697815,-0.008999999612569809,0.13600000739097595,0.20600000023841858,0.2930000126361847,0.21700000762939453,0.1469999998807907,0.20099999010562897,0.1550000011920929,0.03500000014901161,-0.008999999612569809,-0.20800000429153442,-0.28200000524520874,-0.2669999897480011,-0.25599998235702515,0.1550000011920929,0.0,0.0,0.0,0.0,0.0,0.21799999475479126,0.2290000021457672
