data/wind8.json
{"header": { "parameterNumberName": "eastward_wind", "parameterUnit": "m.s-1", "parameterNumber": 2, "parameterCategory": 2, "nx": 121, "ny": 221, "numberPoints": 26741, "dx": 0.005000000000000071, "dy": 0.005000000000000006, "la1": -31.6, "lo1": 115.3, "la2": -32.7, "lo2": 115.9, "refTime": "2022-11-25 12:00:00" }, "data":
[rows 154 to 175 of 221, columns 50 to 99 of 121]
0.8389999866485596,0.9350000619888306,0.9549999833106995,0.9650000333786011,0.9679999947547913,0.9929999709129333,1.0010000467300415,0.9650000333786011,0.9619999527931213,0.9639999866485596,0.9539999961853027,0.9660000205039978,0.9639999866485596,0.9790000319480896,1.0160000324249268,0.9869999885559082,1.0390000343322754,1.0889999866485596,1.0870000123977661,1.0239999294281006,1.097000002861023,1.0199999809265137,0.8550000190734863,0.8030000329017639,0.8340000510215759,0.9740000367164612,1.0839999914169312,1.0119999647140503,0.9990000128746033,1.0069999694824219,0.9860000014305115,0.902999997138977,0.6599999666213989,0.0,0.0,0.0,0.0,0.0,0.0,0.0,0.0,0.0,0.0,0.0,0.0,0.0,0.0,0.0,0.0,0.0
0.8700000047683716,0.8770000338554382,0.8869999647140503,0.878000020980835,0.8939999938011169,0.918999969959259,0.9290000200271606,0.9149999618530273,0.9040000438690186,0.9369999766349792,0.9319999814033508,0.9340000152587891,0.9470000267028809,0.9350000619888306,1.0440000295639038,1.1069999933242798,1.1119999885559082,1.149999976158142,1.2009999752044678,1.1610000133514404,1.0320000648498535,0.9780000448226929,0.8739999532699585,0.7850000262260437,0.8100000023841858,0.796999990940094,1.0019999742507935,1.0520000457763672,1.0679999589920044,1.1039999723434448,1.090999960899353,0.9420000314712524,0.7300000190734863,0.5789999961853027,0.0,0.0,0.0,0.0,0.0,0.0,0.0,0.0,0.0,0.0,0.0,0.0,0.0,0.0,0.0,0.0
1.0520000457763672,0.8529999852180481,0.8420000076293945,0.8450000286102295,0.8579999804496765,0.8529999852180481,0.8569999933242798,0.8649999499320984,0.8950000405311584,0.9409999847412109,0.9769999980926514,0.996999979019165,1.0109999179840088,0.9979999661445618,0.9869999885559082,0.9740000367164612,0.9850000143051147,1.058000087738037,1.1619999408721924,1.1469999551773071,1.0679999589920044,1.0010000467300415,0.8990000486373901,0.8429999351501465,0.8510000109672546,0.8429999351501465,0.8370000123977661,0.7240000367164612,0.9600000381469727,1.0989999771118164,1.0709999799728394,0.9309999942779541,0.753000020980835,0.7310000061988831,0.6669999361038208,0.0,0.0,0.0,0.0,0.0,0.0,0.0,0.0,0.0,0.0,0.0,0.0,0.0,0.0,0.0
0.906000018119812,0.8320000171661377,0.828000009059906,0.8200000524520874,0.7989999651908875,0.7910000085830688,0.8359999656677246,0.9130000472068787,0.9309999942779541,0.9509999752044678,0.9639999866485596,0.9759999513626099,0.9790000319480896,0.9579999446868896,0.9610000252723694,0.9660000205039978,0.9790000319480896,0.9790000319480896,1.1050000190734863,1.1670000553131104,1.1299999952316284,1.0149999856948853,0.9329999685287476,0.8930000066757202,0.8759999871253967,0.8519999980926514,0.8649999499320984,0.918999969959259,1.0019999742507935,1.0670000314712524,1.031000018119812,0.9740000367164612,0.9149999618530273,0.9269999861717224,0.781000018119812,0.5710000395774841,0.0,0.0,0.0,0.0,0.0,0.0,0.0,0.0,0.0,0.0,0.0,0.0,0.0,0.0
0.7900000214576721,0.784000039100647,0.7749999761581421,0.7639999389648438,0.7739999890327454,0.7960000038146973,0.8100000023841858,0.8399999737739563,0.8889999985694885,0.9259999990463257,0.9509999752044678,0.9639999866485596,0.9650000333786011,0.9529999494552612,0.968999981880188,0.9790000319480896,0.9810000061988831,0.9679999947547913,1.062999963760376,1.128000020980835,1.1469999551773071,1.0729999542236328,0.9790000319480896,0.9380000233650208,0.9480000138282776,0.9670000076293945,0.9850000143051147,1.0230000019073486,1.0950000286102295,1.0709999799728394,1.0479999780654907,1.0410000085830688,1.0959999561309814,1.0119999647140503,0.9040000438690186,0.6620000600814819,0.4569999873638153,0.0,0.0,0.0,0.0,0.0,0.0,0.0,0.0,0.0,0.0,0.0,0.0,0.0
0.7069999575614929,0.715999960899353,0.706000030040741,0.75,0.7890000343322754,0.7639999389648438,0.7190000414848328,0.7590000629425049,0.8059999942779541,0.8829999566078186,0.9380000233650208,0.9480000138282776,0.9509999752044678,0.9610000252723694,1.003999948501587,1.0329999923706055,1.0290000438690186,1.0189999341964722,1.100000023841858,1.1510000228881836,1.1460000276565552,1.1299999952316284,1.0820000171661377,1.0369999408721924,1.0549999475479126,1.0729999542236328,1.0809999704360962,1.1060000658035278,1.100000023841858,1.0750000476837158,1.055999994277954,1.0740000009536743,1.0809999704360962,1.024999976158142,0.968999981880188,0.8240000009536743,0.5460000038146973,0.42100000381469727,0.0,0.0,0.0,0.0,0.0,0.0,0.0,0.0,0.0,0.0,0.0,0.0
0.6369999647140503,0.6610000133514404,0.6809999942779541,0.7120000123977661,0.7310000061988831,0.7400000095367432,0.7100000381469727,0.684999942779541,0.7559999823570251,0.8340000510215759,0.9130000472068787,0.9709999561309814,0.9679999947547913,0.9950000047683716,1.0360000133514404,1.065999984741211,1.0450000762939453,1.1029999256134033,1.156999945640564,1.2059999704360962,1.2020000219345093,1.1759999990463257,1.1460000276565552,1.1209999322891235,1.1269999742507935,1.1399999856948853,1.1640000343322754,1.2049999237060547,1.1670000553131104,1.0720000267028809,1.0540000200271606,1.0779999494552612,1.0700000524520874,1.0149999856948853,0.9619999527931213,0.9220000505447388,0.7129999995231628,0.4989999830722809,0.48000001907348633,0.0,0.0,0.0,0.0,0.0,0.0,0.0,0.0,0.0,0.0,0.0
0.5799999833106995,0.621999979019165,0.6510000228881836,0.656000018119812,0.6650000214576721,0.6899999976158142,0.7179999947547913,0.7249999642372131,0.7429999709129333,0.8259999752044678,0.9359999895095825,1.0,1.0260000228881836,1.059999942779541,1.0740000009536743,1.055999994277954,0.9740000367164612,1.0210000276565552,1.1159999370574951,1.2109999656677246,1.218999981880188,1.1949999332427979,1.156000018119812,1.125999927520752,1.128999948501587,1.1670000553131104,1.2359999418258667,1.24399995803833,1.2100000381469727,1.0880000591278076,1.0529999732971191,1.0469999313354492,1.0479999780654907,0.9939999580383301,0.8869999647140503,0.871999979019165,0.8889999985694885,0.6520000100135803,0.5199999809265137,0.0,0.0,0.0,0.0,0.0,0.0,0.0,0.0,0.0,0.0,0.0
0.6040000319480896,0.5230000019073486,0.5659999847412109,0.6190000176429749,0.6369999647140503,0.6700000166893005,0.7069999575614929,0.7710000276565552,0.7980000376701355,0.7960000038146973,0.8959999680519104,0.9979999661445618,1.1130000352859497,1.125,1.1269999742507935,1.0880000591278076,1.0800000429153442,1.100000023841858,1.128999948501587,1.190999984741211,1.246000051498413,1.1829999685287476,1.093999981880188,1.0709999799728394,1.0950000286102295,1.159000039100647,1.28000009059906,1.2899999618530273,1.2319999933242798,1.1360000371932983,1.0320000648498535,1.0180000066757202,0.9979999661445618,0.9670000076293945,0.8550000190734863,0.7900000214576721,0.8680000305175781,0.8009999990463257,0.4710000157356262,0.5889999866485596,0.0,0.0,0.0,0.0,0.0,0.0,0.0,0.0,0.0,0.0
0.6080000400543213,0.5350000262260437,0.4830000102519989,0.5509999990463257,0.6319999694824219,0.675000011920929,0.7329999804496765,0.7949999570846558,0.8219999670982361,0.8140000104904175,0.8179999589920044,0.9300000071525574,1.1039999723434448,1.2630000114440918,1.1410000324249268,1.0709999799728394,1.1060000658035278,1.1670000553131104,1.2280000448226929,1.2929999828338623,1.287000060081482,1.2120000123977661,1.0700000524520874,1.0099999904632568,1.0679999589920044,1.1519999504089355,1.2809998989105225,1.287000060081482,1.25,1.1649999618530273,1.0329999923706055,0.9860000014305115,0.9900000095367432,0.9200000166893005,0.8270000219345093,0.7069999575614929,0.8259999752044678,0.8410000205039978,0.5209999680519104,0.590999960899353,0.0,0.0,0.0,0.0,0.0,0.0,0.0,0.0,0.0,0.0
0.5449999570846558,0.593999981880188,0.5400000214576721,0.5139999985694885,0.6069999933242798,0.7050000429153442,0.7569999694824219,0.796999990940094,0.828000009059906,0.8190000057220459,0.781999945640564,0.8299999833106995,0.9480000138282776,1.0180000066757202,1.0360000133514404,0.9939999580383301,1.062999963760376,1.159000039100647,1.2549998760223389,1.3670001029968262,1.3639999628067017,1.2599999904632568,1.1150000095367432,1.121999979019165,1.1089999675750732,1.1660000085830688,1.2419999837875366,1.252000093460083,1.2160000801086426,1.1490000486373901,1.0069999694824219,0.8389999866485596,0.8050000071525574,0.7630000114440918,0.7170000076293945,0.6499999761581421,0.7720000147819519,0.9110000133514404,0.6660000085830688,0.593999981880188,0.0,0.0,0.0,0.0,0.0,0.0,0.0,0.0,0.0,0.0
0.4440000057220459,0.5220000147819519,0.5929999947547913,0.5870000123977661,0.6010000109672546,0.7069999575614929,0.7590000629425049,0.7879999876022339,0.8039999604225159,0.8109999895095825,0.8030000329017639,0.8410000205039978,0.8980000019073486,0.9830000400543213,0.9740000367164612,0.9729999899864197,1.0220000743865967,1.0709999799728394,1.2369999885559082,1.3730000257492065,1.4259999990463257,1.3070000410079956,1.2359999418258667,1.1970000267028809,1.1430000066757202,1.0880000591278076,1.1399999856948853,1.1619999408721924,1.125999927520752,1.031000018119812,0.8939999938011169,0.75,0.7120000123977661,0.6769999861717224,0.6520000100135803,0.6029999852180481,0.706000030040741,0.918999969959259,0.737000048160553,0.5960000157356262,0.0,0.0,0.0,0.0,0.0,0.0,0.0,0.0,0.0,0.0
0.3540000021457672,0.42500001192092896,0.5579999685287476,0.6639999747276306,0.6470000147819519,0.6660000085830688,0.7419999837875366,0.7789999842643738,0.781999945640564,0.784000039100647,0.8840000033378601,0.9939999580383301,0.9579999446868896,0.9160000085830688,0.9079999923706055,0.9449999928474426,1.0549999475479126,1.1169999837875366,1.2120000123977661,1.2989999055862427,1.334999918937683,1.2730000019073486,1.2030000686645508,1.0469999313354492,1.0440000295639038,0.996999979019165,1.0180000066757202,1.0390000343322754,0.9889999628067017,0.9110000133514404,0.8259999752044678,0.6959999799728394,0.652999997138977,0.6290000081062317,0.6119999885559082,0.5730000138282776,0.6499999761581421,0.9000000357627869,0.8020000457763672,0.5889999866485596,0.0,0.0,0.0,0.0,0.0,0.0,0.0,0.0,0.0,0.0
0.25999999046325684,0.3489999771118164,0.4919999837875366,0.6570000052452087,0.7020000219345093,0.6290000081062317,0.6899999976158142,0.7590000629425049,0.7519999742507935,0.812000036239624,0.9380000233650208,1.0149999856948853,0.9089999794960022,0.7989999651908875,0.7379999756813049,0.7980000376701355,0.847000002861023,1.1269999742507935,1.2649999856948853,1.3279999494552612,1.0729999542236328,1.003000020980835,0.9309999942779541,0.9759999513626099,0.9329999685287476,0.8950000405311584,0.8919999599456787,0.9300000071525574,0.906000018119812,0.8410000205039978,0.7549999952316284,0.652999997138977,0.6200000047683716,0.5979999899864197,0.5870000123977661,0.550000011920929,0.6129999756813049,0.8659999966621399,0.7960000038146973,0.574999988079071,0.0,0.0,0.0,0.0,0.0,0.0,0.0,0.0,0.0,0.0
0.2759999930858612,0.2549999952316284,0.3920000195503235,0.5410000085830688,0.7100000381469727,0.6830000281333923,0.625,0.6700000166893005,0.7429999709129333,0.8340000510215759,0.9049999713897705,0.9900000095367432,0.7599999904632568,0.6809999942779541,0.7319999933242798,0.8939999938011169,1.0410000085830688,1.2339999675750732,1.312999963760376,1.2899999618530273,1.0499999523162842,0.9369999766349792,0.8579999804496765,0.9660000205039978,0.9409999847412109,0.8829999566078186,0.8359999656677246,0.8630000352859497,0.8479999899864197,0.7870000004768372,0.7080000042915344,0.6430000066757202,0.6100000143051147,0.5870000123977661,0.5699999928474426,0.5490000247955322,0.6119999885559082,0.8479999899864197,0.7789999842643738,0.5509999990463257,0.0,0.0,0.0,0.0,0.0,0.0,0.0,0.0,0.0,0.0
0.3669999837875366,0.390999972820282,0.3579999804496765,0.3290000259876251,0.3610000014305115,0.7280000448226929,0.6629999876022339,0.5999999642372131,0.6940000057220459,0.7639999389648438,0.8309999704360962,0.8700000047683716,0.5649999976158142,0.328000009059906,0.8539999723434448,1.062000036239624,1.1480000019073486,1.2070000171661377,1.2660000324249268,1.2419999837875366,1.0460000038146973,0.6700000166893005,0.5339999794960022,0.7269999980926514,0.7859999537467957,0.746999979019165,0.7170000076293945,0.8200000524520874,0.8259999752044678,0.7689999938011169,0.7120000123977661,0.6499999761581421,0.6140000224113464,0.5860000252723694,0.5600000023841858,0.5400000214576721,0.6089999675750732,0.8340000510215759,0.7260000109672546,0.47200000286102295,0.0,0.0,0.0,0.0,0.0,0.0,0.0,0.0,0.0,0.0
0.4740000069141388,0.5070000290870667,0.43699997663497925,0.39000001549720764,0.2459999918937683,0.42100000381469727,0.6710000038146973,0.6539999842643738,0.6779999732971191,0.7089999914169312,0.722000002861023,0.7069999575614929,0.715999960899353,0.0,0.9459999799728394,1.1370000839233398,1.2100000381469727,1.2230000495910645,1.2230000495910645,1.187999963760376,1.034999966621399,0.7630000114440918,0.5519999861717224,0.5820000171661377,0.6330000162124634,0.5699999928474426,0.5249999761581421,0.7590000629425049,0.7699999809265137,0.7389999628067017,0.7179999947547913,0.6759999990463257,0.6369999647140503,0.597000002861023,0.5579999685287476,0.5270000100135803,0.6119999885559082,0.8240000009536743,0.6629999876022339,0.3790000081062317,0.0,0.0,0.0,0.0,0.0,0.0,0.0,0.0,0.0,0.0
0.5960000157356262,0.6100000143051147,0.578000009059906,0.597000002861023,0.6419999599456787,0.5149999856948853,0.6880000233650208,0.6970000267028809,0.6830000281333923,0.7039999961853027,0.6840000152587891,0.6449999809265137,0.24000000953674316,0.0,0.8959999680519104,1.1469999551773071,1.2100000381469727,1.2070000171661377,1.1770000457763672,1.093000054359436,0.9709999561309814,0.7089999914169312,0.6499999761581421,0.6990000009536743,0.6679999828338623,0.5379999876022339,0.625,0.6809999942779541,0.6979999542236328,0.7039999961853027,0.6909999847412109,0.6729999780654907,0.6430000066757202,0.6050000190734863,0.5730000138282776,0.5370000004768372,0.6190000176429749,0.812000036239624,0.6050000190734863,0.31800001859664917,0.0,0.0,0.0,0.0,0.0,0.0,0.0,0.0,0.0,0.0
0.8910000324249268,0.9309999942779541,0.9420000314712524,0.9810000061988831,0.9300000071525574,0.8370000123977661,0.8230000138282776,0.8510000109672546,0.7900000214576721,0.8230000138282776,0.7800000309944153,0.6490000486373901,0.0,0.0,0.8429999351501465,1.093999981880188,1.187000036239624,1.13100004196167,1.0670000314712524,0.9799999594688416,0.859000027179718,0.6549999713897705,0.6060000061988831,0.6169999837875366,0.6610000133514404,0.6169999837875366,0.562999963760376,0.593999981880188,0.6510000228881836,0.6830000281333923,0.675000011920929,0.6589999794960022,0.6290000081062317,0.574999988079071,0.5360000133514404,0.531000018119812,0.64000004529953,0.8050000071525574,0.5389999747276306,0.31800001859664917,0.0,0.0,0.0,0.0,0.0,0.0,0.0,0.0,0.0,0.0
1.0160000324249268,0.9880000352859497,0.9490000009536743,0.9179999828338623,0.847000002861023,0.7020000219345093,0.656000018119812,0.8370000123977661,0.9459999799728394,0.918999969959259,0.8500000238418579,0.6570000052452087,0.0,0.0,0.687000036239624,0.9000000357627869,1.0469999313354492,1.0609999895095825,0.9740000367164612,0.8860000371932983,0.7670000195503235,0.5809999704360962,0.5559999942779541,0.5839999914169312,0.6150000095367432,0.6299999952316284,0.5530000329017639,0.49800002574920654,0.5789999961853027,0.652999997138977,0.6650000214576721,0.6449999809265137,0.6100000143051147,0.5540000200271606,0.5290000438690186,0.5220000147819519,0.6510000228881836,0.7599999904632568,0.5160000324249268,0.31199997663497925,0.0,0.0,0.0,0.0,0.0,0.0,0.0,0.0,0.0,0.0
0.9920000433921814,0.9520000219345093,0.9130000472068787,0.8880000114440918,0.8349999785423279,0.671999990940094,0.6060000061988831,0.6549999713897705,0.7919999957084656,0.8969999551773071,0.8410000205039978,0.6660000085830688,0.0,0.0,0.7199999690055847,0.7129999995231628,0.8009999990463257,0.9380000233650208,0.8709999918937683,0.7569999694824219,0.6570000052452087,0.5029999613761902,0.5199999809265137,0.562999963760376,0.6010000109672546,0.5809999704360962,0.4950000047683716,0.48500001430511475,0.5160000324249268,0.5710000395774841,0.621999979019165,0.6129999756813049,0.5809999704360962,0.527999997138977,0.5170000195503235,0.5199999809265137,0.6679999828338623,0.7139999866485596,0.4919999837875366,0.3059999942779541,0.0,0.0,0.0,0.0,0.0,0.0,0.0,0.0,0.0,0.0
1.0360000133514404,0.9759999513626099,0.9369999766349792,0.9020000100135803,0.746999979019165,0.6690000295639038,0.7319999933242798,0.7460000514984131,0.7339999675750732,0.7559999823570251,0.7649999856948853,0.6080000400543213,0.0,0.6650000214576721,0.7010000348091125,0.7139999866485596,0.6650000214576721,0.6650000214576721,0.6650000214576721,0.5600000023841858,0.4819999933242798,0.46000000834465027,0.4650000035762787,0.5649999976158142,0.5879999995231628,0.5699999928474426,0.5249999761581421,0.48399999737739563,0.4699999690055847,0.5,0.5290000438690186,0.5199999809265137,0.5290000438690186,0.4870000183582306,0.5130000114440918,0.5649999976158142,0.6930000185966492,0.6620000600814819,0.4749999940395355,0.3009999990463257,0.0,0.0,0.0,0.0,0.0,0.0,0.0,0.0,0.0,0.0
