data/wind12.json
{"header": { "parameterNumberName": "northward_wind", "parameterUnit": "m.s-1", "parameterNumber": 3, "parameterCategory": 2, "nx": 121, "ny": 221, "numberPoints": 26741, "dx": 0.005000000000000071, "dy": 0.005000000000000006, "la1": -31.6, "lo1": 115.3, "la2": -32.7, "lo2": 115.9, "refTime": "2022-11-25 20:00:00" }, "data":
[rows 88 to 109 of 221, columns 49 to 97 of 121]
1.4470000267028809,1.3050000667572021,1.2620000839233398,1.812999963760376,1.6670000553131104,1.190000057220459,0.9229999780654907,0.4490000009536743,0.06700000166893005,-0.2290000021457672,-0.29600000381469727,-0.375,-0.4359999895095825,-0.6679999828338623,-0.7649999856948853,-0.5590000152587891,-0.335999995470047,-0.17599999904632568,-0.27399998903274536,-0.3499999940395355,-0.11500000208616257,0.19999998807907104,0.3880000114440918,0.43299999833106995,0.4710000157356262,0.6200000047683716,0.7419999837875366,0.6979999542236328,0.6899999976158142,0.6769999861717224,0.4580000042915344,0.6470000147819519,0.7739999890327454,0.5690000057220459,0.5989999771118164,0.25599998235702515,0.4320000112056732,0.27799999713897705,0.10200000554323196,0.7999999523162842,0.0,0.0,0.6270000338554382,-0.020999999716877937,0.0,0.0,0.0,0.0,0.0
1.3550000190734863,1.3079999685287476,1.2309999465942383,1.6949999332427979,1.8519999980926514,1.2280000448226929,1.100000023841858,0.9629999995231628,0.30400002002716064,-0.04399999976158142,-0.14000000059604645,-0.3630000054836273,-0.3569999933242798,-0.5329999923706055,-0.6650000214576721,-0.5070000290870667,-0.20600000023841858,-0.13500000536441803,-0.2370000034570694,-0.29100000858306885,-0.06800000369548798,0.2529999911785126,0.3720000088214874,0.3669999837875366,0.3790000081062317,0.5550000071525574,0.6800000667572021,0.706000030040741,0.5410000085830688,0.5699999928474426,0.5149999856948853,0.7240000367164612,0.5239999890327454,0.6380000114440918,0.4390000104904175,0.21400001645088196,0.2980000078678131,0.36800000071525574,0.3790000081062317,0.0,1.309000015258789,1.0549999475479126,0.0,0.0,0.0,0.0,0.0,0.0,0.0
1.3869999647140503,1.309000015258789,1.2809998989105225,1.412000060081482,1.7839999198913574,1.6610000133514404,1.3550000190734863,0.6480000019073486,0.3460000157356262,0.2590000033378601,0.13199999928474426,-0.14000000059604645,-0.31800001859664917,-0.3869999945163727,-0.4390000104904175,-0.2680000066757202,-0.08000000566244125,-0.13899999856948853,-0.3149999976158142,-0.25599998235702515,-0.027000000700354576,0.1899999976158142,0.21799999475479126,0.19500000774860382,0.25099998712539673,0.4569999873638153,0.4989999830722809,0.6859999895095825,0.4309999942779541,0.4449999928474426,0.41600000858306885,0.6629999876022339,0.4659999907016754,0.5019999742507935,0.21199999749660492,0.23600000143051147,0.25099998712539673,0.19200000166893005,0.0,0.0,0.0,0.0,0.0,0.0,0.0,0.0,0.0,0.0,0.0
1.4480000734329224,1.4399999380111694,1.4480000734329224,1.4530000686645508,1.8000000715255737,2.0219998359680176,1.4749999046325684,0.23800000548362732,0.26899999380111694,0.6349999904632568,0.6539999842643738,0.0860000029206276,-0.22500000894069672,-0.22699999809265137,-0.18200001120567322,-0.020999999716877937,-0.09700000286102295,-0.21400001645088196,-0.375,-0.3370000123977661,-0.1459999978542328,-0.020999999716877937,0.012000000104308128,-0.012000000104308128,0.10099999606609344,0.34299999475479126,0.37400001287460327,0.5659999847412109,0.3889999985694885,0.35100001096725464,0.3409999907016754,0.5090000033378601,0.41499999165534973,0.5170000195503235,0.18400000035762787,0.23000000417232513,0.09300000220537186,0.16599999368190765,1.024999976158142,0.0,0.0,0.0,0.0,0.0,0.0,0.0,0.0,0.0,0.0
1.4279999732971191,1.6390000581741333,1.7100000381469727,1.753000020980835,1.899999976158142,1.959999918937683,1.75,0.4350000023841858,0.3109999895095825,0.5070000290870667,0.9070000052452087,0.5419999957084656,0.23900000751018524,0.09200000017881393,0.08000000566244125,0.041999999433755875,-0.15399999916553497,-0.36899998784065247,-0.4399999976158142,-0.4350000023841858,-0.3269999921321869,-0.3009999990463257,-0.23499998450279236,-0.24700000882148743,-0.08500000834465027,0.16599999368190765,0.1600000113248825,0.328000009059906,0.3540000021457672,0.2590000033378601,0.3050000071525574,0.5419999957084656,0.31300002336502075,0.3460000157356262,0.28600001335144043,0.19099998474121094,0.15200001001358032,0.25599998235702515,0.5640000104904175,0.0,0.2930000126361847,0.0,0.0,0.0,0.0,0.0,0.0,0.0,0.0
1.474000096321106,1.878000020980835,1.8289999961853027,1.975000023841858,1.944000005722046,1.5989999771118164,1.1150000095367432,0.3620000183582306,0.35500001907348633,0.46799999475479126,0.9240000247955322,1.2809998989105225,0.7230000495910645,0.5579999685287476,0.35100001096725464,0.041999999433755875,-0.1889999955892563,-0.37300002574920654,-0.4860000014305115,-0.49699997901916504,-0.5429999828338623,-0.5410000085830688,-0.4320000112056732,-0.4740000069141388,-0.35199999809265137,-0.03800000250339508,-0.07699999958276749,0.07000000029802322,0.31599998474121094,0.1600000113248825,0.3070000112056732,0.29500001668930054,0.3319999873638153,0.09800000488758087,0.296999990940094,0.1770000010728836,0.1340000033378601,0.1850000023841858,0.5699999928474426,0.5440000295639038,0.0,0.0,0.0,0.0,0.0,0.0,0.0,0.0,0.0
1.6769999265670776,2.069999933242798,1.9630000591278076,1.777999997138977,1.7309999465942383,1.2100000381469727,0.5950000286102295,0.4699999690055847,0.5360000133514404,0.7689999938011169,1.1139999628067017,1.2620000839233398,0.8450000286102295,0.7310000061988831,0.5119999647140503,0.07100000232458115,-0.18200001120567322,-0.3139999806880951,-0.3709999918937683,-0.4560000002384186,-0.6129999756813049,-0.6290000081062317,-0.5299999713897705,-0.6769999861717224,-0.5329999923706055,-0.20099999010562897,-0.08900000154972076,0.001999999862164259,0.09999999403953552,0.04600000008940697,0.05700000002980232,0.028999999165534973,0.13300000131130219,-0.11500000208616257,0.12299999594688416,0.16100001335144043,0.20400001108646393,0.2619999945163727,0.40800002217292786,0.38600000739097595,0.16699999570846558,0.0,0.0,0.0,0.0,0.0,0.0,0.0,0.0
1.6299999952316284,1.8600000143051147,1.6979999542236328,1.3480000495910645,1.149999976158142,1.0180000066757202,0.9309999942779541,0.8100000023841858,0.7329999804496765,0.9950000047683716,1.3940000534057617,1.159999966621399,0.9009999632835388,0.6459999680519104,0.4129999876022339,0.23800000548362732,-0.015000000596046448,-0.19300000369548798,-0.25999999046325684,-0.4129999876022339,-0.5519999861717224,-0.5609999895095825,-0.5509999990463257,-0.6669999361038208,-0.4699999690055847,-0.31300002336502075,0.06800000369548798,0.04000000283122063,0.20099999010562897,-0.17100000381469727,-0.06700000166893005,-0.09100000560283661,-0.19699999690055847,-0.3999999761581421,0.003000000026077032,0.11300000548362732,0.24900001287460327,0.37400001287460327,0.1979999989271164,0.14800000190734863,0.20099999010562897,0.5929999947547913,0.0,0.0,0.0,0.0,0.0,0.0,0.0
1.6779999732971191,1.8170000314712524,1.496000051498413,1.2160000801086426,1.190000057220459,1.2089999914169312,1.2590000629425049,1.069000005722046,1.0369999408721924,1.1779999732971191,1.0419999361038208,1.0010000467300415,0.8640000224113464,0.7020000219345093,0.5640000104904175,0.36500000953674316,0.125,-0.02499999850988388,-0.4729999899864197,-0.5260000228881836,-0.4729999899864197,-0.4410000145435333,-0.43299999833106995,-0.4620000123977661,-0.3229999840259552,-0.30300000309944153,-0.08699999749660492,0.296999990940094,-0.0279999990016222,-0.23800000548362732,-0.17499999701976776,-0.08999999612569809,-0.3720000088214874,-0.6060000061988831,-0.14399999380111694,0.1290000081062317,0.2199999988079071,0.19699999690055847,0.12799999117851257,0.1850000023841858,0.16499999165534973,0.4050000011920929,0.0,0.0,0.0,0.0,0.0,0.0,0.0
1.7200000286102295,1.50600004196167,1.3249999284744263,1.4139999151229858,1.4259999990463257,1.4869999885559082,1.6299999952316284,1.50600004196167,1.1370000839233398,0.812999963760376,0.7280000448226929,0.7559999823570251,0.8539999723434448,0.8649999499320984,0.8420000076293945,0.6230000257492065,0.001999999862164259,-0.22699999809265137,-0.5260000228881836,-0.7230000495910645,-0.49400001764297485,-0.32099997997283936,-0.4300000071525574,-0.3579999804496765,-0.2750000059604645,-0.33799999952316284,-0.10899999737739563,0.08699999749660492,-0.12600000202655792,-0.19600000977516174,-0.2199999988079071,-0.28700000047683716,-0.33799999952316284,-0.48399999737739563,-0.40199998021125793,0.03700000047683716,0.17599999904632568,0.1770000010728836,0.25999999046325684,0.16599999368190765,-0.013000000268220901,-0.09700000286102295,0.0,0.0,0.0,0.0,0.0,0.0,0.0
1.2540000677108765,1.1920000314712524,1.4579999446868896,1.6069998741149902,1.6480000019073486,1.6359999179840088,1.8440001010894775,1.4139999151229858,0.8889999985694885,0.5600000023841858,0.5080000162124634,0.6279999613761902,0.8289999961853027,0.9869999885559082,1.0460000038146973,0.6430000066757202,0.09800000488758087,-0.41499999165534973,-0.4780000150203705,-0.7209999561309814,-0.45399999618530273,-0.29600000381469727,-0.36400002241134644,-0.3269999921321869,-0.23800000548362732,-0.27000001072883606,-0.2680000066757202,-0.09100000560283661,-0.06200000271201134,-0.2540000081062317,-0.0430000014603138,-0.28999999165534973,-0.33899998664855957,-0.5019999742507935,-0.41499999165534973,-0.07699999958276749,0.21299999952316284,0.19099998474121094,0.24300000071525574,0.1459999978542328,0.03800000250339508,-0.2019999921321869,0.1810000091791153,0.0,0.0,0.0,0.0,0.0,0.0
1.2070000171661377,1.222000002861023,1.3209999799728394,1.439000129699707,1.5099999904632568,1.6079999208450317,1.746000051498413,1.2380000352859497,0.7050000429153442,0.4050000011920929,0.3790000081062317,0.6889999508857727,0.902999997138977,0.9810000061988831,0.9009999632835388,0.48399999737739563,0.04999999701976776,-0.3089999854564667,-0.5979999899864197,-0.6119999885559082,-0.49800002574920654,-0.375,-0.3409999907016754,-0.38499999046325684,-0.2549999952316284,-0.16499999165534973,-0.17899999022483826,-0.11500000208616257,-0.0860000029206276,-0.3830000162124634,-0.035999998450279236,-0.19600000977516174,-0.3929999768733978,-0.4520000219345093,-0.40299999713897705,-0.12600000202655792,0.1550000011920929,0.19500000774860382,0.17999999225139618,0.13099999725818634,-0.0689999982714653,-0.09399999678134918,-0.008999999612569809,0.0,0.0,0.0,0.0,0.0,0.0
1.1119999885559082,1.059999942779541,1.1139999628067017,1.3339998722076416,1.4110000133514404,1.5859999656677246,1.3450000286102295,1.1169999837875366,0.753000020980835,0.39000001549720764,0.6119999885559082,0.7139999866485596,0.8359999656677246,0.7460000514984131,0.6710000038146973,0.5189999938011169,0.17399999499320984,-0.1379999965429306,-0.4729999899864197,-0.652999997138977,-0.6840000152587891,-0.5239999890327454,-0.3889999985694885,-0.4010000228881836,-0.29899999499320984,-0.09999999403953552,-0.05900000035762787,-0.07199999690055847,-0.1080000028014183,-0.41200000047683716,-0.06200000271201134,-0.01900000125169754,-0.3579999804496765,-0.44699999690055847,-0.29100000858306885,-0.05299999937415123,0.14000000059604645,0.21199999749660492,0.19699999690055847,0.007999999448657036,-0.1080000028014183,-0.06200000271201134,-0.18200001120567322,0.07899999618530273,0.0,0.0,0.0,0.0,0.0
0.9340000152587891,0.8510000109672546,0.9909999966621399,1.3050000667572021,1.437000036239624,1.5899999141693115,1.4569998979568481,0.956000030040741,1.187000036239624,0.7590000629425049,0.5110000371932983,0.5609999895095825,0.48399999737739563,0.5329999923706055,0.5699999928474426,0.48399999737739563,0.26600000262260437,-0.05700000002980232,-0.5019999742507935,-0.7910000085830688,-0.9220000505447388,-0.6150000095367432,-0.4650000035762787,-0.39500001072883606,-0.2750000059604645,-0.06499999761581421,-0.015000000596046448,0.003999999724328518,-0.006000000052154064,0.030000001192092896,0.20899999141693115,0.2750000059604645,-0.11400000005960464,-0.3479999899864197,-0.0860000029206276,0.035999998450279236,0.15900000929832458,0.19900000095367432,0.16200000047683716,-0.04399999976158142,-0.0860000029206276,-0.06599999964237213,-0.1119999960064888,0.11699999868869781,0.0,0.0,0.0,0.0,0.0
0.9529999494552612,0.9110000133514404,1.0479999780654907,1.287000060081482,1.3779999017715454,1.5019999742507935,1.4249999523162842,1.1139999628067017,1.1759999990463257,0.8560000658035278,0.010999999940395355,0.17000001668930054,0.3149999976158142,0.32499998807907104,0.3579999804496765,0.39500001072883606,0.5090000033378601,0.05900000035762787,-0.35899999737739563,-0.7329999804496765,-1.13100004196167,-0.9740000367164612,-0.531000018119812,-0.4259999990463257,-0.15799999237060547,-0.010999999940395355,-0.04699999839067459,-0.052000001072883606,0.008999999612569809,0.11900000274181366,0.17399999499320984,0.21299999952316284,-0.05400000140070915,-0.3620000183582306,-0.22600001096725464,-0.12600000202655792,0.20099999010562897,0.289000004529953,0.2199999988079071,0.10200000554323196,-0.0729999989271164,-0.08399999886751175,-0.09700000286102295,0.07600000500679016,0.0,0.0,0.0,0.0,0.0
0.9660000205039978,0.918999969959259,1.0140000581741333,1.212999939918518,1.2880001068115234,1.375,1.3709999322891235,1.1999999284744263,1.187000036239624,1.0180000066757202,0.054999999701976776,-0.23600000143051147,0.054999999701976776,0.19099998474121094,0.35199999809265137,0.4179999828338623,0.390999972820282,0.1119999960064888,-0.12099999934434891,-0.7319999933242798,-1.2409999370574951,-1.2339999675750732,-0.8690000176429749,-0.5329999923706055,-0.23499998450279236,0.02199999988079071,0.017999999225139618,-0.09100000560283661,-0.07699999958276749,-0.16499999165534973,0.05400000140070915,-0.24199999868869781,-0.4100000262260437,-0.6979999542236328,-0.7129999995231628,-0.125,-0.07400000095367432,0.28999999165534973,0.2930000126361847,0.20400001108646393,0.1770000010728836,-0.08100000023841858,-0.12700000405311584,0.13899999856948853,0.0,0.0,0.0,0.0,0.0
0.9290000200271606,0.8820000290870667,0.9520000219345093,1.125,1.2039999961853027,1.3009999990463257,1.3480000495910645,1.2669999599456787,1.124000072479248,1.2259999513626099,-0.006000000052154064,-0.49800002574920654,-0.14300000667572021,0.07199999690055847,0.3400000333786011,0.37400001287460327,0.24000000953674316,0.14100000262260437,-0.01900000125169754,-0.4710000157356262,-1.1480000019073486,-1.2009999752044678,-1.1710000038146973,-0.9990000128746033,-0.7960000038146973,-0.15599998831748962,-0.06700000166893005,-0.14000000059604645,-0.14100000262260437,-0.25699999928474426,-0.4479999840259552,-0.5329999923706055,-0.7620000243186951,-1.1790000200271606,-1.309999942779541,-1.0220000743865967,-0.028999999165534973,0.27799999713897705,0.24300000071525574,0.3720000088214874,0.22100000083446503,-0.020999999716877937,-0.203000009059906,0.17100000381469727,0.0,0.0,0.0,0.0,0.0
0.9440000057220459,0.8939999938011169,0.906000018119812,1.0239999294281006,1.128000020980835,1.2489999532699585,1.3140000104904175,1.181999921798706,1.0010000467300415,0.7339999675750732,-0.34200000762939453,-0.46399998664855957,-0.28600001335144043,0.04000000283122063,0.3489999771118164,0.38600000739097595,0.20800000429153442,0.0689999982714653,0.008999999612569809,-0.2669999897480011,-0.8420000076293945,-1.0720000267028809,-1.1890000104904175,-0.9220000505447388,-0.21799999475479126,-0.0820000022649765,-0.08500000834465027,-0.08100000023841858,-0.02499999850988388,-0.24300000071525574,-0.578000009059906,-0.5900000333786011,-0.550000011920929,-0.7960000038146973,-1.0779999494552612,-1.499000072479248,-0.562999963760376,0.001999999862164259,0.17499999701976776,0.3929999768733978,0.203000009059906,0.10899999737739563,0.0559999980032444,0.0,0.0,0.0,0.0,0.0,0.0
1.0410000085830688,0.875,0.8149999976158142,0.925000011920929,1.065999984741211,1.1970000267028809,1.281999945640564,1.1740000247955322,0.9790000319480896,0.7649999856948853,-0.17399999499320984,-0.4899999797344208,-0.39900001883506775,-0.0559999980032444,0.2840000092983246,0.35600000619888306,0.2160000056028366,0.05700000002980232,0.04100000113248825,-0.41499999165534973,-0.781000018119812,-1.1180000305175781,-0.9539999961853027,-0.3840000033378601,0.08500000834465027,0.1720000058412552,0.2720000147819519,0.20899999141693115,0.22200000286102295,0.10599999874830246,-0.4010000228881836,-0.3779999911785126,-0.4659999907016754,-0.4919999837875366,-0.781999945640564,-0.9420000314712524,-1.027999997138977,-0.41700002551078796,-0.04699999839067459,-0.07000000029802322,0.09700000286102295,0.15799999237060547,0.1850000023841858,0.0,0.0,0.0,0.0,0.0,0.0
0.9390000104904175,0.7680000066757202,0.7599999904632568,0.8880000114440918,1.031000018119812,1.1510000228881836,1.2730000019073486,0.7549999952316284,0.6140000224113464,0.43699997663497925,-0.049000002443790436,-0.48900002241134644,-0.5180000066757202,-0.2549999952316284,0.12600000202655792,0.3319999873638153,0.15699999034404755,-0.14900000393390656,-0.17599999904632568,-0.6389999985694885,-1.069000005722046,-1.0399999618530273,-0.656000018119812,0.015000000596046448,0.3190000057220459,0.64000004529953,0.5509999990463257,0.32600000500679016,0.6029999852180481,0.32999998331069946,0.19200000166893005,-0.13500000536441803,-0.2919999957084656,-0.3530000150203705,-0.8389999866485596,-1.0329999923706055,-0.8349999785423279,-0.8200000524520874,0.0559999980032444,0.9040000438690186,0.0,0.14999999105930328,0.0,0.0,0.0,0.0,0.0,0.0,0.0
0.9040000438690186,0.7730000019073486,0.7720000147819519,0.8759999871253967,0.9889999628067017,0.9990000128746033,0.9700000286102295,0.753000020980835,0.7910000085830688,0.5110000371932983,0.010000000707805157,-0.4919999837875366,-0.41999998688697815,-0.36800000071525574,0.0009999999310821295,0.2449999898672104,-0.007999999448657036,-0.2590000033378601,-0.45100000500679016,-0.9430000185966492,-0.9780000448226929,-0.9830000400543213,-0.8619999885559082,-0.22200000286102295,0.41999998688697815,0.9390000104904175,1.027999997138977,1.0080000162124634,0.8209999799728394,0.8659999966621399,0.8020000457763672,0.7400000095367432,0.706000030040741,0.3059999942779541,-0.16499999165534973,-0.3929999768733978,-0.25,-0.3059999942779541,-0.044999998062849045,0.26600000262260437,0.2019999921321869,0.2409999966621399,0.17100000381469727,0.1379999965429306,0.14000000059604645,0.0,0.0,0.0,0.0
0.9929999709129333,0.8959999680519104,0.8039999604225159,0.777999997138977,0.8109999895095825,0.828000009059906,0.8230000138282776,0.8250000476837158,0.812000036239624,0.5609999895095825,0.05299999937415123,-0.35500001907348633,-0.2879999876022339,-0.320000022649765,-0.125,0.03199999779462814,-0.14800000190734863,-0.40700000524520874,-0.7429999709129333,-0.8299999833106995,-0.8770000338554382,-1.3109999895095825,-1.125999927520752,-0.7300000190734863,0.44599997997283936,0.9210000038146973,1.2580000162124634,1.3889999389648438,1.194000005722046,0.9939999580383301,1.2160000801086426,1.1740000247955322,1.1209999322891235,0.9490000009536743,0.6380000114440918,0.04000000283122063,-0.03800000250339508,-0.044999998062849045,0.0279999990016222,0.2540000081062317,0.27799999713897705,0.4950000047683716,0.3229999840259552,-0.0009999999310821295,0.13600000739097595,0.0,0.0,0.0,0.0
