data/wind10.json
{"header": { "parameterNumberName": "eastward_wind", "parameterUnit": "m.s-1", "parameterNumber": 2, "parameterCategory": 2, "nx": 121, "ny": 221, "numberPoints": 26741, "dx": 0.005000000000000071, "dy": 0.005000000000000006, "la1": -31.6, "lo1": 115.3, "la2": -32.7, "lo2": 115.9, "refTime": "2022-11-25 16:00:00" }, "data":
[rows 88 to 109 of 221, columns 0 to 49 of 121]
0.0,0.0,0.0,0.0,0.0,0.0,0.0,0.0,1.13100004196167,1.1740000247955322,1.212999939918518,1.2319999933242798,1.2890000343322754,1.3670001029968262,1.4630000591278076,1.565999984741211,1.6699999570846558,1.7630000114440918,1.8229999542236328,1.8289999961853027,1.941999912261963,2.1029999256134033,2.2910001277923584,2.446000099182129,2.502999782562256,2.4099998474121094,2.504999876022339,2.736999988555908,2.88100004196167,2.748000144958496,2.486999988555908,2.5830001831054688,2.365999937057495,1.7430000305175781,1.6979999542236328,1.4450000524520874,1.7760000228881836,1.9010000228881836,2.071000099182129,2.0829999446868896,2.0880000591278076,2.069000005722046,2.003999948501587,2.1690001487731934,2.049999952316284,1.8519999980926514,1.712999939918518,1.7790000438690186,1.9900000095367432,2.0180001258850098
0.0,0.0,0.0,0.0,0.0,0.0,0.0,0.0,1.13100004196167,1.180999994277954,1.2200000286102295,1.2430000305175781,1.3029999732971191,1.3959999084472656,1.503999948501587,1.6100000143051147,1.690000057220459,1.7409999370574951,1.7760000228881836,1.7739999294281006,1.7569999694824219,1.7419999837875366,2.05400013923645,2.240000009536743,2.3359999656677246,2.440000057220459,2.5209999084472656,2.634999990463257,2.7649998664855957,3.0270001888275146,3.010999917984009,2.9509999752044678,2.8410000801086426,2.6530001163482666,2.7880001068115234,2.8439998626708984,2.827000141143799,2.684000015258789,2.565999984741211,2.428999900817871,2.2840001583099365,2.2249999046325684,2.2339999675750732,2.444000005722046,2.2149999141693115,2.058000087738037,2.134999990463257,2.055000066757202,1.9259999990463257,1.7569999694824219
0.0,0.0,0.0,0.0,0.0,0.0,0.0,0.0,1.1139999628067017,1.1689999103546143,1.2200000286102295,1.2510000467300415,1.3279999494552612,1.4229999780654907,1.5069999694824219,1.5839999914169312,1.6579999923706055,1.7100000381469727,1.8050000667572021,1.8070000410079956,1.781000018119812,1.877000093460083,2.2160000801086426,2.2869999408721924,2.384000062942505,2.4539999961853027,2.513000011444092,2.558000087738037,2.696000099182129,3.059999942779541,3.4650001525878906,3.5280001163482666,3.2719998359680176,3.357999801635742,3.4200000762939453,3.309999942779541,3.1410000324249268,2.994999885559082,2.8610000610351562,2.759000062942505,2.6510000228881836,2.5369999408721924,2.440999984741211,2.4839999675750732,1.8519999980926514,1.5740000009536743,1.6519999504089355,1.808000087738037,1.7470000982284546,1.6380000114440918
0.0,0.0,0.0,0.0,0.0,0.0,0.0,0.0,1.100000023841858,1.1640000343322754,1.2139999866485596,1.2419999837875366,1.312999963760376,1.4049999713897705,1.4849998950958252,1.5780000686645508,1.6920000314712524,1.8199999332427979,1.9179999828338623,1.9859999418258667,1.9760000705718994,2.260999917984009,2.4060001373291016,2.430999994277954,2.513000011444092,2.572000026702881,2.444999933242798,2.4850001335144043,2.7139999866485596,2.8510000705718994,3.203000068664551,3.562999963760376,3.677999973297119,3.8269999027252197,3.8530001640319824,3.802999973297119,3.673999786376953,3.5829999446868896,3.441999912261963,3.2879998683929443,3.0989999771118164,2.9699997901916504,2.8330001831054688,2.2709999084472656,1.6729999780654907,1.5199999809265137,1.5469999313354492,1.718000054359436,1.7519999742507935,1.6480000019073486
0.0,0.0,0.0,0.0,0.0,0.0,0.0,0.8340000510215759,1.1089999675750732,1.1790000200271606,1.2319999933242798,1.2450000047683716,1.3160001039505005,1.4040000438690186,1.5180001258850098,1.6400001049041748,1.7680000066757202,1.8989999294281006,1.9840000867843628,2.0450000762939453,2.239000082015991,2.3919999599456787,2.496999979019165,2.546999931335449,2.5989999771118164,2.680000066757202,2.739000082015991,2.7720000743865967,2.813000202178955,3.0450000762939453,3.2159998416900635,3.3450002670288086,3.6610002517700195,4.01800012588501,4.098999977111816,4.046000003814697,3.982999801635742,3.8299999237060547,3.6489999294281006,3.4689998626708984,3.294999837875366,3.140000104904175,2.9609999656677246,2.5940001010894775,2.4739999771118164,1.994999885559082,1.8980000019073486,1.9210000038146973,1.9920001029968262,2.0269999504089355
0.0,0.0,0.0,0.0,0.0,0.0,0.0,0.8190000057220459,1.1230000257492065,1.2080000638961792,1.2630000114440918,1.284999966621399,1.3619999885559082,1.4530000686645508,1.569000005722046,1.7059999704360962,1.8519999980926514,1.9830000400543213,2.064000129699707,2.0999999046325684,2.308000087738037,2.3370001316070557,2.3580000400543213,2.3440001010894775,2.552000045776367,2.7090001106262207,2.82099986076355,2.930000066757202,2.9730000495910645,3.1519999504089355,3.310999870300293,3.515000104904175,3.6050000190734863,3.806999921798706,3.9670000076293945,4.063000202178955,4.0269999504089355,3.982999801635742,3.868000030517578,3.7820000648498535,3.671999931335449,3.571000099182129,3.501999855041504,3.3379998207092285,3.2980000972747803,3.1640000343322754,2.687999963760376,2.7139999866485596,2.8610000610351562,2.9750001430511475
0.0,0.0,0.0,0.0,0.0,0.0,0.0,0.8039999604225159,1.152999997138977,1.246999979019165,1.3020000457763672,1.3269999027252197,1.4139999151229858,1.5130000114440918,1.6490000486373901,1.7910001277923584,1.9449999332427979,2.124000072479248,2.259999990463257,2.3289999961853027,2.251999855041504,2.193000078201294,2.1760001182556152,2.385999917984009,2.5749998092651367,2.7209999561309814,2.8589999675750732,2.992999792098999,3.075000047683716,3.1510000228881836,3.197000026702881,3.2829999923706055,3.3610000610351562,3.4619998931884766,3.6570000648498535,3.796999931335449,3.8999998569488525,3.9590001106262207,3.984999895095825,3.935999870300293,3.8540000915527344,3.758000135421753,3.697000026702881,3.6640000343322754,3.6660001277923584,3.6430001258850098,3.5190000534057617,3.4730000495910645,3.371000051498413,3.5280001163482666
0.0,0.0,0.0,0.0,0.0,0.0,0.0,0.7919999957084656,1.180999994277954,1.277999997138977,1.3459999561309814,1.3799999952316284,1.4800000190734863,1.5880000591278076,1.7339999675750732,1.9359999895095825,2.138000011444092,2.315000057220459,2.3989999294281006,2.38100004196167,2.32099986076355,2.257999897003174,2.4670000076293945,2.7110002040863037,2.7049999237060547,2.8299999237060547,3.065999984741211,3.194999933242798,3.2249999046325684,3.2800002098083496,3.3259999752044678,3.3410000801086426,3.36299991607666,3.447000026702881,3.565999984741211,3.74399995803833,3.8600001335144043,3.9089999198913574,3.9030001163482666,3.8429999351501465,3.736999988555908,3.615000009536743,3.493000030517578,3.427999973297119,3.381999969482422,3.3369998931884766,3.2899999618530273,3.2309999465942383,3.2069997787475586,2.9850001335144043
0.0,0.0,0.0,0.0,0.0,0.0,0.0,0.7800000309944153,1.1929999589920044,1.2940000295639038,1.3660000562667847,1.4149999618530273,1.5260000228881836,1.6619999408721924,1.8899999856948853,2.1009998321533203,2.2300000190734863,2.2239999771118164,2.248000144958496,2.2690000534057617,2.303999900817871,2.325000047683716,2.4200000762939453,2.509000062942505,2.7919998168945312,3.009000062942505,3.2710001468658447,3.4200000762939453,3.490999937057495,3.552000045776367,3.5490000247955322,3.5450000762939453,3.555999994277954,3.621999979019165,3.743000030517578,3.8589999675750732,3.940999984741211,3.9670000076293945,3.8899998664855957,3.765000104904175,3.5839998722076416,3.434999942779541,3.3420000076293945,3.303999900817871,3.361999988555908,3.1740000247955322,3.065999984741211,3.0450000762939453,3.0840001106262207,3.138000011444092
0.0,0.0,0.0,0.0,0.0,0.0,0.0,0.7689999938011169,1.2020000219345093,1.3040000200271606,1.3799999952316284,1.4279999732971191,1.5520000457763672,1.6990000009536743,1.8220000267028809,1.9230000972747803,2.052999973297119,2.0429999828338623,2.184999942779541,2.25,2.2090001106262207,2.2309999465942383,2.236999988555908,2.2319998741149902,2.628000020980835,2.870999813079834,3.136000156402588,3.2859997749328613,3.436000108718872,3.5960001945495605,3.682999849319458,3.7160000801086426,3.7619998455047607,3.8479998111724854,3.9570000171661377,4.074999809265137,4.079999923706055,4.086999893188477,4.057000160217285,4.053999900817871,4.0329999923706055,3.9700002670288086,3.99399995803833,4.004000186920166,4.001999855041504,3.984999895095825,3.8949999809265137,3.8479998111724854,3.8580000400543213,3.7170000076293945
0.0,0.0,0.0,0.0,0.0,0.0,0.0,0.7599999904632568,1.190000057220459,1.2860000133514404,1.3639999628067017,1.4160000085830688,1.590999960899353,1.7190001010894775,1.781000018119812,1.8809999227523804,2.003999948501587,2.236999988555908,2.425999879837036,2.4819998741149902,2.3899998664855957,2.2860000133514404,2.190000057220459,2.322000026702881,2.384000062942505,2.4149999618530273,2.5409998893737793,2.8429999351501465,3.185999870300293,3.496999979019165,3.5920000076293945,3.703000068664551,3.7920000553131104,3.883999824523926,3.9719998836517334,4.052000045776367,4.132999897003174,4.190000057220459,4.2230000495910645,4.228000164031982,4.194000244140625,4.1570000648498535,4.13700008392334,4.131999969482422,4.086999893188477,4.005000114440918,3.932000160217285,3.9140000343322754,3.9140000343322754,3.7109999656677246
0.0,0.0,0.0,0.0,0.0,0.0,0.0,0.753000020980835,1.1790000200271606,1.2730000019073486,1.3330000638961792,1.3779999017715454,1.568000078201294,1.7400000095367432,1.8580000400543213,1.9580000638961792,2.0829999446868896,2.1540000438690186,2.2249999046325684,2.4240000247955322,2.6649999618530273,2.615000009536743,2.517000198364258,2.3010001182556152,2.128000020980835,2.2070000171661377,2.3589999675750732,2.4709999561309814,2.7739999294281006,3.1610000133514404,3.3899998664855957,3.564000129699707,3.7039999961853027,3.8310000896453857,3.9210000038146973,3.993000030517578,4.074000358581543,4.11899995803833,4.136000156402588,4.074999809265137,3.9739999771118164,3.865000009536743,3.7249999046325684,3.63100004196167,3.5339999198913574,3.25600004196167,3.1029999256134033,2.9830000400543213,2.9069998264312744,2.825000047683716
0.0,0.0,0.0,0.0,0.0,0.0,0.0,0.7460000514984131,1.159000039100647,1.2559999227523804,1.315000057220459,1.3510000705718994,1.4210000038146973,1.5509999990463257,1.712999939918518,1.8559999465942383,1.975000023841858,1.9730000495910645,2.00600004196167,2.138000011444092,2.3580000400543213,2.5810000896453857,2.815999984741211,2.7869999408721924,2.632999897003174,2.48799991607666,2.4600000381469727,2.5859999656677246,2.815999984741211,2.9489998817443848,3.181999921798706,3.364000082015991,3.5450000762939453,3.6989998817443848,3.7960000038146973,3.8940000534057617,3.9120001792907715,3.86899995803833,3.754000186920166,3.5339999198913574,3.371999740600586,3.2170000076293945,3.068000078201294,2.8529999256134033,2.6030001640319824,2.38700008392334,2.3239998817443848,2.3329999446868896,2.371000051498413,2.4560000896453857
0.0,0.0,0.0,0.0,0.0,0.0,0.0,0.7410000562667847,1.1380000114440918,1.2369999885559082,1.2950000762939453,1.3310000896453857,1.406999945640564,1.4830000400543213,1.5449999570846558,1.6760001182556152,1.8000000715255737,1.8359999656677246,1.9010000228881836,2.006999969482422,2.1040000915527344,2.240000009536743,2.4649999141693115,2.696000099182129,2.9089999198913574,2.9519999027252197,2.869999885559082,2.9179999828338623,2.9089999198913574,2.9629998207092285,3.0739998817443848,3.190000057220459,3.3550000190734863,3.4809999465942383,3.6000001430511475,3.747000217437744,3.5829999446868896,3.441999912261963,3.2719998359680176,3.071000099182129,2.8949999809265137,2.677999973297119,2.493000030517578,2.3469998836517334,2.2960000038146973,2.253999948501587,2.2179999351501465,2.1679999828338623,2.1640000343322754,2.11899995803833
0.0,0.0,0.0,0.0,0.0,0.0,0.0,0.737000048160553,1.1200000047683716,1.2109999656677246,1.2690000534057617,1.309000015258789,1.3989999294281006,1.4789999723434448,1.5410000085830688,1.7149999141693115,1.8889999389648438,1.9459999799728394,1.9609999656677246,1.9279999732971191,1.994999885559082,2.0999999046325684,2.2170000076293945,2.3550000190734863,2.56000018119812,2.754000186920166,2.944000005722046,3.0450000762939453,3.0889999866485596,3.075000047683716,3.197999954223633,3.2229998111724854,3.2069997787475586,3.2190001010894775,3.2210001945495605,3.1540000438690186,3.1130001544952393,3.077000141143799,2.986999988555908,2.878999948501587,2.7790000438690186,2.6550002098083496,2.5490000247955322,2.4570000171661377,2.384000062942505,2.310999870300293,2.2339999675750732,2.1470000743865967,2.118000030517578,2.1470000743865967
0.0,0.0,0.0,0.0,0.0,0.0,0.0,0.7339999675750732,1.1060000658035278,1.1949999332427979,1.247999906539917,1.2860000133514404,1.3849999904632568,1.474000096321106,1.5360000133514404,1.6429998874664307,1.790000081062317,2.0180001258850098,2.1570000648498535,2.1480000019073486,2.0850000381469727,2.0429999828338623,2.0950000286102295,2.2339999675750732,2.3459999561309814,2.453000068664551,2.6429998874664307,2.7939999103546143,2.9110000133514404,3.0230000019073486,3.1540000438690186,3.188999891281128,3.2049999237060547,3.2229998111724854,3.2049999237060547,3.183000087738037,3.1490001678466797,3.0840001106262207,3.0149998664855957,2.9539999961853027,2.9159998893737793,2.8420000076293945,2.7699999809265137,2.685999870300293,2.5440001487731934,2.444999933242798,2.3519999980926514,2.2799999713897705,2.23799991607666,2.240999937057495
0.0,0.0,0.0,0.0,0.0,0.0,0.0,0.7329999804496765,1.0750000476837158,1.1929999589920044,1.2450000047683716,1.2339999675750732,1.3639999628067017,1.4749999046325684,1.5479999780654907,1.5479999780654907,1.5509999990463257,1.753000020980835,1.9900000095367432,2.2220001220703125,2.3450000286102295,2.305000066757202,2.2709999084472656,2.251999855041504,2.2190001010894775,2.325000047683716,2.4839999675750732,2.6469998359680176,2.748999834060669,2.8499999046325684,2.9850001335144043,3.0419998168945312,3.1040000915527344,3.1480000019073486,3.124000072479248,3.1089999675750732,3.063000202178955,3.0939998626708984,3.0869998931884766,3.1110000610351562,3.048999786376953,2.937000036239624,2.804999828338623,2.694999933242798,2.5839998722076416,2.4630000591278076,2.3540000915527344,2.2679998874664307,2.2360000610351562,2.240999937057495
0.0,0.0,0.0,0.0,0.0,0.0,0.0,0.7329999804496765,1.031000018119812,1.1619999408721924,1.1859999895095825,1.1790000200271606,1.3009999990463257,1.4190000295639038,1.5350000858306885,1.5950000286102295,1.6150000095367432,1.6649999618530273,1.7190001010894775,1.9410001039505005,2.13700008392334,2.325000047683716,2.509000062942505,2.5099997520446777,2.4549999237060547,2.4019999504089355,2.4029998779296875,2.5310001373291016,2.6489999294281006,2.700000047683716,2.818999767303467,2.9589998722076416,2.996999979019165,3.0209999084472656,3.0340001583099365,3.0399999618530273,3.05400013923645,3.005000114440918,2.98799991607666,2.939000129699707,2.8299999237060547,2.7100000381469727,2.5850000381469727,2.4719998836517334,2.38700008392334,2.2849998474121094,2.2209999561309814,2.194000005722046,2.202000141143799,2.253000020980835
0.0,0.0,0.0,0.0,0.0,0.0,0.0,0.7339999675750732,0.972000002861023,1.1130000352859497,1.1339999437332153,1.1670000553131104,1.2590000629425049,1.3519999980926514,1.468999981880188,1.555999994277954,1.6570000648498535,1.755000114440918,1.8089998960494995,1.8569999933242798,1.8910000324249268,2.0360000133514404,2.2220001220703125,2.4029998779296875,2.555999994277954,2.6480002403259277,2.626999855041504,2.694000005722046,2.806000232696533,2.863999843597412,2.98799991607666,3.0829999446868896,3.136000156402588,3.1610000133514404,3.1649999618530273,3.133000135421753,3.066999912261963,2.9620001316070557,2.881999969482422,2.7849998474121094,2.6579999923706055,2.508000135421753,2.378000020980835,2.2910001277923584,2.2339999675750732,2.197000026702881,2.184000015258789,2.2100000381469727,2.257999897003174,2.3450000286102295
0.0,0.0,0.0,0.0,0.0,0.0,0.0,0.737000048160553,0.9099999666213989,1.0670000314712524,1.1130000352859497,1.1579999923706055,1.2630000114440918,1.3539999723434448,1.4399999380111694,1.499000072479248,1.6030000448226929,1.7400000095367432,1.8650000095367432,1.9459999799728394,1.9789999723434448,2.0230000019073486,2.071000099182129,2.128999948501587,2.2779998779296875,2.427000045776367,2.61299991607666,2.7320001125335693,2.7950000762939453,2.875,2.986999988555908,2.992999792098999,3.0209999084472656,3.0920000076293945,3.0289998054504395,2.9509999752044678,2.881999969482422,2.8340001106262207,2.7909998893737793,2.7219998836517334,2.6440000534057617,2.562999963760376,2.4769999980926514,2.3999998569488525,2.2939999103546143,2.2009999752044678,2.1419999599456787,2.134999990463257,2.1440000534057617,2.128999948501587
0.0,0.0,0.0,0.0,0.0,0.0,0.0,0.7739999890327454,0.8640000224113464,1.034000039100647,1.0750000476837158,1.1209999322891235,1.246000051498413,1.3680000305175781,1.4630000591278076,1.5180001258850098,1.5880000591278076,1.683000087738037,1.8050000667572021,1.9169999361038208,2.009999990463257,2.1040000915527344,2.1529998779296875,2.200000047683716,2.2109999656677246,2.2319998741149902,2.3519999980926514,2.5180001258850098,2.614000082015991,2.678999900817871,2.7970001697540283,2.8299999237060547,2.885999917984009,2.9579999446868896,2.8999998569488525,2.8550000190734863,2.8380000591278076,2.8289999961853027,2.7869999408721924,2.7160000801086426,2.615999937057495,2.4749999046325684,2.328000068664551,2.190000057220459,2.064000129699707,2.0769999027252197,2.1480000019073486,2.0970001220703125,2.118000030517578,2.1459999084472656
0.0,0.0,0.0,0.0,0.0,0.0,0.0,0.7870000004768372,0.8100000023841858,1.0069999694824219,1.0410000085830688,1.0880000591278076,1.2120000123977661,1.334999918937683,1.4579999446868896,1.555999994277954,1.6320000886917114,1.7209999561309814,1.7929999828338623,1.8550000190734863,1.9449999332427979,2.0390000343322754,2.131999969482422,2.2249999046325684,2.2709999084472656,2.2910001277923584,2.3519999980926514,2.4619998931884766,2.567999839782715,2.624000072479248,2.690000057220459,2.685999870300293,2.6660001277923584,2.6649999618530273,2.7309999465942383,2.808000087738037,2.802000045776367,2.7079999446868896,2.6419999599456787,2.6030001640319824,2.578000068664551,2.576000213623047,2.561999797821045,2.5749998092651367,2.621000051498413,2.499000072479248,2.32099986076355,2.2059998512268066,2.202000141143799,2.3329999446868896
