data/wind8.json
{"header": { "parameterNumberName": "northward_wind", "parameterUnit": "m.s-1", "parameterNumber": 3, "parameterCategory": 2, "nx": 121, "ny": 221, "numberPoints": 26741, "dx": 0.005000000000000071, "dy": 0.005000000000000006, "la1": -31.6, "lo1": 115.3, "la2": -32.7, "lo2": 115.9, "refTime": "2022-11-25 12:00:00" }, "data":
[rows 63 to 83 of 221, columns 49 to 97 of 121]
-1.1649999618530273,-1.1790000200271606,-1.187000036239624,-1.1759999990463257,-1.159999966621399,-1.1019999980926514,-1.062000036239624,-1.1069999933242798,-1.034999966621399,-1.084999918937683,-1.125999927520752,-1.0549999475479126,-0.9839999675750732,-0.906000018119812,-0.8659999966621399,-0.8190000057220459,-0.7900000214576721,-0.7940000295639038,-0.7490000128746033,-0.6679999828338623,-0.6129999756813049,-0.6859999895095825,-0.6260000467300415,-0.5230000019073486,-0.27399998903274536,-0.2669999897480011,-0.34700000286102295,-0.3499999940395355,-0.32499998807907104,-0.3970000147819519,-0.4100000262260437,-0.37400001287460327,-0.40299999713897705,-0.5879999995231628,-0.6089999675750732,-0.687000036239624,-0.7410000562667847,-0.6449999809265137,-0.406000018119812,-0.5180000066757202,-0.4320000112056732,-0.005000000353902578,0.0,0.0,0.0,0.0,0.0,0.0,0.0
-1.1339999437332153,-1.1430000066757202,-1.1319999694824219,-1.11899995803833,-1.0889999866485596,-1.0720000267028809,-1.0899999141693115,-1.0950000286102295,-1.027000069618225,-0.9769999980926514,-1.0109999179840088,-1.0889999866485596,-1.0429999828338623,-1.0019999742507935,-0.9420000314712524,-0.8860000371932983,-0.8330000042915344,-0.8030000329017639,-0.812999963760376,-0.7389999628067017,-0.6599999666213989,-0.6570000052452087,-0.7080000042915344,-0.5649999976158142,-0.3100000023841858,-0.28999999165534973,-0.38100001215934753,-0.39900001883506775,-0.37599998712539673,-0.46399998664855957,-0.5550000071525574,-0.5370000004768372,-0.47699999809265137,-0.6190000176429749,-0.6380000114440918,-0.6790000200271606,-0.7360000014305115,-0.6909999847412109,-0.49300000071525574,-0.5119999647140503,-0.2750000059604645,-0.17599999904632568,0.0,0.0,0.0,0.0,0.0,0.0,0.0
-1.13100004196167,-1.121999979019165,-1.1010000705718994,-1.0529999732971191,-0.9960000514984131,-1.0410000085830688,-1.0950000286102295,-1.062999963760376,-1.0080000162124634,-0.9799999594688416,-0.9409999847412109,-0.9769999980926514,-1.0820000171661377,-1.0759999752044678,-1.0399999618530273,-0.9700000286102295,-0.8889999985694885,-0.8370000123977661,-0.812999963760376,-0.8140000104904175,-0.7350000143051147,-0.6690000295639038,-0.7319999933242798,-0.5950000286102295,-0.43299999833106995,-0.31800001859664917,-0.406000018119812,-0.48399999737739563,-0.41600000858306885,-0.5600000023841858,-0.6840000152587891,-0.6679999828338623,-0.5519999861717224,-0.6520000100135803,-0.6889999508857727,-0.687000036239624,-0.7120000123977661,-0.6690000295639038,-0.5299999713897705,-0.43799999356269836,-0.2549999952316284,-0.25599998235702515,0.0,0.0,0.0,0.0,0.0,0.0,0.0
-1.1430000066757202,-1.152999997138977,-1.1039999723434448,-1.0130000114440918,-1.0220000743865967,-1.0529999732971191,-0.9880000352859497,-0.9629999995231628,-0.9830000400543213,-0.9660000205039978,-0.9529999494552612,-0.9350000619888306,-1.0019999742507935,-1.1299999952316284,-1.1080000400543213,-1.034999966621399,-0.9570000171661377,-0.8820000290870667,-0.843999981880188,-0.8460000157356262,-0.8259999752044678,-0.7509999871253967,-0.6660000085830688,-0.5989999771118164,-0.5360000133514404,-0.36400002241134644,-0.4320000112056732,-0.5260000228881836,-0.5929999947547913,-0.6800000667572021,-0.7760000228881836,-0.7289999723434448,-0.5759999752044678,-0.6610000133514404,-0.7209999561309814,-0.6899999976158142,-0.7069999575614929,-0.6100000143051147,-0.5019999742507935,-0.4309999942779541,-0.33799999952316284,-0.3020000159740448,0.0,0.0,0.0,0.0,0.0,0.0,0.0
-1.0460000038146973,-1.0779999494552612,-1.058000087738037,-1.0709999799728394,-1.062999963760376,-1.0399999618530273,-0.9600000381469727,-0.9220000505447388,-0.9220000505447388,-0.9629999995231628,-0.9700000286102295,-0.9700000286102295,-0.9810000061988831,-1.0570000410079956,-1.1370000839233398,-1.1029999256134033,-1.0529999732971191,-0.9729999899864197,-0.9049999713897705,-0.8690000176429749,-0.8990000486373901,-0.8109999895095825,-0.6940000057220459,-0.6119999885559082,-0.5809999704360962,-0.40299999713897705,-0.4350000023841858,-0.5809999704360962,-0.7039999961853027,-0.7569999694824219,-0.8079999685287476,-0.6889999508857727,-0.5609999895095825,-0.6710000038146973,-0.722000002861023,-0.715999960899353,-0.7179999947547913,-0.6330000162124634,-0.5239999890327454,-0.47600001096725464,-0.33399999141693115,-0.31700000166893005,0.0,0.0,0.0,0.0,0.0,0.0,0.0
-0.9639999866485596,-0.9759999513626099,-1.0180000066757202,-1.0880000591278076,-0.9780000448226929,-1.0360000133514404,-1.0169999599456787,-0.9619999527931213,-0.9459999799728394,-0.9679999947547913,-1.0230000019073486,-1.0320000648498535,-1.0180000066757202,-1.0260000228881836,-1.0800000429153442,-1.1720000505447388,-1.1660000085830688,-1.0859999656677246,-0.9950000047683716,-0.9279999732971191,-0.9049999713897705,-0.8340000510215759,-0.6990000009536743,-0.625,-0.6779999732971191,-0.45399999618530273,-0.45000001788139343,-0.5900000333786011,-0.7400000095367432,-0.8009999990463257,-0.8370000123977661,-0.7039999961853027,-0.5559999942779541,-0.6840000152587891,-0.7460000514984131,-0.7509999871253967,-0.7590000629425049,-0.6669999361038208,-0.5550000071525574,-0.5119999647140503,-0.32099997997283936,-0.3109999895095825,0.0,0.0,0.0,0.0,0.0,0.0,0.0
-0.8959999680519104,-0.8539999723434448,-1.1069999933242798,-1.0290000438690186,-0.9920000433921814,-1.0140000581741333,-1.062000036239624,-1.0360000133514404,-1.0260000228881836,-1.0469999313354492,-1.0700000524520874,-1.1089999675750732,-1.1019999980926514,-1.0820000171661377,-1.0839999914169312,-1.2109999656677246,-1.2510000467300415,-1.1850000619888306,-1.0980000495910645,-0.9880000352859497,-0.9099999666213989,-0.8359999656677246,-0.7440000176429749,-0.6710000038146973,-0.6660000085830688,-0.5460000038146973,-0.5059999823570251,-0.6340000033378601,-0.7630000114440918,-0.8380000591278076,-0.8669999837875366,-0.7209999561309814,-0.5239999890327454,-0.7329999804496765,-0.784000039100647,-0.8100000023841858,-0.8380000591278076,-0.7599999904632568,-0.652999997138977,-0.5839999914169312,-0.4089999794960022,-0.26600000262260437,0.0,0.0,0.0,0.0,0.0,0.0,0.0
-0.7699999809265137,-0.777999997138977,-0.9139999747276306,-1.0390000343322754,-1.0759999752044678,-1.034000039100647,-1.031000018119812,-1.1389999389648438,-1.1720000505447388,-1.159000039100647,-1.1640000343322754,-1.181999921798706,-1.2100000381469727,-1.1859999895095825,-1.1720000505447388,-1.1990000009536743,-1.28000009059906,-1.2639999389648438,-1.2100000381469727,-1.084999918937683,-0.9880000352859497,-0.918999969959259,-0.8259999752044678,-0.7230000495910645,-0.6629999876022339,-0.6209999918937683,-0.5770000219345093,-0.7660000324249268,-0.8649999499320984,-0.8709999918937683,-0.8380000591278076,-0.8100000023841858,-0.6779999732971191,-0.8340000510215759,-0.8389999866485596,-0.8320000171661377,-0.8349999785423279,-0.8020000457763672,-0.7109999656677246,-0.5979999899864197,-0.562999963760376,-0.2709999978542328,0.0,0.0,0.0,0.0,0.0,0.0,0.0
-0.6129999756813049,-0.6340000033378601,-0.7319999933242798,-0.8690000176429749,-1.003999948501587,-1.1330000162124634,-1.1069999933242798,-1.156999945640564,-1.2680000066757202,-1.2599999904632568,-1.2590000629425049,-1.2760000228881836,-1.2989999055862427,-1.305999994277954,-1.2610000371932983,-1.2350000143051147,-1.2649999856948853,-1.3220000267028809,-1.3179999589920044,-1.2139999866485596,-1.097000002861023,-1.0019999742507935,-0.9079999923706055,-0.7800000309944153,-0.7249999642372131,-0.6360000371932983,-0.656000018119812,-0.8550000190734863,-0.9300000071525574,-0.878000020980835,-0.8519999980926514,-0.9279999732971191,-0.8539999723434448,-0.8669999837875366,-0.8579999804496765,-0.8380000591278076,-0.8429999351501465,-0.8200000524520874,-0.7300000190734863,-0.7080000042915344,-0.7490000128746033,-0.3920000195503235,0.0,0.0,0.0,0.0,0.0,0.0,0.0
-0.5669999718666077,-0.40800002217292786,-0.4010000228881836,-0.8230000138282776,-0.9049999713897705,-1.0549999475479126,-1.2230000495910645,-1.2630000114440918,-1.3680000305175781,-1.3619999885559082,-1.3480000495910645,-1.3639999628067017,-1.4049999713897705,-1.3889999389648438,-1.3580000400543213,-1.3230000734329224,-1.3109999895095825,-1.3559999465942383,-1.3899999856948853,-1.2999999523162842,-1.1759999990463257,-1.0820000171661377,-0.9889999628067017,-0.8609999418258667,-0.746999979019165,-0.7020000219345093,-0.7020000219345093,-0.8770000338554382,-0.9399999380111694,-0.9120000004768372,-0.8359999656677246,-1.0189999341964722,-0.9309999942779541,-0.925000011920929,-0.8950000405311584,-0.8789999485015869,-0.8889999985694885,-0.847000002861023,-0.7549999952316284,-0.8219999670982361,-0.8209999799728394,-0.45000001788139343,0.0,0.0,0.0,0.0,0.0,0.0,0.0
-0.5419999957084656,-0.3229999840259552,-0.5049999952316284,-0.8450000286102295,-1.0679999589920044,-1.125999927520752,-1.2179999351501465,-1.3869999647140503,-1.499000072479248,-1.5189999341964722,-1.465000033378601,-1.49399995803833,-1.49399995803833,-1.472000002861023,-1.465000033378601,-1.4110000133514404,-1.3779999017715454,-1.3889999389648438,-1.406999945640564,-1.3650000095367432,-1.2590000629425049,-1.156999945640564,-1.0859999656677246,-0.9600000381469727,-0.8230000138282776,-0.7300000190734863,-0.7519999742507935,-0.9049999713897705,-1.0010000467300415,-0.9380000233650208,-0.949999988079071,-0.8640000224113464,-1.190999984741211,-1.027000069618225,-0.9409999847412109,-0.9170000553131104,-0.9229999780654907,-0.875,-0.8020000457763672,-0.9000000357627869,-0.8380000591278076,-0.39500001072883606,0.0,0.0,0.0,0.0,0.0,0.0,0.0
-0.5690000057220459,-0.3889999985694885,-0.6669999361038208,-0.902999997138977,-1.222000002861023,-1.4249999523162842,-1.437000036239624,-1.5019999742507935,-1.6480000019073486,-1.7030000686645508,-1.6710000038146973,-1.6140000820159912,-1.6089999675750732,-1.6030000448226929,-1.571000099182129,-1.5109999179840088,-1.4759999513626099,-1.444000005722046,-1.439000129699707,-1.4329999685287476,-1.3680000305175781,-1.2710000276565552,-1.2059999704360962,-1.1339999437332153,-0.9929999709129333,-0.8460000157356262,-0.8810000419616699,-0.9200000166893005,-0.9660000205039978,-1.0080000162124634,-1.0759999752044678,-1.031000018119812,-1.1100000143051147,-1.0520000457763672,-0.9650000333786011,-0.9470000267028809,-0.9589999914169312,-0.9160000085830688,-0.8649999499320984,-0.9700000286102295,-0.8849999904632568,-0.3959999978542328,0.0,0.0,0.0,0.0,0.0,0.0,0.0
-0.6230000257492065,-0.7440000176429749,-1.1729999780654907,-1.3389999866485596,-1.3559999465942383,-1.6200000047683716,-1.8340001106262207,-1.9279999732971191,-1.944000005722046,-1.9410001039505005,-1.9550000429153442,-1.8359999656677246,-1.7890000343322754,-1.812999963760376,-1.7260000705718994,-1.6680001020431519,-1.5920000076293945,-1.5119999647140503,-1.496999979019165,-1.503000020980835,-1.4709999561309814,-1.4059998989105225,-1.343999981880188,-1.2699999809265137,-1.1510000228881836,-1.097000002861023,-1.065000057220459,-1.0859999656677246,-1.0950000286102295,-1.084999918937683,-1.0950000286102295,-1.069000005722046,-1.1649999618530273,-1.0829999446868896,-0.9909999966621399,-0.9960000514984131,-1.0069999694824219,-0.9529999494552612,-0.9170000553131104,-1.0,-0.902999997138977,-0.3920000195503235,0.0,0.0,0.0,0.0,0.0,0.0,0.0
-0.8450000286102295,-1.3629999160766602,-1.7910001277923584,-2.059000015258789,-2.004999876022339,-2.007999897003174,-2.3010001182556152,-2.3530001640319824,-2.3289999961853027,-2.2990000247955322,-2.246000051498413,-2.1540000438690186,-2.049999952316284,-2.0999999046325684,-1.994999885559082,-1.8840000629425049,-1.7739999294281006,-1.6570000648498535,-1.6110000610351562,-1.597999930381775,-1.5870000123977661,-1.5490000247955322,-1.500999927520752,-1.4520000219345093,-1.371999979019165,-1.4049999713897705,-1.277999997138977,-1.274999976158142,-1.2339999675750732,-1.1699999570846558,-1.152999997138977,-1.1050000190734863,-1.2089999914169312,-1.1380000114440918,-1.0299999713897705,-1.0390000343322754,-1.0410000085830688,-0.9979999661445618,-0.9819999933242798,-1.0520000457763672,-0.9240000247955322,-0.375,0.0,0.0,0.0,0.0,0.0,0.0,0.0
-0.5519999861717224,-2.63100004196167,-2.7360000610351562,-2.863999843597412,-2.7799999713897705,-2.8420000076293945,-2.948000192642212,-2.9120001792907715,-2.9739999771118164,-2.9179999828338623,-2.690000057220459,-2.5279998779296875,-2.365000009536743,-2.3889999389648438,-2.2960000038146973,-2.1610000133514404,-2.0360000133514404,-1.906999945640564,-1.805999994277954,-1.7790000438690186,-1.747999906539917,-1.7319999933242798,-1.7139999866485596,-1.7009999752044678,-1.687999963760376,-1.5820000171661377,-1.4200000762939453,-1.4300000667572021,-1.3569999933242798,-1.221000075340271,-1.2230000495910645,-1.2339999675750732,-1.2620000839233398,-1.1740000247955322,-1.0549999475479126,-1.0820000171661377,-1.1039999723434448,-1.0720000267028809,-1.0709999799728394,-1.125999927520752,-0.972000002861023,-0.21400001645088196,0.0,0.0,0.0,0.0,0.0,0.0,0.0
-0.13199999928474426,-2.6100001335144043,-3.75600004196167,-3.2879998683929443,-3.109999895095825,-3.257999897003174,-3.5339999198913574,-3.610999822616577,-3.6059999465942383,-3.506999969482422,-3.314000129699707,-3.0850000381469727,-2.8279998302459717,-2.7839999198913574,-2.676999807357788,-2.502000093460083,-2.4110000133514404,-2.257999897003174,-2.128000020980835,-2.0889999866485596,-2.006999969482422,-1.9859999418258667,-2.002000093460083,-1.975000023841858,-1.8889999389648438,-1.7190001010894775,-1.5180001258850098,-1.4489998817443848,-1.3590000867843628,-1.2400000095367432,-1.2269999980926514,-1.2630000114440918,-1.312000036239624,-1.2109999656677246,-1.0950000286102295,-1.1399999856948853,-1.1660000085830688,-1.1449999809265137,-1.1710000038146973,-1.2300000190734863,-1.0640000104904175,-0.007999999448657036,0.0,0.0,0.0,0.0,0.2919999957084656,-0.09200000017881393,0.0
-0.6840000152587891,-1.375,-2.822999954223633,-3.2859997749328613,-3.3000001907348633,-3.634999990463257,-4.025000095367432,-4.068999767303467,-4.369999885559082,-4.078000068664551,-3.937999963760376,-3.703000068664551,-3.4800000190734863,-3.4539999961853027,-3.111999988555908,-2.8960001468658447,-2.8349997997283936,-2.676999807357788,-2.488999843597412,-2.4850001335144043,-2.3489999771118164,-2.2679998874664307,-2.2820000648498535,-2.2730000019073486,-2.1529998779296875,-1.8350000381469727,-1.5929999351501465,-1.437000036239624,-1.319000005722046,-1.2300000190734863,-1.2739999294281006,-1.277999997138977,-1.3279999494552612,-1.2409999370574951,-1.1209999322891235,-1.1710000038146973,-1.2330000400543213,-1.2269999980926514,-1.2489999532699585,-1.2829999923706055,-1.1360000371932983,-0.07000000029802322,0.0,0.0,0.0,0.0,0.64000004529953,-0.32499998807907104,-0.2459999918937683
0.0,-0.18400000035762787,-1.0720000267028809,-2.4070000648498535,-3.2940001487731934,-3.7119998931884766,-4.156000137329102,-4.218999862670898,-4.750999927520752,-4.425000190734863,-4.39900016784668,-4.422999858856201,-4.211999893188477,-3.946000099182129,-3.5199999809265137,-3.2910001277923584,-3.3299999237060547,-3.2069997787475586,-2.9060001373291016,-2.811999797821045,-2.552999973297119,-2.5830001831054688,-2.6460001468658447,-2.549999952316284,-2.3569998741149902,-1.9089999198913574,-1.6079999208450317,-1.412000060081482,-1.3760000467300415,-1.2790000438690186,-1.252000093460083,-1.3209999799728394,-1.3609999418258667,-1.2510000467300415,-1.1469999551773071,-1.2269999980926514,-1.2829999923706055,-1.2639999389648438,-1.2989999055862427,-1.3140000104904175,-1.1209999322891235,-0.08900000154972076,0.0,0.0,0.0,0.0,0.45399999618530273,0.015000000596046448,-0.03800000250339508
0.0,0.0,0.0,-1.1019999980926514,-3.2990000247955322,-3.5299997329711914,-3.9700002670288086,-4.102999687194824,-4.7170000076293945,-4.875999927520752,-4.465000152587891,-4.397000312805176,-4.304999828338623,-4.369999885559082,-3.8479998111724854,-3.628000020980835,-3.7339999675750732,-3.5350000858306885,-3.186999797821045,-2.934999942779541,-2.7180001735687256,-2.8429999351501465,-2.927000045776367,-2.7070000171661377,-2.57099986076355,-1.975000023841858,-1.5700000524520874,-1.334999918937683,-1.2739999294281006,-1.2769999504089355,-1.2139999866485596,-1.2230000495910645,-1.287000060081482,-1.25,-1.1389999389648438,-1.246999979019165,-1.3330000638961792,-1.2999999523162842,-1.287000060081482,-1.2020000219345093,-1.031000018119812,-0.1889999955892563,0.0,0.0,0.0,0.0,-0.10899999737739563,-0.017999999225139618,0.2540000081062317
0.0,0.0,0.041999999433755875,-0.8579999804496765,-2.3540000915527344,-3.1690001487731934,-3.687000036239624,-3.9190001487731934,-4.812999725341797,-4.607999801635742,-4.445000171661377,-4.323999881744385,-4.38700008392334,-4.7769999504089355,-3.98799991607666,-3.7950000762939453,-3.865000009536743,-3.569000005722046,-3.296999931335449,-2.9760000705718994,-2.8380000591278076,-2.9730000495910645,-2.928999900817871,-2.7769999504089355,-2.73799991607666,-2.2690000534057617,-1.5719999074935913,-1.2839999198913574,-1.2300000190734863,-1.1999999284744263,-1.1629999876022339,-1.190000057220459,-1.2319999933242798,-1.2259999513626099,-1.1440000534057617,-1.316999912261963,-1.371999979019165,-1.3269999027252197,-1.2369999885559082,-1.0920000076293945,-0.8770000338554382,-0.10999999940395355,0.0,0.0,0.0,0.0,-0.10499999672174454,-0.0689999982714653,-0.7280000448226929
0.09200000017881393,-0.03700000047683716,-0.09700000286102295,-1.1540000438690186,-2.197000026702881,-2.73799991607666,-3.364000082015991,-3.6590001583099365,-4.210000038146973,-4.293000221252441,-4.305999755859375,-4.317999839782715,-4.505000114440918,-4.634999752044678,-4.060999870300293,-3.8949999809265137,-3.7680001258850098,-3.4809999465942383,-3.2739999294281006,-2.9690001010894775,-2.892000198364258,-2.921999931335449,-2.678999900817871,-2.56000018119812,-2.3550000190734863,-2.1510000228881836,-1.7139999866485596,-1.3240001201629639,-1.2430000305175781,-1.1829999685287476,-1.1420000791549683,-1.2139999866485596,-1.190000057220459,-1.0829999446868896,-1.0959999561309814,-1.1619999408721924,-1.1920000314712524,-1.3860000371932983,-1.2450000047683716,-1.0809999704360962,-0.8030000329017639,-0.060999996960163116,0.0,0.0,0.0,0.0,0.0,-0.43400001525878906,-0.36500000953674316
