data/wind6.json
{"header": { "parameterNumberName": "northward_wind", "parameterUnit": "m.s-1", "parameterNumber": 3, "parameterCategory": 2, "nx": 121, "ny": 221, "numberPoints": 26741, "dx": 0.005000000000000071, "dy": 0.005000000000000006, "la1": -31.6, "lo1": 115.3, "la2": -32.7, "lo2": 115.9, "refTime": "2022-11-25 08:00:00" }, "data":
[rows 105 to 125 of 221, columns 49 to 97 of 121]
-1.8930000066757202,-1.8199999332427979,-1.6740000247955322,-1.309999942779541,-1.1759999990463257,-1.1089999675750732,-1.1519999504089355,-1.4900000095367432,-1.815000057220459,-2.180999994277954,-3.4529998302459717,-3.2139997482299805,-2.8470001220703125,-1.877000093460083,-1.5509999990463257,-1.439000129699707,-1.4810000658035278,-1.527000069618225,-1.8279999494552612,-2.203000068664551,-2.73799991607666,-2.827000141143799,-2.3600001335144043,-2.3320000171661377,-1.5460000038146973,-1.6410000324249268,-1.3289999961853027,-1.3070000410079956,-1.3660000562667847,-1.9449999332427979,-2.0320000648498535,-1.5999999046325684,-1.439000129699707,-1.6619999408721924,-1.74399995803833,-1.474000096321106,-0.9070000052452087,-0.6449999809265137,-0.37300002574920654,0.0009999999310821295,-0.07600000500679016,-0.10599999874830246,-0.015000000596046448,0.0,0.0,0.0,0.0,0.0,0.0
-1.9570000171661377,-1.934999942779541,-1.808000087738037,-1.4880000352859497,-1.2389999628067017,-1.1890000104904175,-1.2160000801086426,-1.6009999513626099,-1.8639999628067017,-2.2100000381469727,-3.0920000076293945,-3.2039999961853027,-2.689000129699707,-1.9279999732971191,-1.5069999694824219,-1.5320000648498535,-1.5600000619888306,-1.6820000410079956,-1.6680001020431519,-1.9900000095367432,-2.4099998474121094,-2.7829999923706055,-1.6660000085830688,-1.2359999418258667,-0.6150000095367432,-0.7050000429153442,-0.5099999904632568,-0.5759999752044678,-0.9070000052452087,-1.4700000286102295,-1.4980000257492065,-1.2400000095367432,-1.1729999780654907,-1.1209999322891235,-1.1999999284744263,-1.1800000667572021,-1.4049999713897705,-1.156999945640564,-1.084999918937683,-0.36800000071525574,-0.03700000047683716,-0.020000001415610313,0.08299999684095383,0.0,0.0,0.0,0.0,0.0,0.0
-2.0789999961853027,-2.05400013923645,-1.8989999294281006,-1.565999984741211,-1.3070000410079956,-1.2899999618530273,-1.2239999771118164,-1.6519999504089355,-2.0929999351501465,-2.615999937057495,-2.813999891281128,-3.316999912261963,-2.5900001525878906,-2.178999900817871,-1.6429998874664307,-1.6060000658035278,-1.7280000448226929,-1.9760000705718994,-1.7049999237060547,-2.124000072479248,-2.6419999599456787,-2.3010001182556152,-1.7239999771118164,-0.5540000200271606,-0.42899999022483826,-0.12799999117851257,-0.12400000542402267,-0.12000000476837158,-0.28600001335144043,-0.8259999752044678,-0.722000002861023,-0.8510000109672546,-0.9340000152587891,-1.0329999923706055,-1.1640000343322754,-1.215000033378601,-0.9240000247955322,-1.4149999618530273,-1.027999997138977,-0.3100000023841858,0.0,-0.005000000353902578,0.0,0.0,0.0,0.0,0.0,0.0,0.0
-2.1710000038146973,-2.11299991607666,-1.9519999027252197,-1.6500000953674316,-1.3459999561309814,-1.4049999713897705,-1.3510000705718994,-1.7100000381469727,-2.119999885559082,-2.4760000705718994,-2.7170000076293945,-3.077000141143799,-2.569999933242798,-2.2669999599456787,-1.7990000247955322,-1.6570000648498535,-2.184999942779541,-1.9480000734329224,-1.9190000295639038,-2.488999843597412,-2.2939999103546143,-2.4099998474121094,-2.0290000438690186,-0.8930000066757202,-0.24300000071525574,0.2630000114440918,0.48500001430511475,0.29500001668930054,-0.1340000033378601,-0.16300000250339508,-0.24700000882148743,-0.48799997568130493,-0.5099999904632568,-0.7699999809265137,-0.8770000338554382,-0.6179999709129333,-0.5059999823570251,-0.5579999685287476,-0.4100000262260437,0.03100000135600567,-0.012000000104308128,0.03400000184774399,0.12099999934434891,0.0820000022649765,0.0949999988079071,0.0,0.0,0.0,0.0
-2.1489999294281006,-2.1419999599456787,-2.0420000553131104,-1.840000033378601,-1.553999900817871,-1.4709999561309814,-1.5449999570846558,-1.7790000438690186,-2.109999895095825,-2.2679998874664307,-2.5960001945495605,-2.8600001335144043,-2.5320000648498535,-2.193000078201294,-1.8709999322891235,-1.872999906539917,-2.2660000324249268,-1.9390000104904175,-2.263000011444092,-2.2829999923706055,-2.5240001678466797,-2.955000162124634,-2.4140000343322754,-1.4859999418258667,-0.1860000044107437,0.45499998331069946,0.621999979019165,0.5640000104904175,0.31800001859664917,0.06300000101327896,0.07899999618530273,-0.11800000071525574,-0.21299999952316284,-0.6119999885559082,-0.8020000457763672,-0.7209999561309814,-0.5839999914169312,-0.37700000405311584,-0.12299999594688416,-0.11400000005960464,-0.017999999225139618,0.12400000542402267,0.1810000091791153,-0.12999999523162842,0.10599999874830246,0.0,0.0,0.0,0.0
-2.1059999465942383,-2.2699999809265137,-2.178999900817871,-1.9980000257492065,-1.7949999570846558,-1.63100004196167,-1.565999984741211,-1.809999942779541,-2.0880000591278076,-2.1009998321533203,-2.447000026702881,-2.6690001487731934,-2.430999994277954,-2.2950000762939453,-2.115000009536743,-2.2679998874664307,-2.249000072479248,-1.9509999752044678,-2.253999948501587,-2.3259999752044678,-2.9069998264312744,-2.813999891281128,-2.572999954223633,-1.7540000677108765,0.11599999666213989,0.26899999380111694,0.414000004529953,0.6690000295639038,0.5799999833106995,0.4569999873638153,0.052000001072883606,-0.12199999392032623,-0.19300000369548798,-0.48500001430511475,-0.8489999771118164,-0.777999997138977,-0.4729999899864197,-0.45100000500679016,-0.13300000131130219,-0.14999999105930328,-0.027000000700354576,0.09200000017881393,0.13099999725818634,-0.08100000023841858,0.08900000154972076,0.0,0.0,0.0,0.0
-2.069999933242798,-2.2090001106262207,-2.2799999713897705,-2.1679999828338623,-2.0139999389648438,-1.7949999570846558,-1.656000018119812,-1.8250000476837158,-2.055000066757202,-1.9359999895095825,-2.437000036239624,-2.486999988555908,-2.4739999771118164,-2.639000177383423,-2.2139999866485596,-2.315999984741211,-2.203000068664551,-2.13100004196167,-2.1459999084472656,-2.2339999675750732,-2.8949999809265137,-2.302000045776367,-2.9780001640319824,-3.190000057220459,0.4100000262260437,0.057999998331069946,0.4490000009536743,0.6679999828338623,0.5170000195503235,0.5049999952316284,0.3959999978542328,-0.12199999392032623,-0.2370000034570694,-0.37400001287460327,-0.7310000061988831,-0.8270000219345093,-0.5429999828338623,-0.12400000542402267,-0.07600000500679016,-0.1730000078678131,-0.017999999225139618,-0.05100000277161598,0.007999999448657036,0.2290000021457672,-0.008999999612569809,0.0,0.0,0.0,0.0
-2.0769999027252197,-2.133000135421753,-2.303999900817871,-2.3340001106262207,-2.0999999046325684,-1.8790000677108765,-1.7519999742507935,-1.8459999561309814,-2.0239999294281006,-1.8299999237060547,-2.372999906539917,-2.3469998836517334,-2.5440001487731934,-2.745000123977661,-2.2059998512268066,-2.3569998741149902,-2.117000102996826,-2.134999990463257,-2.061000108718872,-2.2720000743865967,-2.6469998359680176,-2.236999988555908,-2.6559998989105225,-2.002000093460083,0.0,-0.1600000113248825,0.2160000056028366,0.3020000159740448,0.4100000262260437,0.49300000071525574,0.5669999718666077,-0.0139999995008111,-0.26100000739097595,-0.40700000524520874,-0.7450000047683716,-1.0109999179840088,-0.527999997138977,-0.00699999975040555,-0.026000000536441803,0.04000000283122063,0.030000001192092896,0.06399999558925629,-0.020000001415610313,-0.0430000014603138,-0.15900000929832458,0.0,0.0,0.0,0.0
-2.0739998817443848,-2.11899995803833,-2.3469998836517334,-2.303999900817871,-2.065000057220459,-1.8580000400543213,-1.7409999370574951,-1.9850001335144043,-2.047999858856201,-1.7339999675750732,-2.248000144958496,-2.246000051498413,-2.4769999980926514,-2.7900002002716064,-2.1459999084472656,-2.3889999389648438,-2.1619999408721924,-2.187000036239624,-1.999000072479248,-2.1710000038146973,-2.5,-2.2980000972747803,-2.694000005722046,-1.1410000324249268,0.0,0.0,-0.4909999966621399,0.10599999874830246,0.3149999976158142,0.43699997663497925,0.45499998331069946,0.12999999523162842,-0.3050000071525574,-0.4899999797344208,-0.7660000324249268,-1.0220000743865967,-0.4740000069141388,-0.23900000751018524,0.0139999995008111,0.2720000147819519,0.14300000667572021,0.11300000548362732,-0.044999998062849045,-0.19600000977516174,-0.11699999868869781,0.0,0.0,0.0,0.0
-2.0460000038146973,-2.1510000228881836,-2.442000150680542,-2.2239999771118164,-2.0759999752044678,-1.872999906539917,-1.747999906539917,-2.0149998664855957,-2.0149998664855957,-1.690999984741211,-2.181999921798706,-2.197000026702881,-2.4779999256134033,-3.075000047683716,-2.5799999237060547,-2.447999954223633,-2.1659998893737793,-2.240999937057495,-2.0339999198913574,-2.0280001163482666,-2.2249999046325684,-2.3450000286102295,-2.5749998092651367,-0.8550000190734863,0.0,0.0,0.0,-0.0559999980032444,0.11800000071525574,0.3050000071525574,0.23100000619888306,0.1720000058412552,-0.210999995470047,-0.4899999797344208,-0.7209999561309814,-0.9790000319480896,-0.4089999794960022,-0.24199999868869781,-0.017999999225139618,0.23900000751018524,0.20800000429153442,0.14900000393390656,0.09300000220537186,-0.210999995470047,-0.05700000002980232,-0.01599999889731407,0.0,0.0,0.0
-2.0399999618530273,-2.2249999046325684,-2.3889999389648438,-2.1449999809265137,-2.0399999618530273,-1.8539999723434448,-1.7350000143051147,-1.9809999465942383,-2.052999973297119,-1.6740000247955322,-2.128000020980835,-2.183000087738037,-2.4819998741149902,-3.197999954223633,-2.8429999351501465,-2.495000123977661,-2.1389999389648438,-2.3010001182556152,-2.109999895095825,-1.9889999628067017,-2.072999954223633,-2.0260000228881836,-2.3370001316070557,-0.8510000109672546,0.0,0.0,0.0,0.026000000536441803,0.010999999940395355,0.21199999749660492,0.18799999356269836,0.10999999940395355,-0.08999999612569809,-0.3440000116825104,-0.5090000033378601,-0.3970000147819519,-0.2630000114440918,-0.2280000001192093,-0.07000000029802322,0.3779999911785126,0.14100000262260437,0.15299999713897705,0.2019999921321869,-0.060999996960163116,-0.07000000029802322,-0.003000000026077032,0.0,0.0,0.0
-2.1019999980926514,-2.246999979019165,-2.36899995803833,-2.0309998989105225,-1.9800000190734863,-1.8240000009536743,-1.690999984741211,-1.8739999532699585,-2.069999933242798,-1.7400000095367432,-2.0290000438690186,-2.1419999599456787,-2.3320000171661377,-3.01200008392334,-2.7119998931884766,-2.4169998168945312,-2.2160000801086426,-2.2939999103546143,-2.263000011444092,-2.0399999618530273,-2.0450000762939453,-1.9630000591278076,-1.2760000228881836,-0.9120000004768372,0.0,0.0,-0.11699999868869781,0.003999999724328518,0.00699999975040555,0.16300000250339508,0.09600000083446503,0.12799999117851257,-0.032999999821186066,-0.23199999332427979,-0.3610000014305115,-0.19600000977516174,-0.19500000774860382,-0.1940000057220459,-0.13899999856948853,0.21199999749660492,0.11400000005960464,0.20099999010562897,0.17999999225139618,0.0820000022649765,-0.29999998211860657,0.16899999976158142,0.0,0.0,0.0
-1.9819999933242798,-2.313999891281128,-2.365000009536743,-1.9850001335144043,-1.9739999771118164,-1.8289999961853027,-1.6769999265670776,-1.7489999532699585,-1.9529999494552612,-1.6710000038146973,-2.0399999618530273,-2.1389999389648438,-2.194000005722046,-2.7730000019073486,-2.6069998741149902,-2.319999933242798,-2.236999988555908,-2.13100004196167,-2.2920000553131104,-2.111999988555908,-2.0429999828338623,-1.8989999294281006,-0.6310000419616699,-1.156000018119812,0.0,0.0,0.0,-0.006000000052154064,-0.020000001415610313,0.04800000041723251,0.08500000834465027,0.049000002443790436,0.06399999558925629,-0.1600000113248825,-0.2789999842643738,-0.0430000014603138,-0.11900000274181366,-0.1600000113248825,-0.1679999977350235,0.04399999976158142,0.2529999911785126,0.18700000643730164,0.20600000023841858,0.17100000381469727,-0.25999999046325684,0.25200000405311584,-0.006000000052154064,0.0,0.0
-1.7139999866485596,-2.2039999961853027,-2.246000051498413,-1.9869999885559082,-1.9429999589920044,-1.8480000495910645,-1.6959999799728394,-1.6180000305175781,-1.7170000076293945,-1.6140000820159912,-1.9930000305175781,-2.246999979019165,-2.316999912261963,-2.7090001106262207,-2.684999942779541,-2.2090001106262207,-2.241999864578247,-2.0889999866485596,-2.240999937057495,-2.135999917984009,-1.999000072479248,-1.8369998931884766,-0.9490000009536743,-0.8649999499320984,-0.8059999942779541,0.0,0.0,0.0279999990016222,-0.017000000923871994,-0.07899999618530273,0.07199999690055847,0.06800000369548798,0.11100000143051147,-0.0989999994635582,-0.203000009059906,-0.07400000095367432,-0.10200000554323196,-0.13899999856948853,-0.19500000774860382,0.0009999999310821295,0.18200001120567322,0.21199999749660492,0.07899999618530273,0.04399999976158142,-0.2580000162124634,0.01900000125169754,0.0,0.0,0.0
-1.7470000982284546,-1.8680000305175781,-2.1089999675750732,-2.0239999294281006,-1.906999945640564,-1.8650000095367432,-1.7269999980926514,-1.624000072479248,-1.4859999418258667,-1.5520000457763672,-1.812000036239624,-2.3550000190734863,-2.4210000038146973,-2.667999744415283,-2.676999807357788,-2.24399995803833,-2.256999969482422,-2.075000047683716,-2.1070001125335693,-2.0360000133514404,-1.7260000705718994,-1.8559999465942383,-1.25,-0.10700000822544098,-0.9390000104904175,0.0,0.0,0.0,-0.11100000143051147,-0.22600001096725464,-0.003000000026077032,0.11300000548362732,0.13899999856948853,-0.017000000923871994,-0.14000000059604645,-0.23499998450279236,-0.09100000560283661,0.023000000044703484,-0.03500000014901161,-0.0689999982714653,0.0559999980032444,0.20999999344348907,0.010000000707805157,0.07899999618530273,-0.3089999854564667,-0.3400000333786011,0.0,0.0,0.0
-1.5989999771118164,-1.6949999332427979,-1.9410001039505005,-2.0119998455047607,-1.8639999628067017,-1.878000020980835,-1.7599999904632568,-1.6339999437332153,-1.4810000658035278,-1.4789999723434448,-1.7990000247955322,-2.4019999504089355,-2.4240000247955322,-2.619999885559082,-2.7699999809265137,-2.4130001068115234,-2.2059998512268066,-2.0390000343322754,-1.8389999866485596,-1.7970000505447388,-1.690999984741211,-1.9819999933242798,-1.402000069618225,-0.5260000228881836,-0.7749999761581421,0.0,0.0,0.0,-0.07400000095367432,-0.12000000476837158,-0.06399999558925629,0.08799999952316284,0.11300000548362732,0.09300000220537186,-0.06399999558925629,-0.20600000023841858,-0.19300000369548798,0.04800000041723251,-0.03500000014901161,-0.005000000353902578,0.23100000619888306,0.03400000184774399,-0.052000001072883606,0.09200000017881393,-0.12199999392032623,-0.6040000319480896,0.0,0.0,0.0
-1.5180001258850098,-1.6130000352859497,-1.747999906539917,-1.9010000228881836,-1.812000036239624,-1.8819999694824219,-1.7760000228881836,-1.625,-1.5180001258850098,-1.3830000162124634,-1.7239999771118164,-2.299999952316284,-2.549999952316284,-2.4149999618530273,-2.6469998359680176,-2.6040000915527344,-2.071000099182129,-1.9470000267028809,-1.6660000085830688,-1.690999984741211,-1.8580000400543213,-1.8809999227523804,-1.5329999923706055,-0.7269999980926514,-0.7929999828338623,-0.8399999737739563,0.0,0.0,0.007999999448657036,-0.26600000262260437,-0.14999999105930328,0.026000000536441803,0.015000000596046448,0.05100000277161598,-0.03800000250339508,-0.11300000548362732,-0.04999999701976776,-0.015000000596046448,-0.020999999716877937,0.07499999552965164,0.05299999937415123,-0.0559999980032444,0.038999997079372406,-0.001999999862164259,0.013000000268220901,-0.7269999980926514,0.0,0.0,0.0
-1.440999984741211,-1.5230000019073486,-1.6579999923706055,-1.6779999732971191,-1.659999966621399,-1.8070000410079956,-1.7620000839233398,-1.6169999837875366,-1.5099999904632568,-1.439000129699707,-1.6150000095367432,-2.118000030517578,-2.4010000228881836,-2.322999954223633,-2.3350000381469727,-2.2880001068115234,-1.8849999904632568,-1.9480000734329224,-1.7890000343322754,-1.6349999904632568,-1.8489999771118164,-1.8279999494552612,-1.656000018119812,-0.8250000476837158,-0.6100000143051147,-1.309000015258789,0.0,0.0,0.0,-0.17499999701976776,-0.19900000095367432,-0.12299999594688416,-0.005000000353902578,-0.003999999724328518,-0.007999999448657036,-0.1290000081062317,-0.08100000023841858,0.03800000250339508,0.12700000405311584,0.05900000035762787,-0.03500000014901161,-0.07699999958276749,-0.17800000309944153,0.2720000147819519,-0.42100000381469727,0.0,0.0,0.0,0.0
-1.2909998893737793,-1.4700000286102295,-1.5820000171661377,-1.5889999866485596,-1.4589999914169312,-1.7299998998641968,-1.75,-1.6130000352859497,-1.4849998950958252,-1.4429999589920044,-1.5250000953674316,-1.934000015258789,-2.118000030517578,-2.2120001316070557,-2.114000082015991,-2.0,-1.9459999799728394,-2.0450000762939453,-1.8269999027252197,-1.621000051498413,-1.7869999408721924,-1.837999939918518,-1.8179999589920044,-1.1100000143051147,-0.2759999930858612,0.01900000125169754,0.0,0.0,0.0,0.01900000125169754,-0.20400001108646393,-0.2540000081062317,-0.12600000202655792,-0.05900000035762787,-0.028999999165534973,-0.13699999451637268,-0.04999999701976776,0.15299999713897705,0.16200000047683716,0.008999999612569809,-0.04399999976158142,-0.2160000056028366,-0.3149999976158142,0.10999999940395355,0.0,0.0,0.0,0.0,0.0
-1.159000039100647,-1.4259999990463257,-1.4520000219345093,-1.50600004196167,-1.2419999837875366,-1.6359999179840088,-1.7630000114440918,-1.656000018119812,-1.5149999856948853,-1.4820001125335693,-1.4869999885559082,-1.7879999876022339,-2.002000093460083,-2.000999927520752,-2.0460000038146973,-1.9560000896453857,-2.0299999713897705,-2.0360000133514404,-1.8840000629425049,-1.6760001182556152,-1.7110000848770142,-1.808000087738037,-1.8669999837875366,-1.2419999837875366,-0.14100000262260437,0.15900000929832458,0.0,0.0,0.0,0.0,0.0,-0.31800001859664917,-0.18299999833106995,-0.0949999988079071,-0.16899999976158142,-0.10099999606609344,0.0949999988079071,0.25699999928474426,0.19699999690055847,0.005000000353902578,-0.19200000166893005,-0.30300000309944153,-0.35199999809265137,0.0,0.0,0.0,0.0,0.0,0.0
-0.9579999446868896,-1.2339999675750732,-1.3289999961853027,-1.2919999361038208,-1.1449999809265137,-1.430999994277954,-1.7120001316070557,-1.7149999141693115,-1.5859999656677246,-1.528999924659729,-1.5,-1.693000078201294,-1.8870000839233398,-1.8659999370574951,-1.994999885559082,-1.9560000896453857,-1.9670000076293945,-2.0320000648498535,-1.9889999628067017,-1.6820000410079956,-1.6140000820159912,-1.6699999570846558,-1.8389999866485596,-1.4450000524520874,-0.6279999613761902,0.34200000762939453,0.5389999747276306,0.0,0.0,0.0,0.0,-0.4659999907016754,-0.2800000011920929,-0.2409999966621399,-0.19200000166893005,-0.09800000488758087,0.3269999921321869,0.2709999978542328,0.17499999701976776,-0.04999999701976776,-0.3370000123977661,-0.3579999804496765,-0.09700000286102295,0.0,0.0,0.0,0.0,0.0,0.0
