data/wind13.json
{"header": { "parameterNumberName": "northward_wind", "parameterUnit": "m.s-1", "parameterNumber": 3, "parameterCategory": 2, "nx": 121, "ny": 221, "numberPoints": 26741, "dx": 0.005000000000000071, "dy": 0.005000000000000006, "la1": -31.6, "lo1": 115.3, "la2": -32.7, "lo2": 115.9, "refTime": "2022-11-25 22:00:00" }, "data":
[rows 176 to 197 of 221, columns 49 to 97 of 121]
0.7609999775886536,0.7240000367164612,0.7230000495910645,0.6369999647140503,0.5669999718666077,0.3790000081062317,0.1290000081062317,0.07799999415874481,0.10599999874830246,0.41999998688697815,0.2709999978542328,0.2409999966621399,0.3669999837875366,0.0,0.45899999141693115,0.4749999940395355,0.41200000047683716,0.31800001859664917,0.04699999839067459,-0.1889999955892563,-0.17000001668930054,0.11900000274181366,0.34700000286102295,0.25099998712539673,0.4449999928474426,0.4359999895095825,0.4280000329017639,0.40800002217292786,0.4259999990463257,0.4710000157356262,0.4610000252723694,0.31300002336502075,0.125,-0.04699999839067459,-0.15900000929832458,-0.1420000046491623,-0.1889999955892563,-0.3070000112056732,-0.1459999978542328,0.06499999761581421,0.27000001072883606,0.0,0.0,0.0,0.0,0.0,0.0,0.0,0.0
0.6660000085830688,0.6279999613761902,0.6629999876022339,0.6060000061988831,0.49800002574920654,0.3880000114440918,0.22699999809265137,0.2150000035762787,0.24000000953674316,0.3009999990463257,0.2280000001192093,0.2709999978542328,0.3620000183582306,0.0,0.5609999895095825,0.5569999814033508,0.48500001430511475,0.42100000381469727,0.07799999415874481,-0.12700000405311584,-0.11400000005960464,0.24700000882148743,0.31199997663497925,0.1730000078678131,0.3449999988079071,0.4010000228881836,0.33899998664855957,0.328000009059906,0.38499999046325684,0.41999998688697815,0.4269999861717224,0.29600000381469727,0.20500001311302185,0.06200000271201134,-0.032999999821186066,-0.060999996960163116,-0.19999998807907104,-0.3290000259876251,-0.08100000023841858,0.1459999978542328,0.0,0.0,0.0,0.0,0.0,0.0,0.0,0.0,0.0
0.6459999680519104,0.671999990940094,0.6920000314712524,0.6260000467300415,0.5759999752044678,0.453000009059906,0.3229999840259552,0.31700000166893005,0.34299999475479126,0.28200000524520874,0.3100000023841858,0.2919999957084656,0.31300002336502075,0.0,0.6270000338554382,0.5830000042915344,0.5160000324249268,0.3779999911785126,0.10700000822544098,-0.09300000220537186,-0.007999999448657036,0.3319999873638153,0.2709999978542328,0.20800000429153442,0.2290000021457672,0.27300000190734863,0.2619999945163727,0.2639999985694885,0.34700000286102295,0.3920000195503235,0.39399999380111694,0.3330000042915344,0.2459999918937683,0.10400000214576721,-0.06599999964237213,-0.10400000214576721,-0.28700000047683716,-0.335999995470047,-0.04000000283122063,0.24800001084804535,0.0,0.0,0.0,0.0,0.0,0.0,0.0,0.0,0.0
0.7230000495910645,0.7269999980926514,0.7109999656677246,0.684999942779541,0.6620000600814819,0.5530000329017639,0.453000009059906,0.48900002241134644,0.35899999737739563,0.25699999928474426,0.23000000417232513,0.31199997663497925,0.23199999332427979,0.3610000014305115,0.590999960899353,0.5299999713897705,0.3630000054836273,0.25599998235702515,0.1459999978542328,-0.0279999990016222,0.13300000131130219,0.3659999966621399,0.27799999713897705,0.28299999237060547,0.27300000190734863,0.20899999141693115,0.20800000429153442,0.16899999976158142,0.375,0.46000000834465027,0.34700000286102295,0.29500001668930054,0.2019999921321869,0.05700000002980232,-0.08100000023841858,-0.14800000190734863,-0.3139999806880951,-0.22100000083446503,0.10899999737739563,0.0,0.0,0.0,0.0,0.0,0.0,0.0,0.0,0.0,0.0
0.7989999651908875,0.7699999809265137,0.7509999871253967,0.7319999933242798,0.7300000190734863,0.6520000100135803,0.550000011920929,0.5379999876022339,0.43400001525878906,0.3139999806880951,0.11300000548362732,0.1510000079870224,0.35199999809265137,0.4089999794960022,0.4960000216960907,0.390999972820282,0.27799999713897705,0.24000000953674316,0.22699999809265137,0.05400000140070915,0.2669999897480011,0.35600000619888306,0.2630000114440918,0.3479999899864197,0.34200000762939453,0.28600001335144043,0.21799999475479126,0.07199999690055847,0.2409999966621399,0.4350000023841858,0.19600000977516174,0.14300000667572021,0.10499999672174454,-0.01599999889731407,-0.0729999989271164,-0.14399999380111694,-0.2409999966621399,-0.0009999999310821295,0.2459999918937683,0.0,0.0,0.0,0.0,0.0,0.0,0.0,0.0,0.0,0.0
0.8680000305175781,0.8429999351501465,0.8030000329017639,0.7940000295639038,0.7900000214576721,0.7429999709129333,0.6340000033378601,0.5929999947547913,0.5830000042915344,0.4899999797344208,0.31800001859664917,0.04600000008940697,0.3920000195503235,0.45000001788139343,0.5690000057220459,0.37400001287460327,0.2800000011920929,0.30799999833106995,0.1810000091791153,0.06300000101327896,0.23000000417232513,0.3229999840259552,0.37300002574920654,0.41700002551078796,0.4010000228881836,0.31599998474121094,0.18200001120567322,0.13899999856948853,0.39500001072883606,0.3109999895095825,0.08699999749660492,0.006000000052154064,0.008999999612569809,-0.05299999937415123,-0.07400000095367432,-0.1080000028014183,-0.07899999618530273,0.10200000554323196,0.33399999141693115,0.0,0.0,0.0,0.0,0.0,0.0,0.0,0.0,0.0,0.0
0.9139999747276306,0.9020000100135803,0.8700000047683716,0.8600000143051147,0.8579999804496765,0.8309999704360962,0.7660000324249268,0.6809999942779541,0.6710000038146973,0.590999960899353,0.4359999895095825,0.3569999933242798,0.4050000011920929,0.48099997639656067,0.6050000190734863,0.406000018119812,0.31300002336502075,0.22500000894069672,0.1420000046491623,0.11699999868869781,0.09700000286102295,0.24000000953674316,0.3620000183582306,0.4300000071525574,0.4010000228881836,0.2770000100135803,0.19500000774860382,0.39000001549720764,0.4309999942779541,0.21400001645088196,0.04699999839067459,-0.09100000560283661,-0.057999998331069946,-0.0279999990016222,-0.03199999779462814,0.017999999225139618,0.07699999958276749,0.22699999809265137,0.0,0.0,0.0,0.0,0.0,0.0,0.0,0.0,0.0,0.0,0.0
0.9589999914169312,0.9769999980926514,0.9610000252723694,0.9329999685287476,0.9369999766349792,0.9210000038146973,0.8860000371932983,0.7929999828338623,0.7360000014305115,0.6819999814033508,0.578000009059906,0.5379999876022339,0.5519999861717224,0.5519999861717224,0.5839999914169312,0.44599997997283936,0.3240000009536743,0.20999999344348907,0.13500000536441803,0.1119999960064888,0.18400000035762787,0.2639999985694885,0.35999998450279236,0.3669999837875366,0.22299998998641968,0.21400001645088196,0.3709999918937683,0.4089999794960022,0.21299999952316284,-0.060999996960163116,-0.08000000566244125,-0.057999998331069946,-0.017999999225139618,0.0279999990016222,0.020000001415610313,0.07400000095367432,0.1889999955892563,0.0,0.0,0.0,0.0,0.0,0.0,0.0,0.0,0.0,0.0,0.0,0.0
1.0549999475479126,1.0450000762939453,1.0379999876022339,0.9920000433921814,0.9799999594688416,0.9700000286102295,0.9420000314712524,0.8649999499320984,0.7900000214576721,0.7580000162124634,0.706000030040741,0.6580000519752502,0.6129999756813049,0.5979999899864197,0.5579999685287476,0.4690000116825104,0.37599998712539673,0.2199999988079071,0.19999998807907104,0.10899999737739563,0.18700000643730164,0.32600000500679016,0.3840000033378601,0.25699999928474426,0.054999999701976776,0.3009999990463257,0.44699999690055847,0.2580000162124634,0.08299999684095383,0.006000000052154064,0.0139999995008111,0.03400000184774399,0.0,0.0,0.10099999606609344,0.15799999237060547,0.0,0.0,0.0,0.0,0.0,0.0,0.0,0.0,0.0,0.0,0.0,0.0,0.0
1.215000033378601,1.0779999494552612,1.0750000476837158,1.0479999780654907,1.0080000162124634,0.9880000352859497,0.9470000267028809,0.8849999904632568,0.8289999961853027,0.7999999523162842,0.7480000257492065,0.6859999895095825,0.6360000371932983,0.6110000014305115,0.578000009059906,0.4620000123977661,0.3819999694824219,0.3440000116825104,0.2800000011920929,0.2540000081062317,0.3499999940395355,0.41099998354911804,0.335999995470047,0.1510000079870224,0.2720000147819519,0.5249999761581421,0.35899999737739563,0.10899999737739563,0.05400000140070915,0.0430000014603138,0.04100000113248825,0.0,0.0,0.0,0.0,0.0,0.0,0.0,0.0,0.0,0.0,0.0,0.0,0.0,0.0,0.0,0.0,0.0,0.0
1.3639999628067017,1.149999976158142,1.0950000286102295,1.055999994277954,1.0149999856948853,0.9979999661445618,0.9610000252723694,0.9390000104904175,0.8950000405311584,0.8389999866485596,0.7480000257492065,0.6809999942779541,0.6209999918937683,0.625,0.6080000400543213,0.5199999809265137,0.4280000329017639,0.38499999046325684,0.3370000123977661,0.3659999966621399,0.4560000002384186,0.41200000047683716,0.23199999332427979,0.20800000429153442,0.4919999837875366,0.5209999680519104,0.21700000762939453,0.03400000184774399,0.041999999433755875,0.049000002443790436,0.0,0.0,0.0,0.0,0.0,0.0,0.0,0.0,0.0,0.0,0.0,0.0,0.0,0.0,0.0,0.0,0.0,0.0,0.0
1.4589999914169312,1.2909998893737793,1.1169999837875366,1.0679999589920044,1.0149999856948853,0.9900000095367432,1.0019999742507935,1.0450000762939453,0.9639999866485596,0.8690000176429749,0.7760000228881836,0.6940000057220459,0.5979999899864197,0.527999997138977,0.5879999995231628,0.6050000190734863,0.421999990940094,0.33399999141693115,0.32499998807907104,0.43299999833106995,0.4960000216960907,0.32600000500679016,0.19500000774860382,0.414000004529953,0.6190000176429749,0.3139999806880951,0.028999999165534973,0.04399999976158142,0.057999998331069946,0.0,0.0,0.0,0.0,0.0,0.0,0.0,0.0,0.0,0.0,0.0,0.0,0.0,0.0,0.0,0.0,0.0,0.0,0.0,0.0
1.439000129699707,1.4329999685287476,1.2280000448226929,1.0809999704360962,1.027000069618225,1.0130000114440918,1.0700000524520874,1.1209999322891235,1.069000005722046,0.9610000252723694,0.8059999942779541,0.8009999990463257,0.5789999961853027,0.46299999952316284,0.531000018119812,0.550000011920929,0.3889999985694885,0.2789999842643738,0.3700000047683716,0.44599997997283936,0.34200000762939453,0.20800000429153442,0.24300000071525574,0.5290000438690186,0.390999972820282,0.0860000029206276,0.0430000014603138,0.06499999761581421,0.0689999982714653,0.0,0.0,0.0,0.0,0.0,0.0,0.0,0.0,0.0,0.0,0.0,0.0,0.0,0.0,0.0,0.0,0.0,0.0,0.0,0.0
1.5429999828338623,1.4639999866485596,1.319000005722046,1.187999963760376,1.0700000524520874,1.0820000171661377,1.1180000305175781,1.1449999809265137,1.0920000076293945,1.0090000629425049,0.859000027179718,0.8460000157356262,0.6330000162124634,0.40700000524520874,0.32499998807907104,0.531000018119812,0.5509999990463257,0.39500001072883606,0.3889999985694885,0.32600000500679016,0.22600001096725464,0.26899999380111694,0.3100000023841858,0.3089999854564667,0.08999999612569809,0.015000000596046448,0.052000001072883606,0.06200000271201134,0.0,0.0,0.0,0.0,0.0,0.0,0.0,0.0,0.0,0.0,0.0,0.0,0.0,0.0,0.0,0.0,0.0,0.0,0.0,0.0,0.0
1.5889999866485596,1.4480000734329224,1.3779999017715454,1.3240001201629639,1.2080000638961792,1.1150000095367432,1.1460000276565552,1.13100004196167,1.0989999771118164,0.9520000219345093,0.878000020980835,0.8340000510215759,0.7389999628067017,0.5270000100135803,0.31800001859664917,0.48000001907348633,0.699999988079071,0.5389999747276306,0.28700000047683716,0.21799999475479126,0.2580000162124634,0.33399999141693115,0.25599998235702515,0.005000000353902578,-0.13300000131130219,-0.012000000104308128,0.054999999701976776,0.08699999749660492,0.0,0.0,0.0,0.0,0.0,0.0,0.0,0.0,0.0,0.0,0.0,0.0,0.0,0.0,0.0,0.0,0.0,0.0,0.0,0.0,0.0
1.7470000982284546,1.5670000314712524,1.3779999017715454,1.350000023841858,1.2649999856948853,1.2070000171661377,1.156000018119812,1.1209999322891235,1.0700000524520874,0.9329999685287476,0.8669999837875366,0.777999997138977,0.7350000143051147,0.715999960899353,0.49800002574920654,0.4620000123977661,0.6880000233650208,0.5559999942779541,0.25699999928474426,0.2449999898672104,0.32200002670288086,0.2639999985694885,0.02199999988079071,-0.19699999690055847,-0.07699999958276749,0.04100000113248825,0.08999999612569809,0.0,0.0,0.0,0.0,0.0,0.0,0.0,0.0,0.0,0.0,0.0,0.0,0.0,0.0,0.0,0.0,0.0,0.0,0.0,0.0,0.0,0.0
1.9660000801086426,1.6339999437332153,1.3989999294281006,1.4679999351501465,1.1929999589920044,1.1460000276565552,1.128000020980835,1.0880000591278076,0.9889999628067017,0.9259999990463257,0.8389999866485596,0.7660000324249268,0.8059999942779541,0.8709999918937683,0.7050000429153442,0.4479999840259552,0.5710000395774841,0.6029999852180481,0.4350000023841858,0.3840000033378601,0.3009999990463257,0.038999997079372406,-0.19699999690055847,-0.08699999749660492,0.03199999779462814,0.09200000017881393,0.0,0.0,0.0,0.0,0.0,0.0,0.0,0.0,0.0,0.0,0.0,0.0,0.0,0.0,0.0,0.0,0.0,0.0,0.0,0.0,0.0,0.0,0.0
1.9550000429153442,1.7309999465942383,1.3830000162124634,1.3569999933242798,1.1949999332427979,1.1689999103546143,1.1370000839233398,1.0019999742507935,0.8860000371932983,0.8680000305175781,0.8510000109672546,0.8539999723434448,0.8640000224113464,0.9340000152587891,0.9259999990463257,0.4860000014305115,0.4050000011920929,0.7620000243186951,0.781000018119812,0.3669999837875366,0.0989999994635582,-0.16599999368190765,-0.07600000500679016,0.017999999225139618,0.09399999678134918,0.0,0.0,0.0,0.0,0.0,0.0,0.0,0.0,0.0,0.0,0.0,0.0,0.0,0.0,0.0,0.0,0.0,0.0,0.0,0.0,0.0,0.0,0.0,0.0
1.906999945640564,1.8289999961853027,1.3539999723434448,1.315000057220459,1.2160000801086426,1.1990000009536743,1.1119999885559082,0.9629999995231628,0.796999990940094,0.6940000057220459,0.8039999604225159,0.8799999952316284,0.8519999980926514,0.875,0.8259999752044678,0.4650000035762787,0.45499998331069946,0.8869999647140503,0.7300000190734863,0.1860000044107437,-0.15299999713897705,-0.06399999558925629,0.0279999990016222,0.08999999612569809,0.0,0.0,0.0,0.0,0.0,0.0,0.0,0.0,0.0,0.0,0.0,0.0,0.0,0.0,0.0,0.0,0.0,0.0,0.0,0.0,0.0,0.0,0.0,0.0,0.0
1.809999942779541,1.9089999198913574,1.2940000295639038,1.2950000762939453,1.2639999389648438,1.2380000352859497,1.1399999856948853,0.9240000247955322,0.7319999933242798,0.6380000114440918,0.7490000128746033,0.8429999351501465,0.8389999866485596,0.812000036239624,0.7069999575614929,0.5530000329017639,0.6239999532699585,0.7870000004768372,0.3460000157356262,-0.09700000286102295,-0.05900000035762787,0.03100000135600567,0.1080000028014183,0.0,0.0,0.0,0.0,0.0,0.0,0.0,0.0,0.0,0.0,0.0,0.0,0.0,0.0,0.0,0.0,0.0,0.0,0.0,0.0,0.0,0.0,0.0,0.0,0.0,0.0
1.7599999904632568,1.871999979019165,1.3079999685287476,1.2510000467300415,1.2610000371932983,1.2269999980926514,1.1959999799728394,0.9740000367164612,0.7020000219345093,0.6669999361038208,0.6779999732971191,0.7730000019073486,0.9079999923706055,0.7450000047683716,0.6940000057220459,0.6629999876022339,0.7050000429153442,0.6959999799728394,0.05299999937415123,0.02199999988079071,0.038999997079372406,0.11500000208616257,0.0,0.0,0.0,0.0,0.0,0.0,0.0,0.0,0.0,0.0,0.0,0.0,0.0,0.0,0.0,0.0,0.0,0.0,0.0,0.0,0.0,0.0,0.0,0.0,0.0,0.0,0.0
1.7450000047683716,1.875,1.4249999523162842,1.246000051498413,1.184000015258789,1.0720000267028809,1.1689999103546143,1.2230000495910645,0.8270000219345093,0.7230000495910645,0.7870000004768372,0.8550000190734863,1.0709999799728394,0.7940000295639038,0.7339999675750732,0.699999988079071,0.6510000228881836,0.6349999904632568,0.29600000381469727,0.06000000238418579,0.11100000143051147,0.0,0.0,0.0,0.0,0.0,0.0,0.0,0.0,0.0,0.0,0.0,0.0,0.0,0.0,0.0,0.0,0.0,0.0,0.0,0.0,0.0,0.0,0.0,0.0,0.0,0.0,0.0,0.0
