data/wind6.json
{"header": { "parameterNumberName": "eastward_wind", "parameterUnit": "m.s-1", "parameterNumber": 2, "parameterCategory": 2, "nx": 121, "ny": 221, "numberPoints": 26741, "dx": 0.005000000000000071, "dy": 0.005000000000000006, "la1": -31.6, "lo1": 115.3, "la2": -32.7, "lo2": 115.9, "refTime": "2022-11-25 08:00:00" }, "data":
[rows 176 to 197 of 221, columns 48 to 95 of 121]
0.3479999899864197,0.3139999806880951,0.14000000059604645,0.052000001072883606,-0.003999999724328518,-0.08299999684095383,-0.2370000034570694,-0.3530000150203705,-0.12199999392032623,0.1469999998807907,0.13899999856948853,0.08399999886751175,0.0729999989271164,0.08399999886751175,0.0,0.11300000548362732,0.09100000560283661,0.038999997079372406,-0.003999999724328518,-0.052000001072883606,-0.06499999761581421,-0.03100000135600567,0.008999999612569809,0.017000000923871994,-0.030000001192092896,-0.04600000008940697,-0.0949999988079071,-0.14900000393390656,-0.26100000739097595,-0.34299999475479126,-0.34700000286102295,-0.32999998331069946,-0.27399998903274536,-0.2459999918937683,-0.1899999976158142,-0.16899999976158142,-0.0949999988079071,-0.001999999862164259,0.1119999960064888,0.08299999684095383,0.015000000596046448,-0.04800000041723251,0.0,0.0,0.0,0.0,0.0,0.0
0.16300000250339508,-0.01900000125169754,-0.21700000762939453,-0.29100000858306885,-0.3109999895095825,-0.31800001859664917,-0.34700000286102295,-0.36800000071525574,-0.19099998474121094,-0.08900000154972076,-0.003000000026077032,-0.10400000214576721,0.005000000353902578,0.14300000667572021,0.0,0.15599998831748962,0.1469999998807907,0.11800000071525574,0.11599999666213989,0.11100000143051147,0.11699999868869781,0.1459999978542328,0.16899999976158142,0.13500000536441803,0.09100000560283661,0.01599999889731407,-0.08500000834465027,-0.26600000262260437,-0.375,-0.39399999380111694,-0.39000001549720764,-0.37300002574920654,-0.3440000116825104,-0.2800000011920929,-0.21299999952316284,-0.1459999978542328,-0.07400000095367432,0.026000000536441803,0.11599999666213989,0.044999998062849045,-0.024000000208616257,0.0,0.0,0.0,0.0,0.0,0.0,0.0
-0.1850000023841858,-0.20400001108646393,-0.25999999046325684,-0.29999998211860657,-0.3109999895095825,-0.3089999854564667,-0.32999998331069946,-0.3149999976158142,-0.18299999833106995,-0.001999999862164259,-0.030000001192092896,0.07199999690055847,0.13600000739097595,0.10499999672174454,0.0,0.14900000393390656,0.14000000059604645,0.14499999582767487,0.16300000250339508,0.15900000929832458,0.1720000058412552,0.20500001311302185,0.21199999749660492,0.13500000536441803,0.09700000286102295,0.01900000125169754,-0.13899999856948853,-0.3149999976158142,-0.390999972820282,-0.41700002551078796,-0.42399999499320984,-0.41700002551078796,-0.40299999713897705,-0.33500000834465027,-0.22200000286102295,-0.1600000113248825,-0.10700000822544098,0.015000000596046448,0.07100000232458115,0.005000000353902578,-0.06300000101327896,0.0,0.0,0.0,0.0,0.0,0.0,0.0
-0.2280000001192093,-0.24700000882148743,-0.24800001084804535,-0.24700000882148743,-0.24199999868869781,-0.21700000762939453,-0.17499999701976776,-0.13899999856948853,-0.05700000002980232,0.010000000707805157,0.003999999724328518,-0.02499999850988388,-0.11500000208616257,-0.054999999701976776,-0.0279999990016222,0.01900000125169754,0.08000000566244125,0.14800000190734863,0.15299999713897705,0.11500000208616257,0.15900000929832458,0.1770000010728836,0.14800000190734863,0.038999997079372406,-0.044999998062849045,-0.08699999749660492,-0.13099999725818634,-0.17000001668930054,-0.3240000009536743,-0.35100001096725464,-0.3659999966621399,-0.3999999761581421,-0.4010000228881836,-0.35500001907348633,-0.2370000034570694,-0.15799999237060547,-0.13099999725818634,0.00699999975040555,0.03400000184774399,-0.026000000536441803,0.0,0.0,0.0,0.0,0.0,0.0,0.0,0.0
-0.2199999988079071,-0.15799999237060547,-0.13099999725818634,-0.11699999868869781,-0.10700000822544098,-0.07400000095367432,-0.06700000166893005,-0.06000000238418579,-0.06700000166893005,-0.01599999889731407,0.044999998062849045,0.04699999839067459,0.017000000923871994,-0.007999999448657036,-0.09399999678134918,-0.12600000202655792,-0.0430000014603138,-0.08999999612569809,-0.05299999937415123,0.023000000044703484,0.09800000488758087,0.0820000022649765,-0.0430000014603138,-0.09200000017881393,-0.14499999582767487,-0.13300000131130219,-0.11599999666213989,-0.14300000667572021,-0.25599998235702515,-0.3229999840259552,-0.335999995470047,-0.31599998474121094,-0.2759999930858612,-0.23600000143051147,-0.19099998474121094,-0.1550000011920929,-0.09800000488758087,0.0559999980032444,-0.001999999862164259,-0.05900000035762787,0.0,0.0,0.0,0.0,0.0,0.0,0.0,0.0
-0.125,-0.06000000238418579,-0.06499999761581421,-0.0820000022649765,-0.07499999552965164,-0.06599999964237213,-0.07799999415874481,-0.06499999761581421,-0.04999999701976776,-0.05299999937415123,0.013000000268220901,0.04800000041723251,0.2549999952316284,0.24399998784065247,-0.2199999988079071,-0.1850000023841858,-0.15200001001358032,-0.09300000220537186,-0.07499999552965164,-0.09399999678134918,-0.10999999940395355,-0.23600000143051147,-0.3009999990463257,-0.2630000114440918,-0.1940000057220459,-0.14300000667572021,-0.1550000011920929,-0.22200000286102295,-0.2669999897480011,-0.24399998784065247,-0.22500000894069672,-0.21799999475479126,-0.22299998998641968,-0.210999995470047,-0.1850000023841858,-0.15299999713897705,-0.06800000369548798,0.003999999724328518,-0.04000000283122063,-0.09300000220537186,0.0,0.0,0.0,0.0,0.0,0.0,0.0,0.0
-0.07499999552965164,-0.057999998331069946,-0.04999999701976776,-0.057999998331069946,-0.04600000008940697,-0.03800000250339508,-0.038999997079372406,-0.026000000536441803,0.01900000125169754,-0.0,-0.010000000707805157,0.035999998450279236,0.0430000014603138,0.08900000154972076,-0.16100001335144043,-0.12099999934434891,-0.13899999856948853,-0.06200000271201134,-0.07799999415874481,-0.10499999672174454,-0.16200000047683716,-0.20099999010562897,-0.2540000081062317,-0.22500000894069672,-0.16699999570846558,-0.19500000774860382,-0.2680000066757202,-0.29100000858306885,-0.16699999570846558,-0.0949999988079071,-0.11300000548362732,-0.15299999713897705,-0.1850000023841858,-0.17499999701976776,-0.19500000774860382,-0.18200001120567322,-0.12099999934434891,-0.06200000271201134,-0.07699999958276749,0.0,0.0,0.0,0.0,0.0,0.0,0.0,0.0,0.0
-0.09700000286102295,-0.06599999964237213,-0.020999999716877937,-0.00699999975040555,0.01599999889731407,0.024000000208616257,0.02499999850988388,0.02199999988079071,0.052000001072883606,0.05299999937415123,0.02199999988079071,0.001999999862164259,-0.007999999448657036,-0.03400000184774399,-0.041999999433755875,-0.07899999618530273,-0.1119999960064888,-0.08699999749660492,-0.08000000566244125,-0.11599999666213989,-0.16899999976158142,-0.20400001108646393,-0.18299999833106995,-0.1510000079870224,-0.13699999451637268,-0.22100000083446503,-0.30300000309944153,-0.23399999737739563,-0.15699999034404755,-0.14499999582767487,-0.1340000033378601,-0.125,-0.12000000476837158,-0.12299999594688416,-0.1420000046491623,-0.20999999344348907,-0.14399999380111694,-0.05900000035762787,0.0,0.0,0.0,0.0,0.0,0.0,0.0,0.0,0.0,0.0
-0.1119999960064888,-0.02199999988079071,0.01900000125169754,0.03100000135600567,0.04100000113248825,0.05700000002980232,0.06700000166893005,0.0820000022649765,0.0949999988079071,0.0860000029206276,0.041999999433755875,0.005000000353902578,-0.07699999958276749,-0.08999999612569809,-0.08399999886751175,-0.08699999749660492,-0.11400000005960464,-0.1899999976158142,-0.2150000035762787,-0.15299999713897705,-0.12600000202655792,-0.1420000046491623,-0.13899999856948853,-0.12700000405311584,-0.1679999977350235,-0.24900001287460327,-0.19900000095367432,-0.14499999582767487,-0.09700000286102295,-0.06300000101327896,-0.0729999989271164,-0.11400000005960464,-0.125,0.0,0.0,-0.09200000017881393,-0.04000000283122063,0.0,0.0,0.0,0.0,0.0,0.0,0.0,0.0,0.0,0.0,0.0
-0.057999998331069946,0.006000000052154064,0.027000000700354576,0.03100000135600567,0.04999999701976776,0.08799999952316284,0.11400000005960464,0.13099999725818634,0.13899999856948853,0.12799999117851257,0.06399999558925629,-0.057999998331069946,-0.15299999713897705,-0.1979999989271164,-0.1940000057220459,-0.18799999356269836,-0.25099998712539673,-0.2770000100135803,-0.2789999842643738,-0.1860000044107437,-0.14000000059604645,-0.12099999934434891,-0.09200000017881393,-0.12799999117851257,-0.20400001108646393,-0.19699999690055847,-0.12999999523162842,-0.04000000283122063,0.020000001415610313,-0.024000000208616257,-0.1080000028014183,-0.15299999713897705,0.0,0.0,0.0,0.0,0.0,0.0,0.0,0.0,0.0,0.0,0.0,0.0,0.0,0.0,0.0,0.0
0.00699999975040555,-0.03700000047683716,0.015000000596046448,0.041999999433755875,0.06700000166893005,0.10599999874830246,0.15900000929832458,0.10999999940395355,0.10599999874830246,0.08100000023841858,0.0430000014603138,-0.0430000014603138,-0.1290000081062317,-0.1940000057220459,-0.1889999955892563,-0.19600000977516174,-0.21799999475479126,-0.23199999332427979,-0.21799999475479126,-0.19999998807907104,-0.1379999965429306,-0.07499999552965164,-0.09100000560283661,-0.16699999570846558,-0.1720000058412552,-0.14399999380111694,-0.06800000369548798,0.03199999779462814,0.05700000002980232,-0.05900000035762787,-0.12799999117851257,0.0,0.0,0.0,0.0,0.0,0.0,0.0,0.0,0.0,0.0,0.0,0.0,0.0,0.0,0.0,0.0,0.0
-0.060999996960163116,-0.09300000220537186,-0.017000000923871994,0.06599999964237213,0.08799999952316284,0.041999999433755875,0.030000001192092896,0.030000001192092896,0.020000001415610313,0.0139999995008111,-0.013000000268220901,-0.0989999994635582,-0.15299999713897705,-0.17000001668930054,-0.1860000044107437,-0.18700000643730164,-0.20500001311302185,-0.2290000021457672,-0.23100000619888306,-0.20099999010562897,-0.11300000548362732,-0.05400000140070915,-0.12700000405311584,-0.17800000309944153,-0.08000000566244125,-0.04100000113248825,0.015000000596046448,0.08299999684095383,-0.003000000026077032,-0.09100000560283661,0.0,0.0,0.0,0.0,0.0,0.0,0.0,0.0,0.0,0.0,0.0,0.0,0.0,0.0,0.0,0.0,0.0,0.0
-0.06499999761581421,-0.05299999937415123,-0.038999997079372406,-0.020999999716877937,-0.017000000923871994,-0.060999996960163116,-0.07600000500679016,-0.0559999980032444,-0.0559999980032444,-0.0860000029206276,-0.12799999117851257,-0.16300000250339508,-0.210999995470047,-0.14900000393390656,-0.12799999117851257,-0.25599998235702515,-0.3229999840259552,-0.29600000381469727,-0.24000000953674316,-0.15699999034404755,-0.08299999684095383,-0.12099999934434891,-0.17399999499320984,-0.07100000232458115,0.020999999716877937,0.017000000923871994,0.024000000208616257,0.020000001415610313,-0.044999998062849045,-0.0860000029206276,0.0,0.0,0.0,0.0,0.0,0.0,0.0,0.0,0.0,0.0,0.0,0.0,0.0,0.0,0.0,0.0,0.0,0.0
-0.049000002443790436,-0.03100000135600567,-0.12600000202655792,-0.18200001120567322,-0.17100000381469727,-0.12099999934434891,-0.12400000542402267,-0.11599999666213989,-0.11599999666213989,-0.15200001001358032,-0.09999999403953552,-0.23199999332427979,-0.281000018119812,-0.2619999945163727,-0.2750000059604645,-0.2939999997615814,-0.3149999976158142,-0.2879999876022339,-0.19200000166893005,-0.10899999737739563,-0.14300000667572021,-0.1810000091791153,-0.07199999690055847,0.03700000047683716,0.08900000154972076,-0.00699999975040555,-0.04800000041723251,-0.05400000140070915,-0.07600000500679016,0.0,0.0,0.0,0.0,0.0,0.0,0.0,0.0,0.0,0.0,0.0,0.0,0.0,0.0,0.0,0.0,0.0,0.0,0.0
-0.12199999392032623,-0.0820000022649765,-0.15299999713897705,-0.23000000417232513,-0.2930000126361847,-0.23199999332427979,-0.15399999916553497,-0.12999999523162842,-0.164000004529953,-0.12999999523162842,-0.20800000429153442,-0.2370000034570694,-0.2639999985694885,-0.3479999899864197,-0.3269999921321869,-0.25699999928474426,-0.2540000081062317,-0.22100000083446503,-0.13300000131130219,-0.17999999225139618,-0.210999995470047,-0.10999999940395355,0.03100000135600567,0.04100000113248825,-0.0989999994635582,-0.16899999976158142,-0.09200000017881393,-0.06700000166893005,-0.12600000202655792,0.0,0.0,0.0,0.0,0.0,0.0,0.0,0.0,0.0,0.0,0.0,0.0,0.0,0.0,0.0,0.0,0.0,0.0,0.0
-0.2590000033378601,-0.2370000034570694,-0.20899999141693115,-0.20899999141693115,-0.2540000081062317,-0.2529999911785126,-0.19900000095367432,-0.1290000081062317,-0.10099999606609344,-0.09399999678134918,-0.1889999955892563,-0.18400000035762787,-0.3190000057220459,-0.38499999046325684,-0.3059999942779541,-0.23199999332427979,-0.16300000250339508,-0.13500000536441803,-0.2150000035762787,-0.25699999928474426,-0.15900000929832458,-0.012000000104308128,0.010999999940395355,-0.12700000405311584,-0.24800001084804535,-0.18700000643730164,-0.11100000143051147,-0.125,0.0,0.0,0.0,0.0,0.0,0.0,0.0,0.0,0.0,0.0,0.0,0.0,0.0,0.0,0.0,0.0,0.0,0.0,0.0,0.0
-0.28200000524520874,-0.35199999809265137,-0.32600000500679016,-0.21400001645088196,-0.0430000014603138,-0.08000000566244125,-0.12700000405311584,-0.09300000220537186,-0.0689999982714653,-0.10499999672174454,-0.17899999022483826,-0.3269999921321869,-0.43799999356269836,-0.36500000953674316,-0.2750000059604645,-0.1730000078678131,-0.08500000834465027,-0.22200000286102295,-0.33899998664855957,-0.19699999690055847,-0.02199999988079071,0.012000000104308128,-0.12299999594688416,-0.26899999380111694,-0.21700000762939453,-0.16499999165534973,-0.125,0.0,0.0,0.0,0.0,0.0,0.0,0.0,0.0,0.0,0.0,0.0,0.0,0.0,0.0,0.0,0.0,0.0,0.0,0.0,0.0,0.0
-0.27300000190734863,-0.296999990940094,-0.2459999918937683,-0.11300000548362732,-0.07600000500679016,-0.16899999976158142,-0.14999999105930328,-0.09700000286102295,-0.08799999952316284,-0.1119999960064888,-0.2879999876022339,-0.4650000035762787,-0.41099998354911804,-0.35100001096725464,-0.2280000001192093,-0.14999999105930328,-0.1889999955892563,-0.2939999997615814,-0.2549999952316284,-0.08500000834465027,0.015000000596046448,-0.09800000488758087,-0.21400001645088196,-0.16599999368190765,-0.11699999868869781,-0.12400000542402267,0.0,0.0,0.0,0.0,0.0,0.0,0.0,0.0,0.0,0.0,0.0,0.0,0.0,0.0,0.0,0.0,0.0,0.0,0.0,0.0,0.0,0.0
-0.14999999105930328,-0.15599998831748962,-0.09100000560283661,-0.017999999225139618,-0.20800000429153442,-0.25,-0.18799999356269836,-0.15399999916553497,-0.14800000190734863,-0.2239999920129776,-0.3700000047683716,-0.4399999976158142,-0.43299999833106995,-0.36800000071525574,-0.281000018119812,-0.29100000858306885,-0.31700000166893005,-0.1420000046491623,-0.03199999779462814,-0.125,-0.13300000131130219,-0.19500000774860382,-0.1510000079870224,-0.09999999403953552,-0.09600000083446503,0.0,0.0,0.0,0.0,0.0,0.0,0.0,0.0,0.0,0.0,0.0,0.0,0.0,0.0,0.0,0.0,0.0,0.0,0.0,0.0,0.0,0.0,0.0
-0.05299999937415123,-0.17100000381469727,-0.17499999701976776,-0.15900000929832458,-0.3489999771118164,-0.3240000009536743,-0.2709999978542328,-0.22299998998641968,-0.2409999966621399,-0.3449999988079071,-0.39500001072883606,-0.4320000112056732,-0.43699997663497925,-0.3880000114440918,-0.3620000183582306,-0.4190000295639038,-0.3790000081062317,-0.1600000113248825,0.09399999678134918,-0.12000000476837158,-0.16300000250339508,-0.1379999965429306,-0.09399999678134918,-0.0559999980032444,0.0,0.0,0.0,0.0,0.0,0.0,0.0,0.0,0.0,0.0,0.0,0.0,0.0,0.0,0.0,0.0,0.0,0.0,0.0,0.0,0.0,0.0,0.0,0.0
0.0139999995008111,-0.10700000822544098,-0.22500000894069672,-0.23800000548362732,-0.17899999022483826,-0.21199999749660492,-0.31199997663497925,-0.29500001668930054,-0.3669999837875366,-0.37700000405311584,-0.406000018119812,-0.42100000381469727,-0.3970000147819519,-0.3530000150203705,-0.4089999794960022,-0.42899999022483826,-0.37400001287460327,-0.25,-0.13699999451637268,-0.12700000405311584,-0.09399999678134918,-0.07799999415874481,-0.0559999980032444,0.0,0.0,0.0,0.0,0.0,0.0,0.0,0.0,0.0,0.0,0.0,0.0,0.0,0.0,0.0,0.0,0.0,0.0,0.0,0.0,0.0,0.0,0.0,0.0,0.0
0.07899999618530273,0.0430000014603138,0.005000000353902578,-0.017999999225139618,0.008999999612569809,-0.041999999433755875,-0.1889999955892563,-0.3089999854564667,-0.4729999899864197,-0.34200000762939453,-0.14999999105930328,-0.20899999141693115,-0.35199999809265137,-0.26499998569488525,-0.11400000005960464,-0.05100000277161598,-0.023000000044703484,-0.08000000566244125,-0.26499998569488525,-0.12400000542402267,-0.028999999165534973,-0.0430000014603138,0.0,0.0,0.0,0.0,0.0,0.0,0.0,0.0,0.0,0.0,0.0,0.0,0.0,0.0,0.0,0.0,0.0,0.0,0.0,0.0,0.0,0.0,0.0,0.0,0.0,0.0
