data/wind13.json
{"header": { "parameterNumberName": "eastward_wind", "parameterUnit": "m.s-1", "parameterNumber": 2, "parameterCategory": 2, "nx": 121, "ny": 221, "numberPoints": 26741, "dx": 0.005000000000000071, "dy": 0.005000000000000006, "la1": -31.6, "lo1": 115.3, "la2": -32.7, "lo2": 115.9, "refTime": "2022-11-25 22:00:00" }, "data":
[rows 147 to 167 of 221, columns 0 to 47 of 121]
0.0,0.0,0.0,0.0,0.0,-1.027999997138977,-0.9900000095367432,-0.906000018119812,-0.8609999418258667,-0.8479999899864197,-0.753000020980835,-0.706000030040741,-0.6330000162124634,-0.7249999642372131,-0.7280000448226929,-0.6859999895095825,-0.6679999828338623,-0.7010000348091125,-0.7010000348091125,-0.7249999642372131,-0.7689999938011169,-0.8039999604225159,-0.8349999785423279,-0.8869999647140503,-0.6470000147819519,-0.3790000081062317,-0.5400000214576721,-0.6959999799728394,-0.847000002861023,-0.9600000381469727,-1.0729999542236328,-1.0509999990463257,-1.024999976158142,-1.0019999742507935,-1.0369999408721924,-1.1069999933242798,-1.1649999618530273,-1.1990000009536743,-1.027999997138977,-0.9040000438690186,-0.847000002861023,-0.746999979019165,-0.6660000085830688,-0.7109999656677246,-0.7680000066757202,-0.7710000276565552,-0.6629999876022339,-0.6029999852180481
0.0,0.0,0.0,0.0,0.0,-1.0119999647140503,-0.9589999914169312,-0.8649999499320984,-0.8259999752044678,-0.8209999799728394,-0.8240000009536743,-0.7890000343322754,-0.7389999628067017,-0.6949999928474426,-0.6620000600814819,-0.6190000176429749,-0.6119999885559082,-0.6490000486373901,-0.6729999780654907,-0.7010000348091125,-0.7519999742507935,-0.7940000295639038,-0.8340000510215759,-0.8899999856948853,-0.9810000061988831,-1.027999997138977,-0.9650000333786011,-1.0379999876022339,-1.0059999227523804,-0.9920000433921814,-0.9769999980926514,-0.956000030040741,-0.9380000233650208,-0.9340000152587891,-0.9480000138282776,-0.9950000047683716,-1.0369999408721924,-1.0720000267028809,-1.0679999589920044,-1.0670000314712524,-0.9830000400543213,-0.9549999833106995,-0.9420000314712524,-0.8299999833106995,-0.7890000343322754,-0.847000002861023,-0.7089999914169312,-0.5569999814033508
0.0,0.0,0.0,0.0,0.0,-0.996999979019165,-0.9350000619888306,-0.8450000286102295,-0.8070000410079956,-0.7989999651908875,-0.7660000324249268,-0.7240000367164612,-0.6430000066757202,-0.6010000109672546,-0.6159999966621399,-0.578000009059906,-0.5720000267028809,-0.6179999709129333,-0.6480000019073486,-0.6880000233650208,-0.7400000095367432,-0.781999945640564,-0.8179999589920044,-0.875,-0.9380000233650208,-0.9909999966621399,-0.9769999980926514,-0.9420000314712524,-0.9110000133514404,-0.9000000357627869,-0.9009999632835388,-0.9000000357627869,-0.8939999938011169,-0.8840000033378601,-0.9099999666213989,-0.8930000066757202,-0.9259999990463257,-0.9549999833106995,-0.9759999513626099,-0.9790000319480896,-0.9769999980926514,-0.9269999861717224,-0.9120000004768372,-0.7910000085830688,-0.75,-0.7109999656677246,-0.6610000133514404,-0.6440000534057617
0.0,0.0,0.0,0.0,0.0,-0.9830000400543213,-0.9130000472068787,-0.8240000009536743,-0.7879999876022339,-0.7789999842643738,-0.7379999756813049,-0.6830000281333923,-0.6019999980926514,-0.5789999961853027,-0.5900000333786011,-0.5329999923706055,-0.5119999647140503,-0.5609999895095825,-0.6040000319480896,-0.656000018119812,-0.6990000009536743,-0.7350000143051147,-0.7699999809265137,-0.8209999799728394,-0.875,-0.9110000133514404,-0.8860000371932983,-0.8680000305175781,-0.8550000190734863,-0.8550000190734863,-0.8560000658035278,-0.8759999871253967,-0.9179999828338623,-0.9679999947547913,-1.0210000276565552,-1.0119999647140503,-0.949999988079071,-0.8659999966621399,-0.8759999871253967,-0.8869999647140503,-0.8759999871253967,-0.784000039100647,-0.706000030040741,-0.7280000448226929,-0.6899999976158142,-0.6270000338554382,-0.6150000095367432,-0.6279999613761902
0.0,0.0,0.0,0.0,0.0,-0.9700000286102295,-0.8889999985694885,-0.8039999604225159,-0.7689999938011169,-0.7580000162124634,-0.7150000333786011,-0.6599999666213989,-0.5839999914169312,-0.5419999957084656,-0.48500001430511475,-0.42100000381469727,-0.4039999842643738,-0.47600001096725464,-0.5320000052452087,-0.593999981880188,-0.6419999599456787,-0.7150000333786011,-0.7890000343322754,-0.8289999961853027,-0.8090000152587891,-0.8420000076293945,-0.8299999833106995,-0.8169999718666077,-0.8299999833106995,-0.8759999871253967,-0.918999969959259,-0.9619999527931213,-1.0010000467300415,-1.0010000467300415,-1.0230000019073486,-1.055999994277954,-1.0759999752044678,-1.003999948501587,-0.9229999780654907,-0.8560000658035278,-0.8200000524520874,-0.8100000023841858,-0.6660000085830688,-0.5759999752044678,-0.5239999890327454,-0.4729999899864197,-0.5139999985694885,-0.531000018119812
0.0,0.0,0.0,0.0,0.0,-0.9490000009536743,-0.8600000143051147,-0.7769999504089355,-0.7300000190734863,-0.7020000219345093,-0.6610000133514404,-0.6150000095367432,-0.5550000071525574,-0.4819999933242798,-0.4280000329017639,-0.4560000002384186,-0.5080000162124634,-0.5849999785423279,-0.64000004529953,-0.6779999732971191,-0.777999997138977,-0.8519999980926514,-0.9179999828338623,-0.9660000205039978,-0.9440000057220459,-0.8959999680519104,-0.8700000047683716,-0.8880000114440918,-0.9309999942779541,-0.9700000286102295,-0.9850000143051147,-0.9769999980926514,-0.9679999947547913,-0.9610000252723694,-0.9769999980926514,-0.996999979019165,-1.0119999647140503,-1.0199999809265137,-1.0320000648498535,-0.9960000514984131,-0.9470000267028809,-0.8330000042915344,-0.7139999866485596,-0.5569999814033508,-0.4740000069141388,-0.5019999742507935,-0.47200000286102295,-0.4100000262260437
0.0,0.0,0.0,0.0,0.0,-0.9089999794960022,-0.8169999718666077,-0.7269999980926514,-0.6790000200271606,-0.6440000534057617,-0.6119999885559082,-0.5759999752044678,-0.5400000214576721,-0.593999981880188,-0.7129999995231628,-0.6840000152587891,-0.7089999914169312,-0.7890000343322754,-0.812999963760376,-0.8429999351501465,-0.8969999551773071,-0.9120000004768372,-0.9279999732971191,-0.9830000400543213,-1.0220000743865967,-1.0239999294281006,-0.9799999594688416,-0.9769999980926514,-0.9629999995231628,-0.956000030040741,-0.9459999799728394,-0.9369999766349792,-0.9279999732971191,-0.9179999828338623,-0.9210000038146973,-0.9380000233650208,-0.9430000185966492,-0.9509999752044678,-0.9480000138282776,-0.9359999895095825,-0.9120000004768372,-0.8240000009536743,-0.6790000200271606,-0.5770000219345093,-0.5879999995231628,-0.42899999022483826,-0.34299999475479126,-0.4479999840259552
0.0,0.0,0.0,0.0,0.0,-0.8659999966621399,-0.7699999809265137,-0.6779999732971191,-0.6029999852180481,-0.5509999990463257,-0.5209999680519104,-0.49400001764297485,-0.45100000500679016,-0.5220000147819519,-0.6340000033378601,-0.6260000467300415,-0.6759999990463257,-0.7549999952316284,-0.781999945640564,-0.8050000071525574,-0.8359999656677246,-0.8550000190734863,-0.8759999871253967,-0.9340000152587891,-0.9749999642372131,-0.9960000514984131,-0.9589999914169312,-0.9420000314712524,-0.9300000071525574,-0.9210000038146973,-0.9089999794960022,-0.8980000019073486,-0.8889999985694885,-0.8869999647140503,-0.9120000004768372,-0.9149999618530273,-0.8770000338554382,-0.8709999918937683,-0.8600000143051147,-0.8410000205039978,-0.7900000214576721,-0.7069999575614929,-0.6679999828338623,-0.6010000109672546,-0.5059999823570251,-0.38100001215934753,-0.414000004529953,-0.46299999952316284
0.0,0.0,0.0,0.0,0.0,-0.8169999718666077,-0.7190000414848328,-0.6209999918937683,-0.5400000214576721,-0.4569999873638153,-0.4350000023841858,-0.4050000011920929,-0.3540000021457672,-0.414000004529953,-0.5239999890327454,-0.546999990940094,-0.597000002861023,-0.6859999895095825,-0.7179999947547913,-0.7400000095367432,-0.7689999938011169,-0.7910000085830688,-0.812000036239624,-0.8789999485015869,-0.9279999732971191,-0.9539999961853027,-0.918999969959259,-0.9040000438690186,-0.8959999680519104,-0.8849999904632568,-0.871999979019165,-0.8730000257492065,-0.8789999485015869,-0.8910000324249268,-0.9210000038146973,-0.9480000138282776,-0.9200000166893005,-0.8539999723434448,-0.8020000457763672,-0.746999979019165,-0.687000036239624,-0.6520000100135803,-0.640999972820282,-0.6330000162124634,-0.5429999828338623,-0.5569999814033508,-0.5400000214576721,-0.44200000166893005
0.0,0.0,0.0,0.0,0.0,-0.7689999938011169,-0.675000011920929,-0.574999988079071,-0.45399999618530273,-0.3569999933242798,-0.32999998331069946,-0.29899999499320984,-0.27000001072883606,-0.3290000259876251,-0.4280000329017639,-0.46000000834465027,-0.5270000100135803,-0.6169999837875366,-0.6499999761581421,-0.6729999780654907,-0.6959999799728394,-0.7190000414848328,-0.7559999823570251,-0.8320000171661377,-0.8840000033378601,-0.9149999618530273,-0.878000020980835,-0.8640000224113464,-0.8680000305175781,-0.8680000305175781,-0.8690000176429749,-0.871999979019165,-0.8739999532699585,-0.8560000658035278,-0.8550000190734863,-0.8739999532699585,-0.8730000257492065,-0.8579999804496765,-0.8219999670982361,-0.7310000061988831,-0.6459999680519104,-0.6209999918937683,-0.6040000319480896,-0.6080000400543213,-0.6650000214576721,-0.6639999747276306,-0.5740000009536743,-0.5070000290870667
0.0,0.0,0.0,0.0,0.0,-0.7199999690055847,-0.6319999694824219,-0.5419999957084656,-0.41200000047683716,-0.27399998903274536,-0.23199999332427979,-0.1979999989271164,-0.1850000023841858,-0.24700000882148743,-0.3460000157356262,-0.3959999978542328,-0.46299999952316284,-0.5559999942779541,-0.593999981880188,-0.6169999837875366,-0.6490000486373901,-0.684999942779541,-0.7240000367164612,-0.812999963760376,-0.8690000176429749,-0.8950000405311584,-0.8560000658035278,-0.8510000109672546,-0.8630000352859497,-0.8649999499320984,-0.8529999852180481,-0.8370000123977661,-0.8259999752044678,-0.8050000071525574,-0.8100000023841858,-0.8230000138282776,-0.7929999828338623,-0.7580000162124634,-0.7179999947547913,-0.722000002861023,-0.6740000247955322,-0.6239999532699585,-0.5920000076293945,-0.6200000047683716,-0.6369999647140503,-0.625,-0.6299999952316284,-0.6010000109672546
0.0,0.0,0.0,0.0,0.0,-0.6779999732971191,-0.6069999933242798,-0.5209999680519104,-0.39399999380111694,-0.2630000114440918,-0.21199999749660492,-0.1679999977350235,-0.16699999570846558,-0.22699999809265137,-0.31800001859664917,-0.36899998784065247,-0.4350000023841858,-0.5239999890327454,-0.5600000023841858,-0.578000009059906,-0.6119999885559082,-0.6459999680519104,-0.6819999814033508,-0.7769999504089355,-0.8519999980926514,-0.8930000066757202,-0.8529999852180481,-0.8410000205039978,-0.8370000123977661,-0.8250000476837158,-0.8070000410079956,-0.7900000214576721,-0.7940000295639038,-0.7879999876022339,-0.7900000214576721,-0.8039999604225159,-0.7440000176429749,-0.6769999861717224,-0.5999999642372131,-0.5960000157356262,-0.5759999752044678,-0.5740000009536743,-0.6369999647140503,-0.6660000085830688,-0.6270000338554382,-0.5920000076293945,-0.6050000190734863,-0.5920000076293945
0.0,0.0,0.0,0.0,0.0,-0.6459999680519104,-0.5889999866485596,-0.531000018119812,-0.4039999842643738,-0.2630000114440918,-0.19600000977516174,-0.14100000262260437,-0.14499999582767487,-0.2019999921321869,-0.28700000047683716,-0.34200000762939453,-0.39800000190734863,-0.4819999933242798,-0.5149999856948853,-0.531000018119812,-0.5600000023841858,-0.590999960899353,-0.625,-0.7260000109672546,-0.8030000329017639,-0.8510000109672546,-0.8140000104904175,-0.7960000038146973,-0.7890000343322754,-0.7850000262260437,-0.781000018119812,-0.7749999761581421,-0.7800000309944153,-0.7739999890327454,-0.7699999809265137,-0.781999945640564,-0.7319999933242798,-0.6389999985694885,-0.5839999914169312,-0.550000011920929,-0.5149999856948853,-0.5180000066757202,-0.5820000171661377,-0.6319999694824219,-0.652999997138977,-0.6279999613761902,-0.5870000123977661,-0.5449999570846558
0.0,0.0,0.0,0.0,0.0,-0.6190000176429749,-0.5740000009536743,-0.5230000019073486,-0.4320000112056732,-0.29600000381469727,-0.2150000035762787,-0.1379999965429306,-0.13500000536441803,-0.18700000643730164,-0.2540000081062317,-0.3100000023841858,-0.36500000953674316,-0.4259999990463257,-0.4620000123977661,-0.47699999809265137,-0.5070000290870667,-0.5490000247955322,-0.5920000076293945,-0.6959999799728394,-0.7720000147819519,-0.8009999990463257,-0.7760000228881836,-0.7599999904632568,-0.7620000243186951,-0.7710000276565552,-0.7689999938011169,-0.7609999775886536,-0.7639999389648438,-0.7590000629425049,-0.746999979019165,-0.75,-0.7339999675750732,-0.7010000348091125,-0.6330000162124634,-0.5680000185966492,-0.5449999570846558,-0.562999963760376,-0.5659999847412109,-0.5690000057220459,-0.593999981880188,-0.6119999885559082,-0.597000002861023,-0.5759999752044678
0.0,0.0,0.0,0.0,0.0,-0.6040000319480896,-0.562999963760376,-0.5199999809265137,-0.4309999942779541,-0.32099997997283936,-0.2199999988079071,-0.14300000667572021,-0.14000000059604645,-0.17999999225139618,-0.25,-0.3059999942779541,-0.33100003004074097,-0.39000001549720764,-0.42100000381469727,-0.4359999895095825,-0.4780000150203705,-0.5209999680519104,-0.5720000267028809,-0.6779999732971191,-0.7599999904632568,-0.7850000262260437,-0.7649999856948853,-0.75,-0.7419999837875366,-0.7540000081062317,-0.7590000629425049,-0.75,-0.7480000257492065,-0.7339999675750732,-0.7129999995231628,-0.6940000057220459,-0.6779999732971191,-0.6610000133514404,-0.6679999828338623,-0.5979999899864197,-0.6179999709129333,-0.6150000095367432,-0.6010000109672546,-0.5740000009536743,-0.5440000295639038,-0.5389999747276306,-0.562999963760376,-0.5460000038146973
0.0,0.0,0.0,0.0,0.0,-0.6019999980926514,-0.5490000247955322,-0.5049999952316284,-0.4390000104904175,-0.3370000123977661,-0.24000000953674316,-0.164000004529953,-0.1720000058412552,-0.210999995470047,-0.2680000066757202,-0.2759999930858612,-0.2930000126361847,-0.3540000021457672,-0.3880000114440918,-0.4010000228881836,-0.43799999356269836,-0.47699999809265137,-0.5199999809265137,-0.6129999756813049,-0.6800000667572021,-0.7179999947547913,-0.7190000414848328,-0.7440000176429749,-0.7389999628067017,-0.746999979019165,-0.7480000257492065,-0.7240000367164612,-0.7120000123977661,-0.699999988079071,-0.6859999895095825,-0.6650000214576721,-0.621999979019165,-0.6110000014305115,-0.6360000371932983,-0.6310000419616699,-0.6830000281333923,-0.6700000166893005,-0.6319999694824219,-0.5809999704360962,-0.5609999895095825,-0.5429999828338623,-0.5449999570846558,-0.5139999985694885
0.0,0.0,0.0,0.0,0.0,-0.6290000081062317,-0.5600000023841858,-0.48399999737739563,-0.41999998688697815,-0.3370000123977661,-0.25,-0.1469999998807907,-0.1550000011920929,-0.1730000078678131,-0.20800000429153442,-0.22200000286102295,-0.23100000619888306,-0.28299999237060547,-0.3190000057220459,-0.3400000333786011,-0.3790000081062317,-0.4179999828338623,-0.4710000157356262,-0.5490000247955322,-0.6209999918937683,-0.6690000295639038,-0.7109999656677246,-0.7419999837875366,-0.7269999980926514,-0.7150000333786011,-0.7100000381469727,-0.6889999508857727,-0.6790000200271606,-0.6729999780654907,-0.6620000600814819,-0.6069999933242798,-0.5540000200271606,-0.550000011920929,-0.5720000267028809,-0.6369999647140503,-0.6589999794960022,-0.6759999990463257,-0.6790000200271606,-0.6340000033378601,-0.6019999980926514,-0.574999988079071,-0.5509999990463257,-0.5440000295639038
0.0,0.0,0.0,0.0,0.0,-0.6440000534057617,-0.5569999814033508,-0.4789999723434448,-0.3970000147819519,-0.3240000009536743,-0.22600001096725464,-0.07899999618530273,-0.08000000566244125,-0.09300000220537186,-0.1290000081062317,-0.14999999105930328,-0.16100001335144043,-0.20800000429153442,-0.24900001287460327,-0.27799999713897705,-0.3319999873638153,-0.3959999978542328,-0.4699999690055847,-0.5440000295639038,-0.6129999756813049,-0.6580000519752502,-0.6970000267028809,-0.7199999690055847,-0.6959999799728394,-0.6800000667572021,-0.675000011920929,-0.6610000133514404,-0.6499999761581421,-0.6470000147819519,-0.6570000052452087,-0.5960000157356262,-0.5119999647140503,-0.550000011920929,-0.6089999675750732,-0.6700000166893005,-0.6570000052452087,-0.6510000228881836,-0.6650000214576721,-0.6620000600814819,-0.6549999713897705,-0.6169999837875366,-0.6230000257492065,-0.7150000333786011
0.0,0.0,0.0,0.0,0.0,0.0,-0.5329999923706055,-0.44200000166893005,-0.35199999809265137,-0.296999990940094,-0.17499999701976776,-0.028999999165534973,-0.03100000135600567,0.0,-0.04100000113248825,-0.07600000500679016,-0.14000000059604645,-0.19600000977516174,-0.2370000034570694,-0.26499998569488525,-0.31700000166893005,-0.3830000162124634,-0.453000009059906,-0.5209999680519104,-0.5820000171661377,-0.6299999952316284,-0.6650000214576721,-0.6880000233650208,-0.6769999861717224,-0.6580000519752502,-0.6440000534057617,-0.6319999694824219,-0.6260000467300415,-0.6310000419616699,-0.6449999809265137,-0.6639999747276306,-0.590999960899353,-0.5820000171661377,-0.6629999876022339,-0.6909999847412109,-0.6650000214576721,-0.6490000486373901,-0.6380000114440918,-0.640999972820282,-0.6819999814033508,-0.6979999542236328,-0.7269999980926514,-0.7509999871253967
0.0,0.0,0.0,0.0,0.0,0.0,-0.5059999823570251,-0.4050000011920929,-0.3109999895095825,-0.28299999237060547,-0.17100000381469727,0.008999999612569809,0.06000000238418579,0.10400000214576721,0.023000000044703484,-0.06300000101327896,-0.13099999725818634,-0.17899999022483826,-0.21799999475479126,-0.24399998784065247,-0.28700000047683716,-0.34200000762939453,-0.41499999165534973,-0.48500001430511475,-0.5339999794960022,-0.5849999785423279,-0.6369999647140503,-0.6669999361038208,-0.6650000214576721,-0.6440000534057617,-0.6190000176429749,-0.6060000061988831,-0.5999999642372131,-0.6360000371932983,-0.6819999814033508,-0.7280000448226929,-0.7549999952316284,-0.7329999804496765,-0.6819999814033508,-0.6769999861717224,-0.6669999361038208,-0.6610000133514404,-0.6449999809265137,-0.640999972820282,-0.6419999599456787,-0.6779999732971191,-0.6940000057220459,-0.7319999933242798
0.0,0.0,0.0,0.0,0.0,0.0,-0.47699999809265137,-0.3659999966621399,-0.2529999911785126,-0.22600001096725464,-0.1420000046491623,0.035999998450279236,0.12799999117851257,0.13699999451637268,0.04399999976158142,-0.04399999976158142,-0.09100000560283661,-0.13500000536441803,-0.16899999976158142,-0.19900000095367432,-0.2409999966621399,-0.29600000381469727,-0.3790000081062317,-0.4650000035762787,-0.5160000324249268,-0.5659999847412109,-0.6260000467300415,-0.6539999842643738,-0.6599999666213989,-0.6459999680519104,-0.6040000319480896,-0.5879999995231628,-0.6360000371932983,-0.687000036239624,-0.7319999933242798,-0.7269999980926514,-0.6889999508857727,-0.6629999876022339,-0.6889999508857727,-0.6710000038146973,-0.6629999876022339,-0.6549999713897705,-0.640999972820282,-0.6459999680519104,-0.6419999599456787,-0.6150000095367432,-0.6230000257492065,-0.6930000185966492
