data/wind10.json
{"header": { "parameterNumberName": "eastward_wind", "parameterUnit": "m.s-1", "parameterNumber": 2, "parameterCategory": 2, "nx": 121, "ny": 221, "numberPoints": 26741, "dx": 0.005000000000000071, "dy": 0.005000000000000006, "la1": -31.6, "lo1": 115.3, "la2": -32.7, "lo2": 115.9, "refTime": "2022-11-25 16:00:00" }, "data":
[rows 176 to 197 of 221, columns 50 to 99 of 121]
1.281999945640564,1.1299999952316284,1.0199999809265137,0.9329999685287476,0.6930000185966492,0.3050000071525574,0.7209999561309814,1.2730000019073486,1.3910000324249268,1.222000002861023,0.9990000128746033,0.8020000457763672,0.0,0.9749999642372131,1.0679999589920044,1.1619999408721924,1.2030000686645508,1.2139999866485596,1.2369999885559082,1.246999979019165,1.2669999599456787,1.2980000972747803,1.3070000410079956,1.2899999618530273,1.309000015258789,1.2999999523162842,1.2139999866485596,1.1200000047683716,1.0469999313354492,0.9810000061988831,0.956000030040741,0.9420000314712524,0.9359999895095825,0.9839999675750732,1.0160000324249268,0.9319999814033508,0.7329999804496765,0.5339999794960022,0.34299999475479126,0.16899999976158142,0.0,0.0,0.0,0.0,0.0,0.0,0.0,0.0,0.0,0.0
0.8050000071525574,0.7010000348091125,0.6629999876022339,0.6520000100135803,0.6360000371932983,0.5130000114440918,0.796999990940094,1.034000039100647,1.2630000114440918,1.0490000247955322,0.8799999952316284,0.8059999942779541,0.0,1.0379999876022339,1.1510000228881836,1.2380000352859497,1.2989999055862427,1.334999918937683,1.3609999418258667,1.38100004196167,1.3959999084472656,1.3930000066757202,1.4279999732971191,1.4079999923706055,1.3459999561309814,1.2590000629425049,1.159000039100647,1.1029999256134033,1.0399999618530273,0.9589999914169312,0.9049999713897705,0.8829999566078186,0.9240000247955322,1.027999997138977,1.0419999361038208,0.8680000305175781,0.6589999794960022,0.4580000042915344,0.2680000066757202,0.0,0.0,0.0,0.0,0.0,0.0,0.0,0.0,0.0,0.0,0.0
0.8209999799728394,0.7900000214576721,0.781999945640564,0.7900000214576721,0.8100000023841858,0.7749999761581421,0.9619999527931213,1.2409999370574951,1.309000015258789,1.2179999351501465,1.1779999732971191,1.065999984741211,0.0,1.1230000257492065,1.2239999771118164,1.3050000667572021,1.3209999799728394,1.3590000867843628,1.3940000534057617,1.4240000247955322,1.4329999685287476,1.4129998683929443,1.465999960899353,1.4849998950958252,1.38100004196167,1.2559999227523804,1.1990000009536743,1.1080000400543213,1.0210000276565552,0.9229999780654907,0.8359999656677246,0.8169999718666077,0.8739999532699585,0.8959999680519104,0.8709999918937683,0.6440000534057617,0.44300001859664917,0.3089999854564667,0.17899999022483826,0.0,0.0,0.0,0.0,0.0,0.0,0.0,0.0,0.0,0.0,0.0
0.8899999856948853,0.9220000505447388,0.9399999380111694,0.9700000286102295,1.058000087738037,1.093000054359436,1.2569999694824219,1.319000005722046,1.4079999923706055,1.4259999990463257,1.3339998722076416,1.5429999828338623,1.7079999446868896,1.6670000553131104,1.4359999895095825,1.3050000667572021,1.2980000972747803,1.3539999723434448,1.3799999952316284,1.4049999713897705,1.3359999656677246,1.3320000171661377,1.3510000705718994,1.378999948501587,1.4059998989105225,1.3849999904632568,1.2330000400543213,1.1629999876022339,1.1069999933242798,1.0210000276565552,0.8789999485015869,0.7760000228881836,0.7980000376701355,0.7999999523162842,0.7100000381469727,0.5299999713897705,0.320000022649765,0.19699999690055847,0.0,0.0,0.0,0.0,0.0,0.0,0.0,0.0,0.0,0.0,0.0,0.0
1.0290000438690186,1.0870000123977661,1.1200000047683716,1.1740000247955322,1.2139999866485596,1.2569999694824219,1.2769999504089355,1.340000033378601,1.4470000267028809,1.5829999446868896,1.553999900817871,1.621999979019165,1.625,1.562999963760376,1.5440000295639038,1.4300000667572021,1.3830000162124634,1.3799999952316284,1.3660000562667847,1.3459999561309814,1.2450000047683716,1.2350000143051147,1.24399995803833,1.2699999809265137,1.3040000200271606,1.3240001201629639,1.2580000162124634,1.1549999713897705,1.1130000352859497,1.0419999361038208,0.9579999446868896,0.871999979019165,0.7480000257492065,0.6279999613761902,0.5579999685287476,0.5569999814033508,0.3139999806880951,0.08399999886751175,0.0,0.0,0.0,0.0,0.0,0.0,0.0,0.0,0.0,0.0,0.0,0.0
1.090999960899353,1.1230000257492065,1.159999966621399,1.194000005722046,1.215000033378601,1.2569999694824219,1.2999999523162842,1.3489999771118164,1.4480000734329224,1.5279998779296875,1.74399995803833,1.8799998760223389,1.5820000171661377,1.5479999780654907,1.468999981880188,1.4219999313354492,1.4040000438690186,1.371999979019165,1.334999918937683,1.2089999914169312,1.1159999370574951,1.1080000400543213,1.1740000247955322,1.2300000190734863,1.194000005722046,1.124000072479248,1.1349999904632568,1.1720000505447388,1.1319999694824219,0.9839999675750732,0.7980000376701355,0.6740000247955322,0.5490000247955322,0.4309999942779541,0.42899999022483826,0.41700002551078796,0.1679999977350235,-0.060999996960163116,0.0,0.0,0.0,0.0,0.0,0.0,0.0,0.0,0.0,0.0,0.0,0.0
1.1010000705718994,1.1339999437332153,1.1829999685287476,1.2259999513626099,1.25,1.287000060081482,1.3660000562667847,1.4100000858306885,1.409000039100647,1.4550000429153442,1.5549999475479126,1.7339999675750732,1.597999930381775,1.5829999446868896,1.3989999294281006,1.4210000038146973,1.38100004196167,1.3410000801086426,1.3459999561309814,1.3420000076293945,1.1689999103546143,1.1619999408721924,1.2200000286102295,1.1610000133514404,1.0679999589920044,1.0379999876022339,1.1759999990463257,1.2639999389648438,1.1119999885559082,0.847000002861023,0.6019999980926514,0.453000009059906,0.41600000858306885,0.3440000116825104,0.25999999046325684,0.2019999921321869,0.003000000026077032,0.0,0.0,0.0,0.0,0.0,0.0,0.0,0.0,0.0,0.0,0.0,0.0,0.0
1.124000072479248,1.1729999780654907,1.2259999513626099,1.2699999809265137,1.2989999055862427,1.3199999332427979,1.3590000867843628,1.375,1.3650000095367432,1.374000072479248,1.4160000085830688,1.503000020980835,1.500999927520752,1.4059998989105225,1.316999912261963,1.309999942779541,1.3079999685287476,1.3220000267028809,1.316999912261963,1.287000060081482,1.2549998760223389,1.3029999732971191,1.2950000762939453,1.1549999713897705,1.0410000085830688,1.1050000190734863,1.1890000104904175,1.1460000276565552,0.9000000357627869,0.6279999613761902,0.3569999933242798,0.25699999928474426,0.27799999713897705,0.2750000059604645,0.19099998474121094,0.07799999415874481,0.0,0.0,0.0,0.0,0.0,0.0,0.0,0.0,0.0,0.0,0.0,0.0,0.0,0.0
1.152999997138977,1.187999963760376,1.2200000286102295,1.2639999389648438,1.309999942779541,1.3489999771118164,1.3590000867843628,1.3569999933242798,1.36899995803833,1.378999948501587,1.3209999799728394,1.181999921798706,1.1629999876022339,1.190000057220459,1.2059999704360962,1.100000023841858,1.0859999656677246,1.1859999895095825,1.222000002861023,1.2030000686645508,1.2109999656677246,1.2860000133514404,1.2380000352859497,1.1420000791549683,1.2020000219345093,1.2139999866485596,1.0889999866485596,1.034999966621399,0.7139999866485596,0.33799999952316284,0.3070000112056732,0.0,0.0,0.15599998831748962,0.14900000393390656,0.0,0.0,0.0,0.0,0.0,0.0,0.0,0.0,0.0,0.0,0.0,0.0,0.0,0.0,0.0
1.1119999885559082,1.1440000534057617,1.1920000314712524,1.2369999885559082,1.2660000324249268,1.3040000200271606,1.2950000762939453,1.2929999828338623,1.3370000123977661,1.2999999523162842,1.2359999418258667,1.1410000324249268,1.1209999322891235,1.1150000095367432,1.0399999618530273,1.0,0.9839999675750732,1.0750000476837158,1.0809999704360962,1.1339999437332153,1.2510000467300415,1.2350000143051147,1.1490000486373901,1.2259999513626099,1.3389999866485596,1.2769999504089355,1.1269999742507935,0.9179999828338623,0.5799999833106995,0.4909999966621399,0.0,0.0,0.0,0.0,0.0,0.0,0.0,0.0,0.0,0.0,0.0,0.0,0.0,0.0,0.0,0.0,0.0,0.0,0.0,0.0
1.059000015258789,1.0859999656677246,1.125999927520752,1.1679999828338623,1.2070000171661377,1.1399999856948853,1.159999966621399,1.1929999589920044,1.2289999723434448,1.212999939918518,1.1540000438690186,1.0789999961853027,1.0829999446868896,1.058000087738037,1.0360000133514404,1.0119999647140503,1.0169999599456787,0.9909999966621399,1.0419999361038208,1.187999963760376,1.2269999980926514,1.1490000486373901,1.156999945640564,1.312000036239624,1.3480000495910645,1.2489999532699585,1.0469999313354492,0.7350000143051147,0.5080000162124634,0.0,0.0,0.0,0.0,0.0,0.0,0.0,0.0,0.0,0.0,0.0,0.0,0.0,0.0,0.0,0.0,0.0,0.0,0.0,0.0,0.0
0.9880000352859497,1.0199999809265137,1.0549999475479126,1.0109999179840088,0.9740000367164612,0.9020000100135803,0.9860000014305115,1.0440000295639038,1.0759999752044678,1.0469999313354492,1.0099999904632568,0.9799999594688416,0.996999979019165,0.9729999899864197,0.9300000071525574,0.9240000247955322,0.9020000100135803,0.9329999685287476,1.0980000495910645,1.2160000801086426,1.1480000019073486,1.1029999256134033,1.252000093460083,1.378999948501587,1.312999963760376,1.2089999914169312,0.8479999899864197,0.5080000162124634,0.0,0.0,0.0,0.0,0.0,0.0,0.0,0.0,0.0,0.0,0.0,0.0,0.0,0.0,0.0,0.0,0.0,0.0,0.0,0.0,0.0,0.0
0.9279999732971191,0.9300000071525574,0.8649999499320984,0.8190000057220459,0.7929999828338623,0.8070000410079956,0.8690000176429749,0.859000027179718,0.8680000305175781,0.8899999856948853,0.7289999723434448,0.8289999961853027,0.9440000057220459,0.6949999928474426,0.5669999718666077,0.6740000247955322,0.8380000591278076,1.003999948501587,1.152999997138977,1.1209999322891235,1.0720000267028809,1.1460000276565552,1.3160001039505005,1.25,1.1370000839233398,0.9449999928474426,0.621999979019165,0.4320000112056732,0.0,0.0,0.0,0.0,0.0,0.0,0.0,0.0,0.0,0.0,0.0,0.0,0.0,0.0,0.0,0.0,0.0,0.0,0.0,0.0,0.0,0.0
0.8609999418258667,0.7859999537467957,0.7199999690055847,0.7179999947547913,0.7100000381469727,0.7580000162124634,0.8070000410079956,0.7900000214576721,0.9679999947547913,0.715999960899353,0.5900000333786011,0.5770000219345093,0.6209999918937683,0.6319999694824219,0.6110000014305115,0.6979999542236328,0.906000018119812,1.0800000429153442,1.0570000410079956,1.027000069618225,1.1649999618530273,1.2109999656677246,1.215000033378601,1.0189999341964722,0.8240000009536743,0.6069999933242798,0.33399999141693115,0.0,0.0,0.0,0.0,0.0,0.0,0.0,0.0,0.0,0.0,0.0,0.0,0.0,0.0,0.0,0.0,0.0,0.0,0.0,0.0,0.0,0.0,0.0
0.8389999866485596,0.7190000414848328,0.6480000019073486,0.6660000085830688,0.7129999995231628,0.8050000071525574,0.7890000343322754,0.8959999680519104,0.7980000376701355,0.6499999761581421,0.5550000071525574,0.42399999499320984,0.5119999647140503,0.7450000047683716,0.7680000066757202,0.8039999604225159,0.9979999661445618,0.9650000333786011,0.9480000138282776,1.1010000705718994,1.2639999389648438,1.1710000038146973,0.7900000214576721,0.5550000071525574,0.4269999861717224,0.23600000143051147,0.0989999994635582,0.0,0.0,0.0,0.0,0.0,0.0,0.0,0.0,0.0,0.0,0.0,0.0,0.0,0.0,0.0,0.0,0.0,0.0,0.0,0.0,0.0,0.0,0.0
0.8359999656677246,0.8200000524520874,0.777999997138977,0.7460000514984131,0.7789999842643738,0.8529999852180481,0.9220000505447388,0.9449999928474426,0.7329999804496765,0.6299999952316284,0.4359999895095825,0.35199999809265137,0.5130000114440918,0.7540000081062317,0.9200000166893005,0.9549999833106995,0.8619999885559082,0.8380000591278076,1.0169999599456787,1.2669999599456787,1.1800000667572021,0.746999979019165,0.4039999842643738,0.289000004529953,0.15699999034404755,0.09800000488758087,0.0,0.0,0.0,0.0,0.0,0.0,0.0,0.0,0.0,0.0,0.0,0.0,0.0,0.0,0.0,0.0,0.0,0.0,0.0,0.0,0.0,0.0,0.0,0.0
0.847000002861023,0.9170000553131104,1.0160000324249268,0.9399999380111694,0.8149999976158142,0.8990000486373901,0.9610000252723694,0.8550000190734863,0.671999990940094,0.45499998331069946,0.28200000524520874,0.3779999911785126,0.5149999856948853,0.7549999952316284,1.0230000019073486,0.8259999752044678,0.6660000085830688,0.906000018119812,1.1959999799728394,1.1949999332427979,0.7949999570846558,0.35600000619888306,0.2329999953508377,0.11100000143051147,0.09700000286102295,0.0,0.0,0.0,0.0,0.0,0.0,0.0,0.0,0.0,0.0,0.0,0.0,0.0,0.0,0.0,0.0,0.0,0.0,0.0,0.0,0.0,0.0,0.0,0.0,0.0
1.0540000200271606,1.0540000200271606,0.9909999966621399,0.8230000138282776,0.8460000157356262,0.9369999766349792,0.8880000114440918,0.7980000376701355,0.5550000071525574,0.3139999806880951,0.3319999873638153,0.3709999918937683,0.5160000324249268,0.6380000114440918,0.781000018119812,0.7109999656677246,0.843999981880188,1.1230000257492065,1.1549999713897705,0.7960000038146973,0.4399999976158142,0.31300002336502075,0.18700000643730164,0.09600000083446503,0.0,0.0,0.0,0.0,0.0,0.0,0.0,0.0,0.0,0.0,0.0,0.0,0.0,0.0,0.0,0.0,0.0,0.0,0.0,0.0,0.0,0.0,0.0,0.0,0.0,0.0
1.2510000467300415,1.1790000200271606,0.9430000185966492,0.8160000443458557,0.8869999647140503,0.8869999647140503,0.8209999799728394,0.6899999976158142,0.48799997568130493,0.3830000162124634,0.3579999804496765,0.42100000381469727,0.453000009059906,0.5070000290870667,0.6050000190734863,0.8810000419616699,1.1180000305175781,0.9790000319480896,0.7900000214576721,0.5070000290870667,0.36400002241134644,0.23600000143051147,0.13199999928474426,0.0,0.0,0.0,0.0,0.0,0.0,0.0,0.0,0.0,0.0,0.0,0.0,0.0,0.0,0.0,0.0,0.0,0.0,0.0,0.0,0.0,0.0,0.0,0.0,0.0,0.0,0.0
1.3539999723434448,1.2059999704360962,0.9099999666213989,0.9619999527931213,1.0059999227523804,0.8950000405311584,0.7509999871253967,0.5929999947547913,0.5260000228881836,0.46299999952316284,0.4399999976158142,0.4919999837875366,0.4960000216960907,0.42399999499320984,0.5690000057220459,0.8990000486373901,1.1110000610351562,0.7800000309944153,0.5590000152587891,0.4359999895095825,0.29100000858306885,0.2070000022649765,0.0,0.0,0.0,0.0,0.0,0.0,0.0,0.0,0.0,0.0,0.0,0.0,0.0,0.0,0.0,0.0,0.0,0.0,0.0,0.0,0.0,0.0,0.0,0.0,0.0,0.0,0.0,0.0
1.4399999380111694,1.2569999694824219,1.1729999780654907,1.1699999570846558,1.059999942779541,0.9340000152587891,0.7660000324249268,0.6940000057220459,0.6290000081062317,0.5879999995231628,0.6200000047683716,0.6490000486373901,0.5889999866485596,0.5870000123977661,0.6710000038146973,0.8079999685287476,0.8020000457763672,0.5979999899864197,0.4860000014305115,0.36800000071525574,0.2459999918937683,0.0,0.0,0.0,0.0,0.0,0.0,0.0,0.0,0.0,0.0,0.0,0.0,0.0,0.0,0.0,0.0,0.0,0.0,0.0,0.0,0.0,0.0,0.0,0.0,0.0,0.0,0.0,0.0,0.0
1.5789999961853027,1.474000096321106,1.4290000200271606,1.343999981880188,1.1790000200271606,1.034000039100647,0.9009999632835388,0.9440000057220459,1.0090000629425049,0.9539999961853027,0.8630000352859497,0.8869999647140503,1.055999994277954,1.0390000343322754,1.1010000705718994,0.9979999661445618,0.5860000252723694,0.5799999833106995,0.5139999985694885,0.3020000159740448,0.0,0.0,0.0,0.0,0.0,0.0,0.0,0.0,0.0,0.0,0.0,0.0,0.0,0.0,0.0,0.0,0.0,0.0,0.0,0.0,0.0,0.0,0.0,0.0,0.0,0.0,0.0,0.0,0.0,0.0
