data/wind13.json
{"header": { "parameterNumberName": "eastward_wind", "parameterUnit": "m.s-1", "parameterNumber": 2, "parameterCategory": 2, "nx": 121, "ny": 221, "numberPoints": 26741, "dx": 0.005000000000000071, "dy": 0.005000000000000006, "la1": -31.6, "lo1": 115.3, "la2": -32.7, "lo2": 115.9, "refTime": "2022-11-25 22:00:00" }, "data":
[rows 126 to 146 of 221, columns 48 to 95 of 121]
-0.7310000061988831,-0.746999979019165,-0.7319999933242798,-0.6200000047683716,-0.5879999995231628,-0.6459999680519104,-0.5559999942779541,-0.3569999933242798,-0.2800000011920929,-0.3869999945163727,-0.4729999899864197,-0.40700000524520874,-0.22600001096725464,-0.01599999889731407,0.003999999724328518,-0.13199999928474426,-0.26899999380111694,-0.13899999856948853,0.00699999975040555,0.026000000536441803,0.07799999415874481,0.10599999874830246,0.13300000131130219,0.22699999809265137,0.2540000081062317,0.11900000274181366,0.017999999225139618,-0.12299999594688416,0.0,0.0,-0.0009999999310821295,-0.09100000560283661,-0.0279999990016222,-0.16699999570846558,-0.2239999920129776,-0.16899999976158142,-0.31300002336502075,-0.4789999723434448,-0.5889999866485596,-0.6040000319480896,-0.578000009059906,-0.4870000183582306,-0.21199999749660492,-0.0009999999310821295,0.0,0.0,0.0,0.0
-0.746999979019165,-0.7739999890327454,-0.7609999775886536,-0.6620000600814819,-0.6129999756813049,-0.6580000519752502,-0.6589999794960022,-0.5360000133514404,-0.43699997663497925,-0.4830000102519989,-0.5590000152587891,-0.5119999647140503,-0.3610000014305115,-0.14399999380111694,-0.010999999940395355,-0.1600000113248825,-0.27300000190734863,-0.19900000095367432,0.0009999999310821295,0.11500000208616257,0.07699999958276749,0.08000000566244125,0.1850000023841858,0.210999995470047,0.21299999952316284,0.12799999117851257,0.026000000536441803,-0.013000000268220901,0.0,0.0,0.0139999995008111,-0.04100000113248825,-0.038999997079372406,-0.0430000014603138,-0.09999999403953552,-0.1340000033378601,-0.41099998354911804,-0.5460000038146973,-0.6230000257492065,-0.6360000371932983,-0.5530000329017639,-0.4179999828338623,-0.27000001072883606,0.04000000283122063,0.0,0.0,0.0,0.0
-0.7199999690055847,-0.7460000514984131,-0.7050000429153442,-0.6819999814033508,-0.6150000095367432,-0.6069999933242798,-0.6200000047683716,-0.5690000057220459,-0.4749999940395355,-0.4749999940395355,-0.5260000228881836,-0.5070000290870667,-0.3929999768733978,-0.21400001645088196,0.028999999165534973,-0.05299999937415123,-0.19600000977516174,-0.25200000405311584,-0.023000000044703484,0.06700000166893005,0.0820000022649765,0.09700000286102295,0.13699999451637268,0.125,0.11800000071525574,0.0559999980032444,-0.0559999980032444,-0.02499999850988388,0.0,0.0,0.0,0.020000001415610313,0.02499999850988388,0.14399999380111694,0.0949999988079071,0.14000000059604645,-0.08100000023841858,-0.5080000162124634,-0.6100000143051147,-0.6050000190734863,-0.5550000071525574,-0.4690000116825104,-0.3569999933242798,0.19500000774860382,0.0,0.0,0.0,0.0
-0.5550000071525574,-0.6349999904632568,-0.6510000228881836,-0.6779999732971191,-0.6089999675750732,-0.5440000295639038,-0.5509999990463257,-0.5519999861717224,-0.4350000023841858,-0.38100001215934753,-0.4259999990463257,-0.42399999499320984,-0.335999995470047,-0.17899999022483826,0.05100000277161598,-0.03400000184774399,-0.25099998712539673,-0.2370000034570694,-0.1510000079870224,0.015000000596046448,0.057999998331069946,0.035999998450279236,0.0279999990016222,0.03500000014901161,0.07199999690055847,0.060999996960163116,-0.03800000250339508,-0.22500000894069672,-0.5870000123977661,-0.796999990940094,0.0,-0.07600000500679016,-0.4520000219345093,-0.1510000079870224,0.42500001192092896,0.46000000834465027,0.1940000057220459,-0.37599998712539673,-0.5699999928474426,-0.6419999599456787,-0.5540000200271606,-0.4479999840259552,-0.13199999928474426,0.0009999999310821295,0.0,0.0,0.0,0.0
-0.6270000338554382,-0.640999972820282,-0.6459999680519104,-0.6690000295639038,-0.597000002861023,-0.5249999761581421,-0.5479999780654907,-0.5640000104904175,-0.45499998331069946,-0.3449999988079071,-0.3630000054836273,-0.41999998688697815,-0.3610000014305115,-0.18400000035762787,0.003999999724328518,-0.0279999990016222,-0.2070000022649765,-0.23800000548362732,-0.26899999380111694,-0.13199999928474426,-0.006000000052154064,-0.052000001072883606,-0.21400001645088196,-0.07899999618530273,0.07000000029802322,0.0820000022649765,0.10499999672174454,-0.17000001668930054,-0.4440000057220459,-0.29500001668930054,-0.1720000058412552,0.007999999448657036,-0.04699999839067459,0.4100000262260437,0.13500000536441803,0.06700000166893005,0.4179999828338623,-0.4309999942779541,-0.5320000052452087,-0.49800002574920654,-0.550000011920929,-0.3540000021457672,-0.0989999994635582,-0.01599999889731407,0.0,0.0,0.0,0.0
-0.6679999828338623,-0.6889999508857727,-0.6880000233650208,-0.6549999713897705,-0.6169999837875366,-0.5690000057220459,-0.5530000329017639,-0.5809999704360962,-0.527999997138977,-0.40700000524520874,-0.35899999737739563,-0.4039999842643738,-0.3499999940395355,-0.17999999225139618,0.001999999862164259,0.03800000250339508,-0.15900000929832458,-0.23800000548362732,-0.2930000126361847,-0.2409999966621399,-0.12799999117851257,-0.16499999165534973,-0.22100000083446503,-0.14399999380111694,-0.03199999779462814,0.20500001311302185,0.29999998211860657,0.36500000953674316,0.1600000113248825,-0.07899999618530273,-0.1080000028014183,0.05100000277161598,0.01900000125169754,-0.006000000052154064,-0.13500000536441803,-0.11300000548362732,-0.1730000078678131,-0.1459999978542328,-0.1679999977350235,-0.3610000014305115,-0.3370000123977661,-0.34299999475479126,-0.026000000536441803,0.0,0.0,0.0,0.0,0.0
-0.6790000200271606,-0.699999988079071,-0.7100000381469727,-0.6949999928474426,-0.6620000600814819,-0.5860000252723694,-0.5299999713897705,-0.5699999928474426,-0.5669999718666077,-0.4580000042915344,-0.3869999945163727,-0.3370000123977661,-0.3319999873638153,-0.18200001120567322,0.026000000536441803,0.10400000214576721,-0.07000000029802322,-0.22200000286102295,-0.29500001668930054,-0.3489999771118164,-0.335999995470047,-0.1810000091791153,-0.10200000554323196,-0.12700000405311584,-0.028999999165534973,0.24399998784065247,0.4050000011920929,0.3929999768733978,0.31199997663497925,0.26600000262260437,0.31599998474121094,0.003999999724328518,0.10099999606609344,0.12400000542402267,0.044999998062849045,-0.2770000100135803,-0.3799999952316284,-0.25099998712539673,-0.2070000022649765,-0.22600001096725464,-0.1290000081062317,-0.001999999862164259,0.0,0.0,0.0,0.0,0.0,0.0
-0.6880000233650208,-0.6970000267028809,-0.7170000076293945,-0.6909999847412109,-0.6639999747276306,-0.6069999933242798,-0.550000011920929,-0.5080000162124634,-0.4560000002384186,-0.3970000147819519,-0.30300000309944153,-0.2849999964237213,-0.281000018119812,-0.18299999833106995,0.038999997079372406,0.18700000643730164,0.030000001192092896,-0.1850000023841858,-0.2580000162124634,-0.3370000123977661,-0.18400000035762787,-0.0820000022649765,-0.0139999995008111,0.054999999701976776,0.17800000309944153,0.19500000774860382,0.30799999833106995,0.2840000092983246,0.3479999899864197,0.1889999955892563,-0.20999999344348907,-0.38499999046325684,0.0,-0.08100000023841858,-0.18400000035762787,-0.46299999952316284,-0.47699999809265137,-0.453000009059906,-0.33399999141693115,-0.09100000560283661,0.015000000596046448,0.0,0.0,0.0,0.0,0.0,0.0,0.0
-0.6449999809265137,-0.6589999794960022,-0.7089999914169312,-0.6899999976158142,-0.6679999828338623,-0.6150000095367432,-0.531000018119812,-0.4399999976158142,-0.3720000088214874,-0.3530000150203705,-0.25099998712539673,-0.2590000033378601,-0.2370000034570694,-0.1730000078678131,0.024000000208616257,0.20899999141693115,0.14999999105930328,-0.06700000166893005,-0.17499999701976776,-0.16200000047683716,-0.08999999612569809,-0.07699999958276749,-0.04999999701976776,0.030000001192092896,0.03199999779462814,0.09399999678134918,0.06399999558925629,0.2239999920129776,0.21799999475479126,-0.08299999684095383,0.0,0.0,-0.31800001859664917,-0.6440000534057617,-0.6190000176429749,-0.3479999899864197,-0.21199999749660492,-0.210999995470047,-0.2840000092983246,-0.16100001335144043,0.0,0.0,0.0,0.0,0.0,0.0,0.0,0.0
-0.6169999837875366,-0.6270000338554382,-0.6840000152587891,-0.6729999780654907,-0.6209999918937683,-0.5699999928474426,-0.5440000295639038,-0.5400000214576721,-0.414000004529953,-0.39000001549720764,-0.2930000126361847,-0.2619999945163727,-0.27000001072883606,-0.25999999046325684,-0.1119999960064888,0.10400000214576721,0.16100001335144043,0.13699999451637268,0.03700000047683716,-0.14900000393390656,-0.09399999678134918,-0.06399999558925629,-0.06499999761581421,-0.006000000052154064,-0.08900000154972076,-0.0559999980032444,-0.1290000081062317,-0.07899999618530273,-0.1730000078678131,-0.06399999558925629,-0.06399999558925629,0.0,0.0,0.13500000536441803,0.14800000190734863,0.23399999737739563,0.18299999833106995,0.035999998450279236,0.0,0.0,0.0,0.0,0.0,0.0,0.0,0.0,0.0,0.0
-0.5730000138282776,-0.5740000009536743,-0.6159999966621399,-0.6459999680519104,-0.6349999904632568,-0.5929999947547913,-0.5559999942779541,-0.5009999871253967,-0.4830000102519989,-0.45100000500679016,-0.40800002217292786,-0.37400001287460327,-0.36800000071525574,-0.3779999911785126,-0.27399998903274536,0.04999999701976776,0.23100000619888306,0.16100001335144043,0.07400000095367432,-0.07699999958276749,-0.08000000566244125,-0.010999999940395355,-0.017000000923871994,-0.05700000002980232,-0.15699999034404755,-0.17899999022483826,-0.17100000381469727,-0.15299999713897705,-0.1080000028014183,-0.032999999821186066,-0.10499999672174454,-0.044999998062849045,0.024000000208616257,0.0,0.0,0.0,0.0,0.0,0.0,0.0,0.0,0.0,0.0,0.0,0.0,0.0,0.0,0.0
-0.7010000348091125,-0.6010000109672546,-0.5189999938011169,-0.5920000076293945,-0.5989999771118164,-0.5400000214576721,-0.4899999797344208,-0.47699999809265137,-0.48799997568130493,-0.4659999907016754,-0.45899999141693115,-0.41600000858306885,-0.3970000147819519,-0.3790000081062317,-0.30400002002716064,-0.0139999995008111,0.23199999332427979,0.2150000035762787,0.15299999713897705,-0.060999996960163116,-0.14100000262260437,-0.03700000047683716,-0.15799999237060547,-0.33899998664855957,-0.17599999904632568,-0.19600000977516174,-0.04399999976158142,-0.11300000548362732,-0.09300000220537186,-0.14900000393390656,-0.023000000044703484,-0.020999999716877937,0.005000000353902578,0.0,0.0,0.0,0.0,0.0,0.0,0.0,0.0,0.0,0.0,0.0,0.0,0.0,0.0,0.0
-0.5830000042915344,-0.5080000162124634,-0.4449999928474426,-0.4830000102519989,-0.49800002574920654,-0.48799997568130493,-0.45899999141693115,-0.4440000057220459,-0.4399999976158142,-0.40800002217292786,-0.4089999794960022,-0.37300002574920654,-0.35899999737739563,-0.33899998664855957,-0.3059999942779541,-0.10599999874830246,0.23600000143051147,0.24300000071525574,0.14499999582767487,0.00699999975040555,-0.23499998450279236,-0.18299999833106995,-0.35899999737739563,-0.24199999868869781,-0.4300000071525574,-0.06499999761581421,0.06200000271201134,0.09200000017881393,0.07000000029802322,0.003999999724328518,-0.024000000208616257,0.041999999433755875,0.05100000277161598,0.0,0.0,0.0,0.0,0.0,0.0,0.0,0.0,0.0,0.0,0.0,0.0,0.0,0.0,0.0
-0.47600001096725464,-0.46299999952316284,-0.453000009059906,-0.41200000047683716,-0.42100000381469727,-0.4259999990463257,-0.4320000112056732,-0.41700002551078796,-0.406000018119812,-0.3999999761581421,-0.39900001883506775,-0.3799999952316284,-0.3569999933242798,-0.33799999952316284,-0.36800000071525574,-0.15599998831748962,0.1850000023841858,0.2329999953508377,0.04699999839067459,-0.11699999868869781,-0.3009999990463257,-0.2879999876022339,-0.2239999920129776,-0.19699999690055847,-0.36400002241134644,-0.11900000274181366,0.057999998331069946,0.2329999953508377,0.24700000882148743,0.2070000022649765,0.057999998331069946,0.028999999165534973,0.003999999724328518,0.0,0.0,0.0,0.0,0.0,0.0,0.0,0.0,0.0,0.0,0.0,0.0,0.0,0.0,0.0
-0.4870000183582306,-0.4960000216960907,-0.5019999742507935,-0.4830000102519989,-0.4870000183582306,-0.5550000071525574,-0.5479999780654907,-0.4819999933242798,-0.4359999895095825,-0.43400001525878906,-0.45499998331069946,-0.46000000834465027,-0.4129999876022339,-0.33899998664855957,-0.21400001645088196,-0.11599999666213989,0.07600000500679016,0.26100000739097595,0.06599999964237213,-0.19300000369548798,-0.28299999237060547,-0.2619999945163727,-0.09700000286102295,-0.1290000081062317,-0.07100000232458115,0.0139999995008111,-0.0279999990016222,0.06800000369548798,0.08900000154972076,0.049000002443790436,0.012000000104308128,0.0279999990016222,0.07000000029802322,0.0,0.0,0.0,0.0,0.0,0.0,0.0,0.0,0.0,0.0,0.0,0.0,0.0,0.0,0.0
-0.6349999904632568,-0.6310000419616699,-0.5889999866485596,-0.5710000395774841,-0.5400000214576721,-0.5080000162124634,-0.5040000081062317,-0.5239999890327454,-0.550000011920929,-0.5209999680519104,-0.5009999871253967,-0.5540000200271606,-0.5699999928474426,-0.5460000038146973,-0.36800000071525574,-0.24700000882148743,-0.038999997079372406,0.15399999916553497,0.1290000081062317,0.020999999716877937,-0.12600000202655792,-0.1850000023841858,-0.0139999995008111,0.010000000707805157,-0.12799999117851257,-0.1860000044107437,-0.20400001108646393,-0.02199999988079071,0.04399999976158142,0.05100000277161598,-0.010999999940395355,-0.006000000052154064,-0.013000000268220901,0.0,0.0,0.0,0.0,0.0,0.0,0.0,0.0,0.0,0.0,0.0,0.0,0.0,0.0,0.0
-0.6369999647140503,-0.597000002861023,-0.5249999761581421,-0.5569999814033508,-0.5889999866485596,-0.5550000071525574,-0.5049999952316284,-0.48500001430511475,-0.4780000150203705,-0.45499998331069946,-0.48399999737739563,-0.49300000071525574,-0.453000009059906,-0.4179999828338623,-0.38100001215934753,-0.2669999897480011,-0.03100000135600567,0.09800000488758087,0.25999999046325684,0.26100000739097595,0.15399999916553497,-0.06599999964237213,-0.13099999725818634,-0.03500000014901161,-0.09600000083446503,-0.1730000078678131,-0.25699999928474426,-0.07899999618530273,0.08699999749660492,0.10400000214576721,-0.07699999958276749,-0.2630000114440918,-0.06499999761581421,0.08100000023841858,0.11400000005960464,0.09100000560283661,0.11400000005960464,0.05299999937415123,0.0,0.0,0.0,0.0,0.0,0.0,0.0,0.0,0.0,0.0
-0.5509999990463257,-0.5770000219345093,-0.6010000109672546,-0.6190000176429749,-0.6019999980926514,-0.5999999642372131,-0.5900000333786011,-0.5640000104904175,-0.5360000133514404,-0.4960000216960907,-0.4100000262260437,-0.390999972820282,-0.3009999990463257,-0.37700000405311584,-0.38600000739097595,-0.27399998903274536,-0.010999999940395355,0.18400000035762787,0.36899998784065247,0.39000001549720764,0.2980000078678131,0.003000000026077032,-0.020999999716877937,0.044999998062849045,-0.05100000277161598,-0.13699999451637268,-0.20899999141693115,-0.09800000488758087,0.15799999237060547,0.1340000033378601,0.17499999701976776,0.07400000095367432,-0.06200000271201134,-0.026000000536441803,0.0139999995008111,0.01599999889731407,-0.015000000596046448,-0.023000000044703484,0.007999999448657036,0.0279999990016222,0.0,0.0,0.0,0.0,0.0,0.0,0.0,0.0
-0.5740000009536743,-0.6089999675750732,-0.640999972820282,-0.6449999809265137,-0.6129999756813049,-0.5720000267028809,-0.5460000038146973,-0.5170000195503235,-0.4950000047683716,-0.4789999723434448,-0.41700002551078796,-0.4179999828338623,-0.4010000228881836,-0.39800000190734863,-0.42500001192092896,-0.2580000162124634,0.006000000052154064,0.2639999985694885,0.4190000295639038,0.3920000195503235,0.2370000034570694,0.06300000101327896,0.0689999982714653,0.13099999725818634,0.11699999868869781,0.020000001415610313,-0.00699999975040555,-0.04999999701976776,0.15699999034404755,0.320000022649765,0.3840000033378601,0.16100001335144043,-0.1459999978542328,-0.12700000405311584,-0.04100000113248825,-0.017000000923871994,-0.0949999988079071,-0.15699999034404755,-0.12999999523162842,-0.012000000104308128,0.0,0.0,0.0,0.0,0.0,0.0,0.0,0.0
-0.6270000338554382,-0.6520000100135803,-0.6599999666213989,-0.6190000176429749,-0.5659999847412109,-0.5440000295639038,-0.49300000071525574,-0.4440000057220459,-0.414000004529953,-0.39800000190734863,-0.39900001883506775,-0.41600000858306885,-0.4520000219345093,-0.45899999141693115,-0.4230000078678131,-0.296999990940094,-0.06200000271201134,0.1770000010728836,0.328000009059906,0.5230000019073486,0.4440000057220459,0.23800000548362732,0.11300000548362732,0.1469999998807907,0.16100001335144043,0.10099999606609344,0.0949999988079071,0.14100000262260437,0.23199999332427979,0.33500000834465027,0.3319999873638153,0.19200000166893005,0.17399999499320984,0.04000000283122063,-0.06000000238418579,-0.13500000536441803,-0.2750000059604645,-0.28200000524520874,-0.30300000309944153,-0.08799999952316284,-0.0,0.0,0.0,0.0,0.0,0.0,0.0,0.0
-0.6179999709129333,-0.6299999952316284,-0.5950000286102295,-0.5530000329017639,-0.5220000147819519,-0.4789999723434448,-0.46399998664855957,-0.4190000295639038,-0.38499999046325684,-0.3929999768733978,-0.40299999713897705,-0.4309999942779541,-0.46000000834465027,-0.46399998664855957,-0.4050000011920929,-0.41200000047683716,-0.24700000882148743,0.03100000135600567,0.24900001287460327,0.36400002241134644,0.32099997997283936,0.1459999978542328,0.04800000041723251,-0.010999999940395355,0.03199999779462814,0.09600000083446503,-0.026000000536441803,0.16499999165534973,0.17599999904632568,0.10300000011920929,0.10899999737739563,0.23199999332427979,0.17499999701976776,0.041999999433755875,-0.08900000154972076,-0.22100000083446503,-0.28200000524520874,-0.3409999907016754,-0.30799999833106995,-0.2329999953508377,0.012000000104308128,0.0,0.0,0.0,0.0,0.0,0.0,0.0
